{
    "animation": [
        {
            "name": "Root",
            "time": [0.0, 0.0167, 0.0333, 0.05, 0.0667, 0.0833, 0.1, 0.1167, 0.1333, 0.15, 0.1667, 0.1833, 0.2, 0.2167, 0.2333, 0.25, 0.2667, 0.2833, 0.3, 0.3167, 0.3333, 0.35, 0.3667, 0.3833, 0.4, 0.4167, 0.4333, 0.45, 0.4667, 0.4833, 0.5, 0.5167, 0.5333, 0.55, 0.5667, 0.5833, 0.6, 0.6167, 0.6333, 0.65, 0.6667, 0.6833, 0.7, 0.7167, 0.7333, 0.75, 0.7667, 0.7833, 0.8, 0.8167, 0.8333, 0.85, 0.8667, 0.8833, 0.9, 0.9167, 0.9333, 0.95, 0.9667, 0.9833, 1.0, 1.0167, 1.0333, 1.05, 1.0667, 1.0833, 1.1, 1.1167, 1.1333, 1.15, 1.1667, 1.1833, 1.2, 1.2167, 1.2333, 1.25, 1.2667, 1.2833, 1.3, 1.3167, 1.3333, 1.35, 1.3667],
            "transform": [
                [-0.0, 0.0, 1.0, -2.2e-05, 1.0, -0.0, 0.0, 4.1e-05, 0.0, 1.0, -0.0, 0.59048, 0.0, 0.0, 0.0, 1.0],
                [-0.0, 0.0, 1.0, -2.2e-05, 1.0, -0.0, 0.0, 4.1e-05, 0.0, 1.0, -0.0, 0.59048, 0.0, 0.0, 0.0, 1.0],
                [-0.0, 0.0, 1.0, -2.2e-05, 1.0, -0.0, 0.0, 4.1e-05, 0.0, 1.0, -0.0, 0.59048, 0.0, 0.0, 0.0, 1.0],
                [-0.0, 0.0, 1.0, -2.2e-05, 1.0, -0.0, 0.0, 4.1e-05, 0.0, 1.0, -0.0, 0.571488, 0.0, 0.0, 0.0, 1.0],
                [-0.0, 0.0, 1.0, -2.2e-05, 1.0, -0.0, 0.0, 4.1e-05, 0.0, 1.0, -0.0, 0.552496, 0.0, 0.0, 0.0, 1.0],
                [-0.0, 0.0, 1.0, -2.2e-05, 1.0, -0.0, 0.0, 4.1e-05, 0.0, 1.0, -0.0, 0.533504, 0.0, 0.0, 0.0, 1.0],
                [-0.0, 0.0, 1.0, -2.2e-05, 1.0, -0.0, 0.0, 4.1e-05, 0.0, 1.0, -0.0, 0.514511, 0.0, 0.0, 0.0, 1.0],
                [-0.0, 0.0, 1.0, -2.2e-05, 1.0, -0.0, 0.0, 4.1e-05, 0.0, 1.0, -0.0, 0.495519, 0.0, 0.0, 0.0, 1.0],
                [-0.0, 0.0, 1.0, -2.2e-05, 1.0, -0.0, 0.0, 4.1e-05, 0.0, 1.0, -0.0, 0.497356, 0.0, 0.0, 0.0, 1.0],
                [-0.0, 0.0, 1.0, -2.2e-05, 1.0, -0.0, 0.0, 0.113425, 0.0, 1.0, -0.0, 0.499192, 0.0, 0.0, 0.0, 1.0],
                [-0.0, 0.0, 1.0, -2.2e-05, 1.0, -0.0, 0.0, 0.22681, 0.0, 1.0, -0.0, 0.501028, 0.0, 0.0, 0.0, 1.0],
                [-0.0, 0.0, 1.0, -2.2e-05, 1.0, -0.0, 0.0, 0.340194, 0.0, 1.0, -0.0, 0.502864, 0.0, 0.0, 0.0, 1.0],
                [-0.0, 0.0, 1.0, -2.2e-05, 1.0, -0.0, 0.0, 0.453578, 0.0, 1.0, -0.0, 0.504701, 0.0, 0.0, 0.0, 1.0],
                [-0.0, 0.0, 1.0, -2.2e-05, 1.0, -0.0, 0.0, 0.566962, 0.0, 1.0, -0.0, 0.506537, 0.0, 0.0, 0.0, 1.0],
                [-0.0, 0.0, 1.0, -2.2e-05, 1.0, -0.0, 0.0, 0.680346, 0.0, 1.0, -0.0, 0.508373, 0.0, 0.0, 0.0, 1.0],
                [-0.0, 0.0, 1.0, -2.2e-05, 1.0, -0.0, 0.0, 0.793731, 0.0, 1.0, -0.0, 0.51021, 0.0, 0.0, 0.0, 1.0],
                [-0.0, 0.0, 1.0, -2.2e-05, 1.0, -0.0, 0.0, 0.907115, 0.0, 1.0, -0.0, 0.512046, 0.0, 0.0, 0.0, 1.0],
                [-0.0, 0.0, 1.0, -2.2e-05, 1.0, -0.0, 0.0, 0.907101, 0.0, 1.0, -0.0, 0.513882, 0.0, 0.0, 0.0, 1.0],
                [-0.0, 0.0, 1.0, -2.2e-05, 1.0, -0.0, 0.0, 0.907088, 0.0, 1.0, -0.0, 0.515718, 0.0, 0.0, 0.0, 1.0],
                [-0.0, 0.0, 1.0, -2.2e-05, 1.0, -0.0, 0.0, 0.907075, 0.0, 1.0, -0.0, 0.51478, 0.0, 0.0, 0.0, 1.0],
                [-0.0, 0.0, 1.0, -2.2e-05, 1.0, -0.0, 0.0, 0.907061, 0.0, 1.0, -0.0, 0.513842, 0.0, 0.0, 0.0, 1.0],
                [-0.0, 0.0, 1.0, -2.2e-05, 1.0, -0.0, 0.0, 0.907048, 0.0, 1.0, -0.0, 0.512905, 0.0, 0.0, 0.0, 1.0],
                [-0.0, 0.0, 1.0, -2.2e-05, 1.0, -0.0, 0.0, 0.907035, 0.0, 1.0, -0.0, 0.511967, 0.0, 0.0, 0.0, 1.0],
                [-0.0, 0.0, 1.0, -2.2e-05, 1.0, -0.0, 0.0, 0.907021, 0.0, 1.0, -0.0, 0.511029, 0.0, 0.0, 0.0, 1.0],
                [-0.0, 0.0, 1.0, -2.2e-05, 1.0, -0.0, 0.0, 0.907008, 0.0, 1.0, -0.0, 0.510091, 0.0, 0.0, 0.0, 1.0],
                [-0.0, 0.0, 1.0, -2.2e-05, 1.0, -0.0, 0.0, 0.906995, 0.0, 1.0, -0.0, 0.509153, 0.0, 0.0, 0.0, 1.0],
                [-0.0, 0.0, 1.0, -2.2e-05, 1.0, -0.0, 0.0, 0.906981, 0.0, 1.0, -0.0, 0.508215, 0.0, 0.0, 0.0, 1.0],
                [-0.0, 0.0, 1.0, -2.2e-05, 1.0, -0.0, 0.0, 0.906968, 0.0, 1.0, -0.0, 0.507277, 0.0, 0.0, 0.0, 1.0],
                [-0.0, 0.0, 1.0, -2.2e-05, 1.0, -0.0, 0.0, 0.906955, 0.0, 1.0, -0.0, 0.506339, 0.0, 0.0, 0.0, 1.0],
                [-0.0, 0.0, 1.0, -2.2e-05, 1.0, -0.0, 0.0, 0.906941, 0.0, 1.0, -0.0, 0.505401, 0.0, 0.0, 0.0, 1.0],
                [-0.0, 0.0, 1.0, -2.2e-05, 1.0, -0.0, 0.0, 0.906928, 0.0, 1.0, -0.0, 0.504463, 0.0, 0.0, 0.0, 1.0],
                [-0.0, 0.0, 1.0, -2.2e-05, 1.0, -0.0, 0.0, 0.906915, 0.0, 1.0, -0.0, 0.503525, 0.0, 0.0, 0.0, 1.0],
                [-0.0, 0.0, 1.0, -2.2e-05, 1.0, -0.0, 0.0, 0.906901, 0.0, 1.0, -0.0, 0.502587, 0.0, 0.0, 0.0, 1.0],
                [-0.0, 0.0, 1.0, -2.2e-05, 1.0, -0.0, 0.0, 0.906888, 0.0, 1.0, -0.0, 0.501649, 0.0, 0.0, 0.0, 1.0],
                [-0.0, 0.0, 1.0, -2.2e-05, 1.0, -0.0, 0.0, 0.906875, 0.0, 1.0, -0.0, 0.500712, 0.0, 0.0, 0.0, 1.0],
                [-0.0, 0.0, 1.0, -2.2e-05, 1.0, -0.0, 0.0, 0.906861, 0.0, 1.0, -0.0, 0.501468, 0.0, 0.0, 0.0, 1.0],
                [-0.0, 0.0, 1.0, -2.2e-05, 1.0, -0.0, 0.0, 0.906848, 0.0, 1.0, -0.0, 0.502225, 0.0, 0.0, 0.0, 1.0],
                [-0.0, 0.0, 1.0, -2.2e-05, 1.0, -0.0, 0.0, 0.906835, 0.0, 1.0, -0.0, 0.502982, 0.0, 0.0, 0.0, 1.0],
                [-0.0, 0.0, 1.0, -2.2e-05, 1.0, -0.0, 0.0, 0.906821, 0.0, 1.0, -0.0, 0.503738, 0.0, 0.0, 0.0, 1.0],
                [-0.0, 0.0, 1.0, -2.2e-05, 1.0, -0.0, 0.0, 0.906808, 0.0, 1.0, -0.0, 0.504495, 0.0, 0.0, 0.0, 1.0],
                [-0.0, 0.0, 1.0, -2.2e-05, 1.0, -0.0, 0.0, 0.906795, 0.0, 1.0, -0.0, 0.505252, 0.0, 0.0, 0.0, 1.0],
                [-0.0, 0.0, 1.0, -2.2e-05, 1.0, -0.0, 0.0, 0.906781, 0.0, 1.0, -0.0, 0.506009, 0.0, 0.0, 0.0, 1.0],
                [-0.0, 0.0, 1.0, -2.2e-05, 1.0, -0.0, 0.0, 0.906768, 0.0, 1.0, -0.0, 0.506765, 0.0, 0.0, 0.0, 1.0],
                [-0.0, 0.0, 1.0, -2.2e-05, 1.0, -0.0, 0.0, 0.906755, 0.0, 1.0, -0.0, 0.507522, 0.0, 0.0, 0.0, 1.0],
                [-0.0, 0.0, 1.0, -2.2e-05, 1.0, -0.0, 0.0, 0.906741, 0.0, 1.0, -0.0, 0.508279, 0.0, 0.0, 0.0, 1.0],
                [-0.0, 0.0, 1.0, -2.2e-05, 1.0, -0.0, 0.0, 0.906728, 0.0, 1.0, -0.0, 0.509035, 0.0, 0.0, 0.0, 1.0],
                [-0.0, 0.0, 1.0, -2.2e-05, 1.0, -0.0, 0.0, 0.906715, 0.0, 1.0, -0.0, 0.509792, 0.0, 0.0, 0.0, 1.0],
                [-0.0, 0.0, 1.0, -2.2e-05, 1.0, -0.0, 0.0, 0.906701, 0.0, 1.0, -0.0, 0.510549, 0.0, 0.0, 0.0, 1.0],
                [-0.0, 0.0, 1.0, -2.2e-05, 1.0, -0.0, 0.0, 0.906688, 0.0, 1.0, -0.0, 0.511305, 0.0, 0.0, 0.0, 1.0],
                [-0.0, 0.0, 1.0, -2.2e-05, 1.0, -0.0, 0.0, 0.906675, 0.0, 1.0, -0.0, 0.512062, 0.0, 0.0, 0.0, 1.0],
                [-0.0, 0.0, 1.0, -2.2e-05, 1.0, -0.0, 0.0, 0.906661, 0.0, 1.0, -0.0, 0.512819, 0.0, 0.0, 0.0, 1.0],
                [-0.0, 0.0, 1.0, -2.2e-05, 1.0, -0.0, 0.0, 0.906648, 0.0, 1.0, -0.0, 0.513576, 0.0, 0.0, 0.0, 1.0],
                [-0.0, 0.0, 1.0, -2.2e-05, 1.0, -0.0, 0.0, 0.906635, 0.0, 1.0, -0.0, 0.514332, 0.0, 0.0, 0.0, 1.0],
                [-0.0, 0.0, 1.0, -2.2e-05, 1.0, -0.0, 0.0, 0.906621, 0.0, 1.0, -0.0, 0.515888, 0.0, 0.0, 0.0, 1.0],
                [-0.0, 0.0, 1.0, -2.2e-05, 1.0, -0.0, 0.0, 0.906608, 0.0, 1.0, -0.0, 0.517443, 0.0, 0.0, 0.0, 1.0],
                [-0.0, 0.0, 1.0, -2.2e-05, 1.0, -0.0, 0.0, 0.906595, 0.0, 1.0, -0.0, 0.518998, 0.0, 0.0, 0.0, 1.0],
                [-0.0, 0.0, 1.0, -2.2e-05, 1.0, -0.0, 0.0, 0.906581, 0.0, 1.0, -0.0, 0.520554, 0.0, 0.0, 0.0, 1.0],
                [-0.0, 0.0, 1.0, -2.2e-05, 1.0, -0.0, 0.0, 0.906568, 0.0, 1.0, -0.0, 0.522109, 0.0, 0.0, 0.0, 1.0],
                [-0.0, 0.0, 1.0, -2.2e-05, 1.0, -0.0, 0.0, 0.906555, 0.0, 1.0, -0.0, 0.523664, 0.0, 0.0, 0.0, 1.0],
                [-0.0, 0.0, 1.0, -2.2e-05, 1.0, -0.0, 0.0, 0.906541, 0.0, 1.0, -0.0, 0.52522, 0.0, 0.0, 0.0, 1.0],
                [-0.0, 0.0, 1.0, -2.2e-05, 1.0, -0.0, 0.0, 0.906528, 0.0, 1.0, -0.0, 0.526775, 0.0, 0.0, 0.0, 1.0],
                [-0.0, 0.0, 1.0, -2.2e-05, 1.0, -0.0, 0.0, 0.906515, 0.0, 1.0, -0.0, 0.52833, 0.0, 0.0, 0.0, 1.0],
                [-0.0, 0.0, 1.0, -2.2e-05, 1.0, -0.0, 0.0, 0.906501, 0.0, 1.0, -0.0, 0.529886, 0.0, 0.0, 0.0, 1.0],
                [-0.0, 0.0, 1.0, -2.2e-05, 1.0, -0.0, 0.0, 0.906488, 0.0, 1.0, -0.0, 0.531441, 0.0, 0.0, 0.0, 1.0],
                [-0.0, 0.0, 1.0, -2.2e-05, 1.0, -0.0, 0.0, 0.906475, 0.0, 1.0, -0.0, 0.538001, 0.0, 0.0, 0.0, 1.0],
                [-0.0, 0.0, 1.0, -2.2e-05, 1.0, -0.0, 0.0, 0.906461, 0.0, 1.0, -0.0, 0.544561, 0.0, 0.0, 0.0, 1.0],
                [-0.0, 0.0, 1.0, -2.2e-05, 1.0, -0.0, 0.0, 0.906448, 0.0, 1.0, -0.0, 0.551121, 0.0, 0.0, 0.0, 1.0],
                [-0.0, 0.0, 1.0, -2.2e-05, 1.0, -0.0, 0.0, 0.906435, 0.0, 1.0, -0.0, 0.557681, 0.0, 0.0, 0.0, 1.0],
                [-0.0, 0.0, 1.0, -2.2e-05, 1.0, -0.0, 0.0, 0.906421, 0.0, 1.0, -0.0, 0.56424, 0.0, 0.0, 0.0, 1.0],
                [-0.0, 0.0, 1.0, -2.2e-05, 1.0, -0.0, 0.0, 0.906408, 0.0, 1.0, -0.0, 0.5708, 0.0, 0.0, 0.0, 1.0],
                [-0.0, 0.0, 1.0, -2.2e-05, 1.0, -0.0, 0.0, 0.906394, 0.0, 1.0, -0.0, 0.57736, 0.0, 0.0, 0.0, 1.0],
                [-0.0, 0.0, 1.0, -2.2e-05, 1.0, -0.0, 0.0, 0.906381, 0.0, 1.0, -0.0, 0.58392, 0.0, 0.0, 0.0, 1.0],
                [-0.0, 0.0, 1.0, -2.2e-05, 1.0, -0.0, 0.0, 0.906368, 0.0, 1.0, -0.0, 0.59048, 0.0, 0.0, 0.0, 1.0],
                [-0.0, 0.0, 1.0, -2.2e-05, 1.0, -0.0, 0.0, 0.906354, 0.0, 1.0, -0.0, 0.59048, 0.0, 0.0, 0.0, 1.0],
                [-0.0, 0.0, 1.0, -2.2e-05, 1.0, -0.0, 0.0, 0.906341, 0.0, 1.0, -0.0, 0.59048, 0.0, 0.0, 0.0, 1.0],
                [-0.0, 0.0, 1.0, -2.2e-05, 1.0, -0.0, 0.0, 0.906328, 0.0, 1.0, -0.0, 0.59048, 0.0, 0.0, 0.0, 1.0],
                [-0.0, 0.0, 1.0, -2.2e-05, 1.0, -0.0, 0.0, 0.906314, 0.0, 1.0, -0.0, 0.59048, 0.0, 0.0, 0.0, 1.0],
                [-0.0, 0.0, 1.0, -2.2e-05, 1.0, -0.0, 0.0, 0.906301, 0.0, 1.0, -0.0, 0.59048, 0.0, 0.0, 0.0, 1.0],
                [-0.0, 0.0, 1.0, -2.2e-05, 1.0, -0.0, 0.0, 0.906288, 0.0, 1.0, -0.0, 0.59048, 0.0, 0.0, 0.0, 1.0],
                [-0.0, 0.0, 1.0, -2.2e-05, 1.0, -0.0, 0.0, 0.906274, 0.0, 1.0, -0.0, 0.59048, 0.0, 0.0, 0.0, 1.0],
                [-0.0, 0.0, 1.0, -2.2e-05, 1.0, -0.0, 0.0, 0.906261, 0.0, 1.0, -0.0, 0.59048, 0.0, 0.0, 0.0, 1.0],
                [-0.0, 0.0, 1.0, -2.2e-05, 1.0, -0.0, 0.0, 0.906248, 0.0, 1.0, -0.0, 0.59048, 0.0, 0.0, 0.0, 1.0],
                [-0.0, 0.0, 1.0, -2.2e-05, 1.0, -0.0, 0.0, 0.906234, 0.0, 1.0, -0.0, 0.59048, 0.0, 0.0, 0.0, 1.0]
            ]
        },
        {
            "name": "Thigh_R",
            "time": [0.0, 0.0167, 0.0333, 0.05, 0.0667, 0.0833, 0.1, 0.1167, 0.1333, 0.15, 0.1667, 0.1833, 0.2, 0.2167, 0.2333, 0.25, 0.2667, 0.2833, 0.3, 0.3167, 0.3333, 0.35, 0.3667, 0.3833, 0.4, 0.4167, 0.4333, 0.45, 0.4667, 0.4833, 0.5, 0.5167, 0.5333, 0.55, 0.5667, 0.5833, 0.6, 0.6167, 0.6333, 0.65, 0.6667, 0.6833, 0.7, 0.7167, 0.7333, 0.75, 0.7667, 0.7833, 0.8, 0.8167, 0.8333, 0.85, 0.8667, 0.8833, 0.9, 0.9167, 0.9333, 0.95, 0.9667, 0.9833, 1.0, 1.0167, 1.0333, 1.05, 1.0667, 1.0833, 1.1, 1.1167, 1.1333, 1.15, 1.1667, 1.1833, 1.2, 1.2167, 1.2333, 1.25, 1.2667, 1.2833, 1.3, 1.3167, 1.3333, 1.35, 1.3667],
            "transform": [
                [0.446477, 0.207023, 0.870517, 0.07881, 0.185682, -0.973127, 0.136192, 0.058238, 0.875318, 0.100833, -0.472919, 0.084526, 0.0, 0.0, 0.0, 1.0],
                [0.448679, 0.24892, 0.858328, 0.083618, 0.182213, -0.965734, 0.184819, 0.059448, 0.874921, 0.073475, -0.478661, 0.083978, 0.0, 0.0, 0.0, 1.0],
                [0.464496, 0.326924, 0.823022, 0.088427, 0.175704, -0.944911, 0.276177, 0.060657, 0.86797, 0.016325, -0.496348, 0.08343, 0.0, 0.0, 0.0, 1.0],
                [0.48883, 0.427231, 0.760605, 0.093236, 0.18841, -0.903001, 0.386126, 0.061868, 0.851791, -0.045444, -0.521907, 0.082882, 0.0, 0.0, 0.0, 1.0],
                [0.505706, 0.545959, 0.667976, 0.098045, 0.236244, -0.832321, 0.50143, 0.063078, 0.82973, -0.095771, -0.549888, 0.082334, 0.0, 0.0, 0.0, 1.0],
                [0.486833, 0.646108, 0.587826, 0.102854, 0.300748, -0.755797, 0.581655, 0.064288, 0.820088, -0.106381, -0.562262, 0.081786, 0.0, 0.0, 0.0, 1.0],
                [0.430051, 0.705134, 0.563777, 0.107663, 0.353052, -0.706096, 0.613827, 0.065498, 0.83091, -0.064934, -0.552606, 0.081238, 0.0, 0.0, 0.0, 1.0],
                [0.364287, 0.723559, 0.586309, 0.090488, 0.377929, -0.690256, 0.617023, 0.081641, 0.851156, -0.00319, -0.524905, 0.077025, 0.0, 0.0, 0.0, 1.0],
                [0.29489, 0.723303, 0.6244, 0.073313, 0.366799, -0.689083, 0.625, 0.097784, 0.882326, 0.044724, -0.46851, 0.072813, 0.0, 0.0, 0.0, 1.0],
                [0.13579, 0.74642, 0.651475, -0.013492, 0.24729, -0.662288, 0.707264, 0.11566, 0.95938, 0.065064, -0.274514, 0.091045, 0.0, 0.0, 0.0, 1.0],
                [-0.095985, 0.73974, 0.666012, -0.100297, 0.09563, -0.659154, 0.745904, 0.133537, 0.990779, 0.135287, -0.007472, 0.109278, 0.0, 0.0, 0.0, 1.0],
                [-0.289629, 0.70999, 0.641896, -0.116706, -0.023814, -0.675778, 0.736721, 0.127478, 0.956843, 0.19809, 0.212632, 0.085466, 0.0, 0.0, 0.0, 1.0],
                [-0.412378, 0.679105, 0.607258, -0.133114, -0.096016, -0.695261, 0.712316, 0.121419, 0.90594, 0.235437, 0.351914, 0.061654, 0.0, 0.0, 0.0, 1.0],
                [-0.500451, 0.654559, 0.566659, -0.149523, -0.141235, -0.707475, 0.692483, 0.11536, 0.854168, 0.266523, 0.446502, 0.037841, 0.0, 0.0, 0.0, 1.0],
                [-0.560768, 0.633686, 0.5329, -0.165932, -0.174626, -0.719661, 0.672008, 0.109301, 0.809349, 0.283783, 0.51422, 0.014029, 0.0, 0.0, 0.0, 1.0],
                [-0.60314, 0.614548, 0.508483, -0.182341, -0.199852, -0.733585, 0.649549, 0.103242, 0.772194, 0.290148, 0.565272, -0.009783, 0.0, 0.0, 0.0, 1.0],
                [-0.63061, 0.597183, 0.495687, -0.182637, -0.215509, -0.748311, 0.627365, 0.108741, 0.745579, 0.288798, 0.60059, -0.003418, 0.0, 0.0, 0.0, 1.0],
                [-0.651822, 0.575442, 0.493959, -0.182933, -0.228658, -0.770155, 0.595464, 0.11424, 0.723079, 0.275189, 0.633583, 0.002947, 0.0, 0.0, 0.0, 1.0],
                [-0.672297, 0.553762, 0.49129, -0.183229, -0.238475, -0.790281, 0.564435, 0.119739, 0.700819, 0.262309, 0.663361, 0.009311, 0.0, 0.0, 0.0, 1.0],
                [-0.686506, 0.537227, 0.489997, -0.183526, -0.244795, -0.805307, 0.539961, 0.125238, 0.684679, 0.250738, 0.684358, 0.015676, 0.0, 0.0, 0.0, 1.0],
                [-0.698687, 0.52624, 0.484674, -0.183822, -0.246972, -0.813227, 0.526942, 0.130738, 0.671448, 0.248467, 0.698157, 0.022041, 0.0, 0.0, 0.0, 1.0],
                [-0.708389, 0.52054, 0.476679, -0.182109, -0.247097, -0.815512, 0.52334, 0.130344, 0.661157, 0.252943, 0.706323, 0.023076, 0.0, 0.0, 0.0, 1.0],
                [-0.717648, 0.51442, 0.46942, -0.180397, -0.245789, -0.817779, 0.52041, 0.12995, 0.65159, 0.258093, 0.713315, 0.024111, 0.0, 0.0, 0.0, 1.0],
                [-0.726787, 0.508163, 0.462117, -0.178685, -0.24435, -0.820066, 0.517481, 0.129556, 0.64193, 0.263181, 0.720182, 0.025145, 0.0, 0.0, 0.0, 1.0],
                [-0.731769, 0.503962, 0.458844, -0.176972, -0.241422, -0.821249, 0.516979, 0.129162, 0.637362, 0.267534, 0.722631, 0.02618, 0.0, 0.0, 0.0, 1.0],
                [-0.736943, 0.500364, 0.454481, -0.17526, -0.238675, -0.82166, 0.517601, 0.128768, 0.632417, 0.27297, 0.72494, 0.027215, 0.0, 0.0, 0.0, 1.0],
                [-0.740276, 0.497129, 0.452611, -0.173548, -0.234002, -0.821652, 0.519742, 0.128374, 0.630267, 0.278841, 0.724577, 0.028249, 0.0, 0.0, 0.0, 1.0],
                [-0.743566, 0.493855, 0.450797, -0.171835, -0.229291, -0.821618, 0.521891, 0.12798, 0.628122, 0.284698, 0.724163, 0.029284, 0.0, 0.0, 0.0, 1.0],
                [-0.744524, 0.492461, 0.450741, -0.170123, -0.224846, -0.820697, 0.525264, 0.127586, 0.628593, 0.289724, 0.721755, 0.030319, 0.0, 0.0, 0.0, 1.0],
                [-0.745447, 0.491081, 0.45072, -0.16841, -0.220396, -0.819741, 0.528632, 0.127192, 0.629075, 0.294731, 0.719305, 0.031354, 0.0, 0.0, 0.0, 1.0],
                [-0.742285, 0.491996, 0.454921, -0.166698, -0.216065, -0.818375, 0.532521, 0.126799, 0.634294, 0.29699, 0.71377, 0.032388, 0.0, 0.0, 0.0, 1.0],
                [-0.736181, 0.493828, 0.462789, -0.164986, -0.210985, -0.817187, 0.53637, 0.126405, 0.643059, 0.297224, 0.705786, 0.033423, 0.0, 0.0, 0.0, 1.0],
                [-0.726874, 0.497437, 0.47351, -0.163273, -0.205982, -0.815638, 0.540655, 0.126011, 0.655154, 0.295454, 0.695328, 0.034458, 0.0, 0.0, 0.0, 1.0],
                [-0.731224, 0.494851, 0.469505, -0.161561, -0.205146, -0.815952, 0.540498, 0.125617, 0.650559, 0.298909, 0.69816, 0.035492, 0.0, 0.0, 0.0, 1.0],
                [-0.733741, 0.492718, 0.467818, -0.159848, -0.203326, -0.816229, 0.540768, 0.125223, 0.648292, 0.301665, 0.699082, 0.036527, 0.0, 0.0, 0.0, 1.0],
                [-0.734383, 0.491353, 0.468247, -0.158136, -0.201322, -0.816525, 0.54107, 0.124829, 0.648191, 0.303085, 0.698562, 0.037562, 0.0, 0.0, 0.0, 1.0],
                [-0.735011, 0.489994, 0.468685, -0.156076, -0.199313, -0.816813, 0.541379, 0.125017, 0.6481, 0.304505, 0.698029, 0.039475, 0.0, 0.0, 0.0, 1.0],
                [-0.733695, 0.490069, 0.470665, -0.154015, -0.197345, -0.816516, 0.542548, 0.125206, 0.650191, 0.305181, 0.695785, 0.041388, 0.0, 0.0, 0.0, 1.0],
                [-0.73236, 0.490172, 0.472634, -0.151955, -0.195395, -0.816204, 0.543721, 0.125394, 0.652282, 0.30585, 0.693531, 0.043301, 0.0, 0.0, 0.0, 1.0],
                [-0.731006, 0.490302, 0.474591, -0.149894, -0.193462, -0.815879, 0.5449, 0.125583, 0.654373, 0.30651, 0.691266, 0.045214, 0.0, 0.0, 0.0, 1.0],
                [-0.729082, 0.490502, 0.477335, -0.147834, -0.191778, -0.815892, 0.545475, 0.125771, 0.65701, 0.306154, 0.688919, 0.047127, 0.0, 0.0, 0.0, 1.0],
                [-0.725628, 0.491707, 0.481341, -0.145774, -0.189949, -0.815496, 0.546706, 0.125959, 0.66135, 0.305275, 0.685145, 0.04904, 0.0, 0.0, 0.0, 1.0],
                [-0.722135, 0.492952, 0.485305, -0.143713, -0.188156, -0.815079, 0.547947, 0.126148, 0.665673, 0.304379, 0.681348, 0.050953, 0.0, 0.0, 0.0, 1.0],
                [-0.7169, 0.495167, 0.490781, -0.141653, -0.186043, -0.814303, 0.549819, 0.126336, 0.671895, 0.302859, 0.675895, 0.052866, 0.0, 0.0, 0.0, 1.0],
                [-0.713086, 0.496615, 0.494857, -0.139593, -0.184598, -0.813946, 0.550833, 0.126525, 0.676338, 0.301442, 0.672087, 0.054779, 0.0, 0.0, 0.0, 1.0],
                [-0.707551, 0.49894, 0.500432, -0.137532, -0.1828, -0.813287, 0.552404, 0.126713, 0.682611, 0.299375, 0.666647, 0.056692, 0.0, 0.0, 0.0, 1.0],
                [-0.702554, 0.50037, 0.506012, -0.135472, -0.180699, -0.81319, 0.553237, 0.126901, 0.688307, 0.297244, 0.661725, 0.058605, 0.0, 0.0, 0.0, 1.0],
                [-0.697811, 0.502224, 0.510717, -0.133411, -0.179446, -0.812848, 0.554147, 0.12709, 0.69344, 0.295045, 0.657336, 0.060518, 0.0, 0.0, 0.0, 1.0],
                [-0.691332, 0.504944, 0.51681, -0.131351, -0.177843, -0.812183, 0.555636, 0.127278, 0.700309, 0.292218, 0.651288, 0.062431, 0.0, 0.0, 0.0, 1.0],
                [-0.685197, 0.506748, 0.523176, -0.129291, -0.176243, -0.812303, 0.555971, 0.127467, 0.706714, 0.288744, 0.645898, 0.064344, 0.0, 0.0, 0.0, 1.0],
                [-0.677255, 0.509479, 0.530809, -0.12723, -0.174287, -0.812012, 0.557011, 0.127655, 0.714808, 0.284726, 0.638734, 0.066257, 0.0, 0.0, 0.0, 1.0],
                [-0.669729, 0.511119, 0.538722, -0.12517, -0.171959, -0.812471, 0.557065, 0.127843, 0.722423, 0.280445, 0.632026, 0.06817, 0.0, 0.0, 0.0, 1.0],
                [-0.662139, 0.512773, 0.546476, -0.123109, -0.169877, -0.812961, 0.55699, 0.128032, 0.729873, 0.275972, 0.625401, 0.070083, 0.0, 0.0, 0.0, 1.0],
                [-0.654522, 0.513969, 0.554471, -0.121049, -0.167274, -0.813656, 0.556763, 0.12822, 0.737306, 0.271666, 0.618529, 0.071996, 0.0, 0.0, 0.0, 1.0],
                [-0.646815, 0.515146, 0.562367, -0.118989, -0.164649, -0.814322, 0.556571, 0.128409, 0.744662, 0.267406, 0.611533, 0.073909, 0.0, 0.0, 0.0, 1.0],
                [-0.63825, 0.516677, 0.570686, -0.116928, -0.162085, -0.814889, 0.556494, 0.128597, 0.752573, 0.262683, 0.603848, 0.075822, 0.0, 0.0, 0.0, 1.0],
                [-0.6235, 0.519083, 0.584639, -0.109924, -0.155731, -0.815261, 0.557762, 0.12538, 0.766157, 0.256719, 0.589152, 0.079313, 0.0, 0.0, 0.0, 1.0],
                [-0.606563, 0.522125, 0.599557, -0.10292, -0.148002, -0.815099, 0.560098, 0.122162, 0.781139, 0.251, 0.571684, 0.082804, 0.0, 0.0, 0.0, 1.0],
                [-0.586311, 0.52604, 0.616054, -0.095916, -0.139132, -0.81457, 0.563134, 0.118945, 0.798049, 0.24446, 0.550779, 0.086295, 0.0, 0.0, 0.0, 1.0],
                [-0.563895, 0.529557, 0.633713, -0.088911, -0.128707, -0.814327, 0.565958, 0.115727, 0.815756, 0.237578, 0.527352, 0.089786, 0.0, 0.0, 0.0, 1.0],
                [-0.539443, 0.532626, 0.65216, -0.081907, -0.116786, -0.814357, 0.568493, 0.11251, 0.833885, 0.230507, 0.501502, 0.093277, 0.0, 0.0, 0.0, 1.0],
                [-0.512865, 0.536053, 0.670536, -0.074903, -0.104312, -0.814209, 0.571126, 0.109292, 0.852109, 0.222965, 0.473495, 0.096768, 0.0, 0.0, 0.0, 1.0],
                [-0.484516, 0.539373, 0.688711, -0.067899, -0.090801, -0.81405, 0.573654, 0.106075, 0.870058, 0.215409, 0.443395, 0.10026, 0.0, 0.0, 0.0, 1.0],
                [-0.455692, 0.542613, 0.705633, -0.060895, -0.076779, -0.813729, 0.576152, 0.102857, 0.886821, 0.208371, 0.41247, 0.103751, 0.0, 0.0, 0.0, 1.0],
                [-0.424261, 0.543944, 0.723967, -0.05389, -0.060505, -0.814728, 0.576679, 0.09964, 0.903517, 0.20086, 0.378568, 0.107242, 0.0, 0.0, 0.0, 1.0],
                [-0.392542, 0.545009, 0.740863, -0.046886, -0.044164, -0.815759, 0.576705, 0.096422, 0.918674, 0.193662, 0.344288, 0.110733, 0.0, 0.0, 0.0, 1.0],
                [-0.358308, 0.545761, 0.757471, -0.039882, -0.02744, -0.817147, 0.575777, 0.093205, 0.933201, 0.185521, 0.307765, 0.114224, 0.0, 0.0, 0.0, 1.0],
                [-0.319379, 0.546039, 0.774494, -0.032878, -0.010599, -0.819305, 0.573261, 0.089988, 0.947569, 0.174879, 0.267455, 0.117715, 0.0, 0.0, 0.0, 1.0],
                [-0.276307, 0.544922, 0.791654, -0.025873, 0.007413, -0.822489, 0.568733, 0.08677, 0.961041, 0.163014, 0.22322, 0.121206, 0.0, 0.0, 0.0, 1.0],
                [-0.228709, 0.543032, 0.807966, -0.018869, 0.025755, -0.826299, 0.562644, 0.083553, 0.973155, 0.149491, 0.174996, 0.124698, 0.0, 0.0, 0.0, 1.0],
                [-0.167643, 0.536378, 0.827161, -0.011865, 0.047118, -0.833717, 0.550178, 0.080335, 0.984722, 0.131208, 0.114493, 0.128189, 0.0, 0.0, 0.0, 1.0],
                [-0.082175, 0.521753, 0.84913, -0.004861, 0.075826, -0.846269, 0.527333, 0.077118, 0.99373, 0.10772, 0.02998, 0.13168, 0.0, 0.0, 0.0, 1.0],
                [0.023413, 0.498009, 0.866856, 0.002144, 0.10807, -0.863274, 0.493032, 0.0739, 0.993868, 0.082139, -0.074032, 0.135171, 0.0, 0.0, 0.0, 1.0],
                [0.135947, 0.464035, 0.875323, 0.014921, 0.139232, -0.883707, 0.446854, 0.07129, 0.980884, 0.061124, -0.184746, 0.12673, 0.0, 0.0, 0.0, 1.0],
                [0.246498, 0.418872, 0.873948, 0.027699, 0.164367, -0.90678, 0.388248, 0.068679, 0.955104, 0.047946, -0.292367, 0.118289, 0.0, 0.0, 0.0, 1.0],
                [0.344287, 0.363172, 0.865779, 0.040477, 0.179855, -0.93059, 0.318836, 0.066069, 0.921477, 0.045944, -0.385708, 0.109848, 0.0, 0.0, 0.0, 1.0],
                [0.40421, 0.308758, 0.860978, 0.053254, 0.186879, -0.949325, 0.252705, 0.063459, 0.895373, 0.058753, -0.441426, 0.101407, 0.0, 0.0, 0.0, 1.0],
                [0.439796, 0.263426, 0.858596, 0.066032, 0.188859, -0.961766, 0.198341, 0.060848, 0.878016, 0.074925, -0.472731, 0.092967, 0.0, 0.0, 0.0, 1.0],
                [0.452619, 0.233047, 0.860713, 0.07881, 0.187712, -0.968517, 0.163524, 0.058238, 0.871723, 0.087552, -0.482115, 0.084526, 0.0, 0.0, 0.0, 1.0],
                [0.45316, 0.216425, 0.864759, 0.07881, 0.186239, -0.971659, 0.145585, 0.058238, 0.871758, 0.095079, -0.480623, 0.084526, 0.0, 0.0, 0.0, 1.0],
                [0.450975, 0.209748, 0.867541, 0.07881, 0.186208, -0.972717, 0.138381, 0.058238, 0.872897, 0.099137, -0.477728, 0.084526, 0.0, 0.0, 0.0, 1.0],
                [0.448736, 0.207166, 0.869321, 0.07881, 0.185886, -0.973122, 0.13595, 0.058238, 0.874118, 0.10059, -0.475184, 0.084526, 0.0, 0.0, 0.0, 1.0],
                [0.447607, 0.207095, 0.86992, 0.07881, 0.185784, -0.973124, 0.136071, 0.058238, 0.874719, 0.100712, -0.474052, 0.084526, 0.0, 0.0, 0.0, 1.0]
            ]
        },
        {
            "name": "Leg_R",
            "time": [0.0, 0.0167, 0.0333, 0.05, 0.0667, 0.0833, 0.1, 0.1167, 0.1333, 0.15, 0.1667, 0.1833, 0.2, 0.2167, 0.2333, 0.25, 0.2667, 0.2833, 0.3, 0.3167, 0.3333, 0.35, 0.3667, 0.3833, 0.4, 0.4167, 0.4333, 0.45, 0.4667, 0.4833, 0.5, 0.5167, 0.5333, 0.55, 0.5667, 0.5833, 0.6, 0.6167, 0.6333, 0.65, 0.6667, 0.6833, 0.7, 0.7167, 0.7333, 0.75, 0.7667, 0.7833, 0.8, 0.8167, 0.8333, 0.85, 0.8667, 0.8833, 0.9, 0.9167, 0.9333, 0.95, 0.9667, 0.9833, 1.0, 1.0167, 1.0333, 1.05, 1.0667, 1.0833, 1.1, 1.1167, 1.1333, 1.15, 1.1667, 1.1833, 1.2, 1.2167, 1.2333, 1.25, 1.2667, 1.2833, 1.3, 1.3167, 1.3333, 1.35, 1.3667],
            "transform": [
                [0.999999, 0.0, -0.0, -0.0, 0.0, 0.973773, 0.227521, 0.37472, 0.0, -0.227521, 0.973774, -0.0, 0.0, 0.0, 0.0, 1.0],
                [0.999999, 0.0, -0.0, 0.0, -0.0, 0.949613, 0.313425, 0.37472, 0.0, -0.313425, 0.949614, 0.0, 0.0, 0.0, 0.0, 1.0],
                [0.999999, -0.0, -0.0, 0.0, 0.0, 0.874522, 0.484987, 0.37472, -0.0, -0.484987, 0.874522, -0.0, 0.0, 0.0, 0.0, 1.0],
                [0.999999, -0.0, 0.0, -0.0, 0.0, 0.759895, 0.650047, 0.37472, -0.0, -0.650047, 0.759895, -0.0, 0.0, 0.0, 0.0, 1.0],
                [0.999999, 0.0, -0.0, 0.0, 0.0, 0.642753, 0.766074, 0.37472, 0.0, -0.766074, 0.642753, -0.0, 0.0, 0.0, 0.0, 1.0],
                [0.999999, -0.0, -0.0, -0.0, 0.0, 0.600575, 0.799569, 0.37472, 0.0, -0.799569, 0.600575, -0.0, 0.0, 0.0, 0.0, 1.0],
                [0.999999, 0.0, -0.0, -0.0, -0.0, 0.662985, 0.748633, 0.37472, 0.0, -0.748634, 0.662984, -0.0, 0.0, 0.0, 0.0, 1.0],
                [0.999999, 0.0, -0.0, 0.0, -0.0, 0.750039, 0.661394, 0.37472, 0.0, -0.661394, 0.750039, -0.0, 0.0, 0.0, 0.0, 1.0],
                [0.999999, 0.0, -0.0, -0.0, -0.0, 0.786738, 0.617288, 0.37472, 0.0, -0.617288, 0.786738, -0.0, 0.0, 0.0, 0.0, 1.0],
                [0.999999, 0.0, 0.0, -0.0, -0.0, 0.695259, 0.71876, 0.37472, -0.0, -0.71876, 0.695259, -0.0, 0.0, 0.0, 0.0, 1.0],
                [0.999999, 0.0, -0.0, -0.0, 0.0, 0.632955, 0.774189, 0.37472, 0.0, -0.774189, 0.632955, -0.0, 0.0, 0.0, 0.0, 1.0],
                [0.999999, -0.0, 0.0, 0.0, 0.0, 0.630265, 0.776381, 0.37472, -0.0, -0.776381, 0.630265, 0.0, 0.0, 0.0, 0.0, 1.0],
                [0.999999, -0.0, 0.0, 0.0, 0.0, 0.63702, 0.770848, 0.37472, -0.0, -0.770848, 0.637019, -0.0, 0.0, 0.0, 0.0, 1.0],
                [0.999999, -0.0, -0.0, -0.0, 0.0, 0.640564, 0.767906, 0.37472, -0.0, -0.767906, 0.640563, 0.0, 0.0, 0.0, 0.0, 1.0],
                [0.999999, -0.0, -0.0, -0.0, 0.0, 0.647896, 0.761729, 0.37472, 0.0, -0.76173, 0.647896, -0.0, 0.0, 0.0, 0.0, 1.0],
                [0.999999, -0.0, 0.0, 0.0, -0.0, 0.658607, 0.752488, 0.37472, -0.0, -0.752489, 0.658606, 0.0, 0.0, 0.0, 0.0, 1.0],
                [0.999999, -0.0, 0.0, -0.0, 0.0, 0.672863, 0.739768, 0.37472, -0.0, -0.739768, 0.672863, -0.0, 0.0, 0.0, 0.0, 1.0],
                [0.999999, -0.0, -0.0, 0.0, 0.0, 0.696681, 0.717382, 0.37472, -0.0, -0.717382, 0.69668, -0.0, 0.0, 0.0, 0.0, 1.0],
                [0.999999, -0.0, -0.0, 0.0, 0.0, 0.719754, 0.69423, 0.37472, -0.0, -0.69423, 0.719754, 0.0, 0.0, 0.0, 0.0, 1.0],
                [0.999999, -0.0, -0.0, 0.0, 0.0, 0.734936, 0.678137, 0.37472, 0.0, -0.678137, 0.734936, 0.0, 0.0, 0.0, 0.0, 1.0],
                [0.999999, -0.0, -0.0, 0.0, 0.0, 0.734322, 0.678802, 0.37472, -0.0, -0.678802, 0.734322, 0.0, 0.0, 0.0, 0.0, 1.0],
                [0.999999, 0.0, 0.0, -0.0, -0.0, 0.723229, 0.690609, 0.37472, -0.0, -0.690609, 0.723229, 0.0, 0.0, 0.0, 0.0, 1.0],
                [0.999999, -0.0, 0.0, 0.0, 0.0, 0.713469, 0.700687, 0.37472, -0.0, -0.700688, 0.713469, -0.0, 0.0, 0.0, 0.0, 1.0],
                [0.999999, 0.0, 0.0, 0.0, -0.0, 0.706471, 0.707743, 0.37472, -0.0, -0.707743, 0.706471, -0.0, 0.0, 0.0, 0.0, 1.0],
                [0.999999, -0.0, 0.0, -0.0, -0.0, 0.699403, 0.714729, 0.37472, -0.0, -0.714729, 0.699402, 0.0, 0.0, 0.0, 0.0, 1.0],
                [0.999999, -0.0, 0.0, -0.0, 0.0, 0.693818, 0.720152, 0.37472, -0.0, -0.720152, 0.693817, 0.0, 0.0, 0.0, 0.0, 1.0],
                [0.999999, 0.0, -0.0, -0.0, 0.0, 0.688191, 0.725531, 0.37472, -0.0, -0.725531, 0.68819, 0.0, 0.0, 0.0, 0.0, 1.0],
                [0.999999, 0.0, 0.0, -0.0, -0.0, 0.682522, 0.730866, 0.37472, -0.0, -0.730866, 0.682521, -0.0, 0.0, 0.0, 0.0, 1.0],
                [0.999999, -0.0, 0.0, 0.0, -0.0, 0.678549, 0.734556, 0.37472, -0.0, -0.734556, 0.678549, 0.0, 0.0, 0.0, 0.0, 1.0],
                [0.999999, -0.0, -0.0, -0.0, 0.0, 0.674557, 0.738223, 0.37472, -0.0, -0.738224, 0.674557, 0.0, 0.0, 0.0, 0.0, 1.0],
                [0.999999, 0.0, -0.0, -0.0, 0.0, 0.670545, 0.74187, 0.37472, 0.0, -0.74187, 0.670545, 0.0, 0.0, 0.0, 0.0, 1.0],
                [0.999999, -0.0, 0.0, -0.0, 0.0, 0.668239, 0.743947, 0.37472, -0.0, -0.743947, 0.668239, 0.0, 0.0, 0.0, 0.0, 1.0],
                [0.999999, 0.0, -0.0, 0.0, 0.0, 0.665928, 0.746017, 0.37472, 0.0, -0.746018, 0.665927, 0.0, 0.0, 0.0, 0.0, 1.0],
                [0.999999, -0.0, 0.0, -0.0, 0.0, 0.663609, 0.74808, 0.37472, -0.0, -0.748081, 0.663609, 0.0, 0.0, 0.0, 0.0, 1.0],
                [0.999999, -0.0, -0.0, -0.0, 0.0, 0.662496, 0.749066, 0.37472, -0.0, -0.749067, 0.662495, 0.0, 0.0, 0.0, 0.0, 1.0],
                [0.999999, -0.0, -0.0, -0.0, 0.0, 0.661381, 0.750051, 0.37472, 0.0, -0.750052, 0.66138, 0.0, 0.0, 0.0, 0.0, 1.0],
                [0.999999, -0.0, -0.0, 0.0, 0.0, 0.660264, 0.751035, 0.37472, -0.0, -0.751035, 0.660263, 0.0, 0.0, 0.0, 0.0, 1.0],
                [0.999999, -0.0, 1e-06, 0.0, 0.0, 0.659146, 0.752016, 0.37472, -1e-06, -0.752016, 0.659146, -0.0, 0.0, 0.0, 0.0, 1.0],
                [0.999999, -0.0, -0.0, -0.0, 0.0, 0.658026, 0.752995, 0.37472, -0.0, -0.752996, 0.658026, 0.0, 0.0, 0.0, 0.0, 1.0],
                [0.999999, 0.0, 0.0, 0.0, -0.0, 0.656906, 0.753974, 0.37472, 0.0, -0.753974, 0.656905, 0.0, 0.0, 0.0, 0.0, 1.0],
                [0.999999, -0.0, -0.0, 0.0, 0.0, 0.655783, 0.75495, 0.37472, -0.0, -0.754951, 0.655783, 0.0, 0.0, 0.0, 0.0, 1.0],
                [0.999999, -0.0, 0.0, 0.0, 0.0, 0.65466, 0.755925, 0.37472, -0.0, -0.755925, 0.654659, -0.0, 0.0, 0.0, 0.0, 1.0],
                [0.999999, 0.0, -0.0, -0.0, 0.0, 0.653534, 0.756898, 0.37472, 0.0, -0.756899, 0.653533, 0.0, 0.0, 0.0, 0.0, 1.0],
                [0.999999, -0.0, 0.0, 0.0, 0.0, 0.652442, 0.75784, 0.37472, -0.0, -0.75784, 0.652441, 0.0, 0.0, 0.0, 0.0, 1.0],
                [0.999999, -0.0, -0.0, -0.0, 0.0, 0.651348, 0.75878, 0.37472, -0.0, -0.75878, 0.651347, -0.0, 0.0, 0.0, 0.0, 1.0],
                [0.999999, 0.0, 0.0, 0.0, 0.0, 0.650253, 0.759719, 0.37472, 0.0, -0.759719, 0.650252, 0.0, 0.0, 0.0, 0.0, 1.0],
                [0.999999, -0.0, -0.0, 0.0, 0.0, 0.649156, 0.760656, 0.37472, -0.0, -0.760656, 0.649156, 0.0, 0.0, 0.0, 0.0, 1.0],
                [0.999999, -0.0, -0.0, -0.0, 0.0, 0.648059, 0.761591, 0.37472, -0.0, -0.761592, 0.648058, 0.0, 0.0, 0.0, 0.0, 1.0],
                [0.999999, -0.0, 0.0, 0.0, 0.0, 0.64696, 0.762525, 0.37472, -0.0, -0.762526, 0.646959, 0.0, 0.0, 0.0, 0.0, 1.0],
                [0.999999, -0.0, -0.0, 0.0, 0.0, 0.645859, 0.763458, 0.37472, -0.0, -0.763458, 0.645858, -0.0, 0.0, 0.0, 0.0, 1.0],
                [0.999999, -0.0, -0.0, 0.0, 0.0, 0.644757, 0.764388, 0.37472, 0.0, -0.764389, 0.644757, 0.0, 0.0, 0.0, 0.0, 1.0],
                [0.999999, 0.0, -0.0, 0.0, 0.0, 0.645445, 0.763808, 0.37472, -0.0, -0.763808, 0.645444, 0.0, 0.0, 0.0, 0.0, 1.0],
                [0.999999, 0.0, -0.0, 0.0, 0.0, 0.646132, 0.763226, 0.37472, 0.0, -0.763227, 0.646132, 0.0, 0.0, 0.0, 0.0, 1.0],
                [0.999999, -0.0, -0.0, -0.0, 0.0, 0.648489, 0.761224, 0.37472, -0.0, -0.761225, 0.648489, 0.0, 0.0, 0.0, 0.0, 1.0],
                [0.999999, -0.0, -0.0, 0.0, 0.0, 0.650841, 0.759215, 0.37472, -0.0, -0.759216, 0.65084, 0.0, 0.0, 0.0, 0.0, 1.0],
                [0.999999, -0.0, -0.0, 0.0, 0.0, 0.653186, 0.757199, 0.37472, -0.0, -0.757199, 0.653185, 0.0, 0.0, 0.0, 0.0, 1.0],
                [0.999999, 0.0, -0.0, -0.0, 0.0, 0.655524, 0.755175, 0.37472, 0.0, -0.755175, 0.655524, 0.0, 0.0, 0.0, 0.0, 1.0],
                [0.999999, -0.0, -0.0, -0.0, 0.0, 0.657857, 0.753144, 0.37472, -0.0, -0.753144, 0.657856, -0.0, 0.0, 0.0, 0.0, 1.0],
                [0.999999, -0.0, 0.0, 0.0, 0.0, 0.660183, 0.751106, 0.37472, -0.0, -0.751106, 0.660183, -0.0, 0.0, 0.0, 0.0, 1.0],
                [0.999999, -0.0, 0.0, 0.0, 0.0, 0.662503, 0.74906, 0.37472, -0.0, -0.74906, 0.662503, -0.0, 0.0, 0.0, 0.0, 1.0],
                [0.999999, -0.0, 0.0, 0.0, -0.0, 0.664817, 0.747007, 0.37472, -0.0, -0.747007, 0.664816, 0.0, 0.0, 0.0, 0.0, 1.0],
                [0.999999, 0.0, -0.0, -0.0, -0.0, 0.667124, 0.744948, 0.37472, 0.0, -0.744948, 0.667123, 0.0, 0.0, 0.0, 0.0, 1.0],
                [0.999999, -0.0, -0.0, -0.0, 0.0, 0.669425, 0.742881, 0.37472, 0.0, -0.742881, 0.669424, 0.0, 0.0, 0.0, 0.0, 1.0],
                [0.999999, 0.0, -0.0, -0.0, 0.0, 0.671719, 0.740807, 0.37472, 0.0, -0.740808, 0.671718, -0.0, 0.0, 0.0, 0.0, 1.0],
                [0.999999, 0.0, -0.0, 0.0, 0.0, 0.673036, 0.739611, 0.37472, 0.0, -0.739611, 0.673035, 0.0, 0.0, 0.0, 0.0, 1.0],
                [0.999999, -0.0, -0.0, 0.0, 0.0, 0.6763, 0.736627, 0.37472, -0.0, -0.736627, 0.6763, -0.0, 0.0, 0.0, 0.0, 1.0],
                [0.999999, -0.0, 0.0, 0.0, 0.0, 0.681171, 0.732126, 0.37472, -0.0, -0.732126, 0.68117, 0.0, 0.0, 0.0, 0.0, 1.0],
                [0.999999, -0.0, -0.0, -0.0, 0.0, 0.688435, 0.725299, 0.37472, -0.0, -0.725299, 0.688434, 0.0, 0.0, 0.0, 0.0, 1.0],
                [0.999999, 0.0, -0.0, -0.0, 0.0, 0.698025, 0.716075, 0.37472, 0.0, -0.716075, 0.698024, 0.0, 0.0, 0.0, 0.0, 1.0],
                [0.999999, -0.0, -0.0, -0.0, 0.0, 0.709579, 0.704627, 0.37472, 0.0, -0.704627, 0.709578, -0.0, 0.0, 0.0, 0.0, 1.0],
                [0.999999, 0.0, 0.0, 0.0, -0.0, 0.726622, 0.687038, 0.37472, 0.0, -0.687039, 0.726622, 0.0, 0.0, 0.0, 0.0, 1.0],
                [0.999999, -0.0, -0.0, 0.0, 0.0, 0.751157, 0.660124, 0.37472, 0.0, -0.660125, 0.751157, -0.0, 0.0, 0.0, 0.0, 1.0],
                [0.999999, -0.0, 0.0, 0.0, -0.0, 0.780466, 0.625199, 0.37472, -0.0, -0.6252, 0.780465, 0.0, 0.0, 0.0, 0.0, 1.0],
                [0.999999, -0.0, -0.0, 0.0, 0.0, 0.812929, 0.582364, 0.37472, 0.0, -0.582364, 0.812929, 0.0, 0.0, 0.0, 0.0, 1.0],
                [0.999999, -0.0, -0.0, -0.0, 0.0, 0.849096, 0.528239, 0.37472, 0.0, -0.528239, 0.849096, -0.0, 0.0, 0.0, 0.0, 1.0],
                [0.999999, -0.0, -0.0, -0.0, 0.0, 0.887747, 0.460333, 0.37472, 0.0, -0.460333, 0.887747, 0.0, 0.0, 0.0, 0.0, 1.0],
                [0.999999, -0.0, 0.0, 0.0, 0.0, 0.922442, 0.386138, 0.37472, -0.0, -0.386138, 0.922442, 0.0, 0.0, 0.0, 0.0, 1.0],
                [0.999999, -0.0, -0.0, -0.0, 0.0, 0.947925, 0.318495, 0.37472, 0.0, -0.318495, 0.947925, 0.0, 0.0, 0.0, 0.0, 1.0],
                [0.999999, -0.0, 0.0, 0.0, 0.0, 0.962841, 0.270071, 0.37472, -1e-06, -0.27007, 0.962841, -0.0, 0.0, 0.0, 0.0, 1.0],
                [0.999999, -0.0, -0.0, -0.0, 0.0, 0.970014, 0.24305, 0.37472, 0.0, -0.24305, 0.970015, -0.0, 0.0, 0.0, 0.0, 1.0],
                [0.999999, -0.0, 0.0, -0.0, 0.0, 0.972923, 0.23113, 0.37472, -0.0, -0.23113, 0.972924, 0.0, 0.0, 0.0, 0.0, 1.0],
                [0.999999, -0.0, -0.0, 0.0, 0.0, 0.973715, 0.22777, 0.37472, 0.0, -0.22777, 0.973716, -0.0, 0.0, 0.0, 0.0, 1.0],
                [0.999999, -0.0, -0.0, -0.0, 0.0, 0.973744, 0.227646, 0.37472, -0.0, -0.227646, 0.973745, 0.0, 0.0, 0.0, 0.0, 1.0]
            ]
        },
        {
            "name": "Knee_R",
            "time": [0.0, 1.3667],
            "transform": [
                [1.0, 0.0, -0.0, -0.0, -0.0, 1e-06, -1.0, 0.37472, -0.0, 1.0, 1e-06, -0.0, 0.0, 0.0, 0.0, 1.0],
                [1.0, 0.0, -0.0, -0.0, -0.0, 1e-06, -1.0, 0.37472, -0.0, 1.0, 1e-06, 0.0, 0.0, 0.0, 0.0, 1.0]
            ]
        },
        {
            "name": "Thigh_L",
            "time": [0.0, 0.0167, 0.0333, 0.05, 0.0667, 0.0833, 0.1, 0.1167, 0.1333, 0.15, 0.1667, 0.1833, 0.2, 0.2167, 0.2333, 0.25, 0.2667, 0.2833, 0.3, 0.3167, 0.3333, 0.35, 0.3667, 0.3833, 0.4, 0.4167, 0.4333, 0.45, 0.4667, 0.4833, 0.5, 0.5167, 0.5333, 0.55, 0.5667, 0.5833, 0.6, 0.6167, 0.6333, 0.65, 0.6667, 0.6833, 0.7, 0.7167, 0.7333, 0.75, 0.7667, 0.7833, 0.8, 0.8167, 0.8333, 0.85, 0.8667, 0.8833, 0.9, 0.9167, 0.9333, 0.95, 0.9667, 0.9833, 1.0, 1.0167, 1.0333, 1.05, 1.0667, 1.0833, 1.1, 1.1167, 1.1333, 1.15, 1.1667, 1.1833, 1.2, 1.2167, 1.2333, 1.25, 1.2667, 1.2833, 1.3, 1.3167, 1.3333, 1.35, 1.3667],
            "transform": [
                [0.617033, -0.100247, 0.780525, -0.071058, -0.175412, -0.984422, 0.012237, 0.048183, 0.767135, -0.144464, -0.625005, -0.078871, 0.0, 0.0, 0.0, 1.0],
                [0.61576, -0.065186, 0.785232, -0.083556, -0.180726, -0.98169, 0.060228, 0.049035, 0.766925, -0.178998, -0.616266, -0.07316, 0.0, 0.0, 0.0, 1.0],
                [0.624246, -0.002392, 0.781223, -0.096054, -0.197295, -0.968066, 0.154688, 0.049887, 0.755902, -0.250696, -0.604783, -0.067448, 0.0, 0.0, 0.0, 1.0],
                [0.651979, 0.050859, 0.756528, -0.108552, -0.224638, -0.940001, 0.256788, 0.050739, 0.724194, -0.337367, -0.601436, -0.061737, 0.0, 0.0, 0.0, 1.0],
                [0.693391, 0.071536, 0.717001, -0.12105, -0.262555, -0.90157, 0.343861, 0.051591, 0.671022, -0.426685, -0.606358, -0.056025, 0.0, 0.0, 0.0, 1.0],
                [0.730415, 0.056181, 0.680687, -0.115067, -0.299723, -0.869161, 0.393357, 0.059222, 0.613723, -0.491334, -0.618009, -0.057715, 0.0, 0.0, 0.0, 1.0],
                [0.749654, 0.022634, 0.661441, -0.109083, -0.32521, -0.857839, 0.397938, 0.066853, 0.576414, -0.513426, -0.635721, -0.059406, 0.0, 0.0, 0.0, 1.0],
                [0.745848, -0.015258, 0.66594, -0.103099, -0.342254, -0.866461, 0.363472, 0.074484, 0.571462, -0.499017, -0.65147, -0.061096, 0.0, 0.0, 0.0, 1.0],
                [0.714254, -0.050539, 0.698058, -0.097116, -0.346658, -0.891998, 0.290123, 0.082115, 0.608001, -0.449211, -0.654632, -0.062786, 0.0, 0.0, 0.0, 1.0],
                [0.581403, -0.107497, 0.806482, -0.044847, -0.418192, -0.88976, 0.182885, 0.085041, 0.697912, -0.443596, -0.562263, -0.075867, 0.0, 0.0, 0.0, 1.0],
                [0.276777, -0.186131, 0.942735, 0.007422, -0.348495, -0.933717, -0.082034, 0.087967, 0.895512, -0.305835, -0.323296, -0.088947, 0.0, 0.0, 0.0, 1.0],
                [0.133255, -0.270993, 0.953313, 0.05969, -0.250507, -0.93987, -0.232153, 0.090893, 0.958898, -0.207877, -0.193128, -0.102028, 0.0, 0.0, 0.0, 1.0],
                [0.038686, -0.278967, 0.959521, 0.111959, -0.176513, -0.947051, -0.268222, 0.093819, 0.983536, -0.158991, -0.085879, -0.115109, 0.0, 0.0, 0.0, 1.0],
                [-0.059475, -0.265068, 0.962394, 0.11401, -0.136568, -0.952878, -0.270885, 0.095154, 0.988842, -0.147543, 0.020473, -0.107018, 0.0, 0.0, 0.0, 1.0],
                [-0.143982, -0.227487, 0.963078, 0.116062, -0.102035, -0.964622, -0.243104, 0.09649, 0.984304, -0.13327, 0.115676, -0.098928, 0.0, 0.0, 0.0, 1.0],
                [-0.20986, -0.195027, 0.958083, 0.118113, -0.077834, -0.973465, -0.215205, 0.097825, 0.974626, -0.119735, 0.189112, -0.090838, 0.0, 0.0, 0.0, 1.0],
                [-0.251101, -0.166173, 0.95359, 0.120165, -0.069196, -0.979555, -0.188917, 0.09916, 0.965482, -0.113422, 0.234468, -0.082748, 0.0, 0.0, 0.0, 1.0],
                [-0.27914, -0.159951, 0.946835, 0.122217, -0.063258, -0.980827, -0.184342, 0.100495, 0.958162, -0.111352, 0.26367, -0.074658, 0.0, 0.0, 0.0, 1.0],
