{
    "animation": [
        {
            "name": "Root",
            "time": [0.0, 0.0167, 0.0333, 0.05, 0.0667, 0.0833, 0.1, 0.1167, 0.1333, 0.15, 0.1667, 0.1833, 0.2, 0.2167, 0.2333, 0.25, 0.2667, 0.2833, 0.3, 0.3167, 0.3333, 0.35, 0.3667, 0.3833, 0.4, 0.4167, 0.4333, 0.45, 0.4667, 0.4833, 0.5, 0.5167, 0.5333, 0.55, 0.5667, 0.5833, 0.6, 0.6167, 0.6333, 0.65, 0.6667, 0.6833, 0.7, 0.7167, 0.7333, 0.75, 0.7667, 0.7833, 0.8, 0.8167, 0.8333, 0.85, 0.8667, 0.8833, 0.9, 0.9167, 0.9333, 0.95, 0.9667, 0.9833, 1.0, 1.0167, 1.0333, 1.05, 1.0667, 1.0833, 1.1, 1.1167, 1.1333, 1.15, 1.1667, 1.1833, 1.2, 1.2167, 1.2333, 1.25, 1.2667, 1.2833, 1.3, 1.3167, 1.3333, 1.35, 1.3667, 1.3833, 1.4, 1.4167, 1.4333, 1.45, 1.4667, 1.4833, 1.5, 1.5167, 1.5333, 1.55, 1.5667, 1.5833, 1.6, 1.6167, 1.6333, 1.65, 1.6667, 1.6833, 1.7, 1.7167, 1.7333, 1.75, 1.7667],
            "transform": [
                [-0.0, 0.0, 1.0, -2.2e-05, 1.0, -0.0, 0.0, 3.5e-05, 0.0, 1.0, -0.0, 0.558011, 0.0, 0.0, 0.0, 1.0],
                [-0.0, 0.0, 1.0, -2.2e-05, 1.0, -0.0, 0.0, 3.5e-05, 0.0, 1.0, -0.0, 0.544625, 0.0, 0.0, 0.0, 1.0],
                [-0.0, 0.0, 1.0, -2.2e-05, 1.0, -0.0, 0.0, 0.001003, 0.0, 1.0, -0.0, 0.531239, 0.0, 0.0, 0.0, 1.0],
                [-0.0, 0.0, 1.0, -2.2e-05, 1.0, -0.0, 0.0, 0.001972, 0.0, 1.0, -0.0, 0.517853, 0.0, 0.0, 0.0, 1.0],
                [-0.0, 0.0, 1.0, -2.2e-05, 1.0, -0.0, 0.0, 0.294003, 0.0, 1.0, -0.0, 0.504468, 0.0, 0.0, 0.0, 1.0],
                [-0.0, 0.0, 1.0, -2.2e-05, 1.0, -0.0, 0.0, 0.586035, 0.0, 1.0, -0.0, 0.491082, 0.0, 0.0, 0.0, 1.0],
                [-0.0, 0.0, 1.0, -2.2e-05, 1.0, -0.0, 0.0, 0.878066, 0.0, 1.0, -0.0, 0.477696, 0.0, 0.0, 0.0, 1.0],
                [-0.0, 0.0, 1.0, -2.2e-05, 1.0, -0.0, 0.0, 1.170098, 0.0, 1.0, -0.0, 0.46431, 0.0, 0.0, 0.0, 1.0],
                [-0.0, 0.0, 1.0, -2.2e-05, 1.0, -0.0, 0.0, 1.462129, 0.0, 1.0, -0.0, 0.450925, 0.0, 0.0, 0.0, 1.0],
                [-0.0, 0.0, 1.0, -2.2e-05, 1.0, -0.0, 0.0, 1.754161, 0.0, 1.0, -0.0, 0.446942, 0.0, 0.0, 0.0, 1.0],
                [-0.0, 0.0, 1.0, -2.2e-05, 1.0, -0.0, 0.0, 2.046192, 0.0, 1.0, -0.0, 0.44296, 0.0, 0.0, 0.0, 1.0],
                [-0.0, 0.0, 1.0, -2.2e-05, 1.0, -0.0, 0.0, 2.338223, 0.0, 1.0, -0.0, 0.438977, 0.0, 0.0, 0.0, 1.0],
                [-0.0, 0.0, 1.0, -2.2e-05, 1.0, -0.0, 0.0, 2.630255, 0.0, 1.0, -0.0, 0.434995, 0.0, 0.0, 0.0, 1.0],
                [-0.0, 0.0, 1.0, -2.2e-05, 1.0, -0.0, 0.0, 2.922286, 0.0, 1.0, -0.0, 0.431013, 0.0, 0.0, 0.0, 1.0],
                [-0.0, 0.0, 1.0, -2.2e-05, 1.0, -0.0, 0.0, 3.214318, 0.0, 1.0, -0.0, 0.42703, 0.0, 0.0, 0.0, 1.0],
                [-0.0, 0.0, 1.0, -2.2e-05, 1.0, -0.0, 0.0, 3.265235, 0.0, 1.0, -0.0, 0.423048, 0.0, 0.0, 0.0, 1.0],
                [-0.0, 0.0, 1.0, -2.2e-05, 1.0, -0.0, 0.0, 3.316153, 0.0, 1.0, -0.0, 0.419066, 0.0, 0.0, 0.0, 1.0],
                [-0.0, 0.0, 1.0, -2.2e-05, 1.0, -0.0, 0.0, 3.36707, 0.0, 1.0, -0.0, 0.415083, 0.0, 0.0, 0.0, 1.0],
                [-0.0, 0.0, 1.0, -2.2e-05, 1.0, -0.0, 0.0, 3.417987, 0.0, 1.0, -0.0, 0.416768, 0.0, 0.0, 0.0, 1.0],
                [-0.0, 0.0, 1.0, -2.2e-05, 1.0, -0.0, 0.0, 3.468905, 0.0, 1.0, -0.0, 0.418454, 0.0, 0.0, 0.0, 1.0],
                [-0.0, 0.0, 1.0, -2.2e-05, 1.0, -0.0, 0.0, 3.519822, 0.0, 1.0, -0.0, 0.420139, 0.0, 0.0, 0.0, 1.0],
                [-0.0, 0.0, 1.0, -2.2e-05, 1.0, -0.0, 0.0, 3.57074, 0.0, 1.0, -0.0, 0.421825, 0.0, 0.0, 0.0, 1.0],
                [-0.0, 0.0, 1.0, -2.2e-05, 1.0, -0.0, 0.0, 3.621657, 0.0, 1.0, -0.0, 0.42351, 0.0, 0.0, 0.0, 1.0],
                [-0.0, 0.0, 1.0, -2.2e-05, 1.0, -0.0, 0.0, 3.672575, 0.0, 1.0, -0.0, 0.425195, 0.0, 0.0, 0.0, 1.0],
                [-0.0, 0.0, 1.0, -2.2e-05, 1.0, -0.0, 0.0, 3.723492, 0.0, 1.0, -0.0, 0.426881, 0.0, 0.0, 0.0, 1.0],
                [-0.0, 0.0, 1.0, -2.2e-05, 1.0, -0.0, 0.0, 3.774409, 0.0, 1.0, -0.0, 0.428566, 0.0, 0.0, 0.0, 1.0],
                [-0.0, 0.0, 1.0, -2.2e-05, 1.0, -0.0, 0.0, 3.825326, 0.0, 1.0, -0.0, 0.430251, 0.0, 0.0, 0.0, 1.0],
                [-0.0, 0.0, 1.0, -2.2e-05, 1.0, -0.0, 0.0, 3.876244, 0.0, 1.0, -0.0, 0.431937, 0.0, 0.0, 0.0, 1.0],
                [-0.0, 0.0, 1.0, -2.2e-05, 1.0, -0.0, 0.0, 3.899641, 0.0, 1.0, -0.0, 0.43187, 0.0, 0.0, 0.0, 1.0],
                [-0.0, 0.0, 1.0, -2.2e-05, 1.0, -0.0, 0.0, 3.899641, 0.0, 1.0, -0.0, 0.431804, 0.0, 0.0, 0.0, 1.0],
                [-0.0, 0.0, 1.0, -2.2e-05, 1.0, -0.0, 0.0, 3.899641, 0.0, 1.0, -0.0, 0.431738, 0.0, 0.0, 0.0, 1.0],
                [-0.0, 0.0, 1.0, -2.2e-05, 1.0, -0.0, 0.0, 3.899641, 0.0, 1.0, -0.0, 0.431672, 0.0, 0.0, 0.0, 1.0],
                [-0.0, 0.0, 1.0, -2.2e-05, 1.0, -0.0, 0.0, 3.899641, 0.0, 1.0, -0.0, 0.431606, 0.0, 0.0, 0.0, 1.0],
                [-0.0, 0.0, 1.0, -2.2e-05, 1.0, -0.0, 0.0, 3.899641, 0.0, 1.0, -0.0, 0.43154, 0.0, 0.0, 0.0, 1.0],
                [-0.0, 0.0, 1.0, -2.2e-05, 1.0, -0.0, 0.0, 3.899641, 0.0, 1.0, -0.0, 0.431474, 0.0, 0.0, 0.0, 1.0],
                [-0.0, 0.0, 1.0, -2.2e-05, 1.0, -0.0, 0.0, 3.899641, 0.0, 1.0, -0.0, 0.431408, 0.0, 0.0, 0.0, 1.0],
                [-0.0, 0.0, 1.0, -2.2e-05, 1.0, -0.0, 0.0, 3.899641, 0.0, 1.0, -0.0, 0.431342, 0.0, 0.0, 0.0, 1.0],
                [-0.0, 0.0, 1.0, -2.2e-05, 1.0, -0.0, 0.0, 3.899641, 0.0, 1.0, -0.0, 0.431276, 0.0, 0.0, 0.0, 1.0],
                [-0.0, 0.0, 1.0, -2.2e-05, 1.0, -0.0, 0.0, 3.899641, 0.0, 1.0, -0.0, 0.43121, 0.0, 0.0, 0.0, 1.0],
                [-0.0, 0.0, 1.0, -2.2e-05, 1.0, -0.0, 0.0, 3.899641, 0.0, 1.0, -0.0, 0.431144, 0.0, 0.0, 0.0, 1.0],
                [-0.0, 0.0, 1.0, -2.2e-05, 1.0, -0.0, 0.0, 3.899641, 0.0, 1.0, -0.0, 0.431078, 0.0, 0.0, 0.0, 1.0],
                [-0.0, 0.0, 1.0, -2.2e-05, 1.0, -0.0, 0.0, 3.899641, 0.0, 1.0, -0.0, 0.433811, 0.0, 0.0, 0.0, 1.0],
                [-0.0, 0.0, 1.0, -2.2e-05, 1.0, -0.0, 0.0, 3.899641, 0.0, 1.0, -0.0, 0.436544, 0.0, 0.0, 0.0, 1.0],
                [-0.0, 0.0, 1.0, -2.2e-05, 1.0, -0.0, 0.0, 3.899641, 0.0, 1.0, -0.0, 0.439277, 0.0, 0.0, 0.0, 1.0],
                [-0.0, 0.0, 1.0, -2.2e-05, 1.0, -0.0, 0.0, 3.899641, 0.0, 1.0, -0.0, 0.44201, 0.0, 0.0, 0.0, 1.0],
                [-0.0, 0.0, 1.0, -2.2e-05, 1.0, -0.0, 0.0, 3.899641, 0.0, 1.0, -0.0, 0.444743, 0.0, 0.0, 0.0, 1.0],
                [-0.0, 0.0, 1.0, -2.2e-05, 1.0, -0.0, 0.0, 3.899641, 0.0, 1.0, -0.0, 0.447476, 0.0, 0.0, 0.0, 1.0],
                [-0.0, 0.0, 1.0, -2.2e-05, 1.0, -0.0, 0.0, 3.899641, 0.0, 1.0, -0.0, 0.450209, 0.0, 0.0, 0.0, 1.0],
                [-0.0, 0.0, 1.0, -2.2e-05, 1.0, -0.0, 0.0, 3.899641, 0.0, 1.0, -0.0, 0.452942, 0.0, 0.0, 0.0, 1.0],
                [-0.0, 0.0, 1.0, -2.2e-05, 1.0, -0.0, 0.0, 3.899641, 0.0, 1.0, -0.0, 0.455675, 0.0, 0.0, 0.0, 1.0],
                [-0.0, 0.0, 1.0, -2.2e-05, 1.0, -0.0, 0.0, 3.899641, 0.0, 1.0, -0.0, 0.463938, 0.0, 0.0, 0.0, 1.0],
                [-0.0, 0.0, 1.0, -2.2e-05, 1.0, -0.0, 0.0, 3.899641, 0.0, 1.0, -0.0, 0.472201, 0.0, 0.0, 0.0, 1.0],
                [-0.0, 0.0, 1.0, -2.2e-05, 1.0, -0.0, 0.0, 3.899641, 0.0, 1.0, -0.0, 0.480464, 0.0, 0.0, 0.0, 1.0],
                [-0.0, 0.0, 1.0, -2.2e-05, 1.0, -0.0, 0.0, 3.899641, 0.0, 1.0, -0.0, 0.488727, 0.0, 0.0, 0.0, 1.0],
                [-0.0, 0.0, 1.0, -2.2e-05, 1.0, -0.0, 0.0, 3.899641, 0.0, 1.0, -0.0, 0.49699, 0.0, 0.0, 0.0, 1.0],
                [-0.0, 0.0, 1.0, -2.2e-05, 1.0, -0.0, 0.0, 3.899641, 0.0, 1.0, -0.0, 0.505253, 0.0, 0.0, 0.0, 1.0],
                [-0.0, 0.0, 1.0, -2.2e-05, 1.0, -0.0, 0.0, 3.899641, 0.0, 1.0, -0.0, 0.513516, 0.0, 0.0, 0.0, 1.0],
                [-0.0, 0.0, 1.0, -2.2e-05, 1.0, -0.0, 0.0, 3.899641, 0.0, 1.0, -0.0, 0.521779, 0.0, 0.0, 0.0, 1.0],
                [-0.0, 0.0, 1.0, -2.2e-05, 1.0, -0.0, 0.0, 3.899641, 0.0, 1.0, -0.0, 0.530042, 0.0, 0.0, 0.0, 1.0],
                [-0.0, 0.0, 1.0, -2.2e-05, 1.0, -0.0, 0.0, 3.899641, 0.0, 1.0, -0.0, 0.538305, 0.0, 0.0, 0.0, 1.0],
                [-0.0, 0.0, 1.0, -2.2e-05, 1.0, -0.0, 0.0, 3.899641, 0.0, 1.0, -0.0, 0.540168, 0.0, 0.0, 0.0, 1.0],
                [-0.0, 0.0, 1.0, -2.2e-05, 1.0, -0.0, 0.0, 3.899641, 0.0, 1.0, -0.0, 0.542031, 0.0, 0.0, 0.0, 1.0],
                [-0.0, 0.0, 1.0, -2.2e-05, 1.0, -0.0, 0.0, 3.899641, 0.0, 1.0, -0.0, 0.543894, 0.0, 0.0, 0.0, 1.0],
                [-0.0, 0.0, 1.0, -2.2e-05, 1.0, -0.0, 0.0, 3.899641, 0.0, 1.0, -0.0, 0.545756, 0.0, 0.0, 0.0, 1.0],
                [-0.0, 0.0, 1.0, -2.2e-05, 1.0, -0.0, 0.0, 3.899641, 0.0, 1.0, -0.0, 0.547619, 0.0, 0.0, 0.0, 1.0],
                [-0.0, 0.0, 1.0, -2.2e-05, 1.0, -0.0, 0.0, 3.899641, 0.0, 1.0, -0.0, 0.549482, 0.0, 0.0, 0.0, 1.0],
                [-0.0, 0.0, 1.0, -2.2e-05, 1.0, -0.0, 0.0, 3.899641, 0.0, 1.0, -0.0, 0.551345, 0.0, 0.0, 0.0, 1.0],
                [-0.0, 0.0, 1.0, -2.2e-05, 1.0, -0.0, 0.0, 3.899641, 0.0, 1.0, -0.0, 0.553208, 0.0, 0.0, 0.0, 1.0],
                [-0.0, 0.0, 1.0, -2.2e-05, 1.0, -0.0, 0.0, 3.899641, 0.0, 1.0, -0.0, 0.555071, 0.0, 0.0, 0.0, 1.0],
                [-0.0, 0.0, 1.0, -2.2e-05, 1.0, -0.0, 0.0, 3.899641, 0.0, 1.0, -0.0, 0.556934, 0.0, 0.0, 0.0, 1.0],
                [-0.0, 0.0, 1.0, -2.2e-05, 1.0, -0.0, 0.0, 3.899641, 0.0, 1.0, -0.0, 0.558797, 0.0, 0.0, 0.0, 1.0],
                [-0.0, 0.0, 1.0, -2.2e-05, 1.0, -0.0, 0.0, 3.899641, 0.0, 1.0, -0.0, 0.56066, 0.0, 0.0, 0.0, 1.0],
                [-0.0, 0.0, 1.0, -2.2e-05, 1.0, -0.0, 0.0, 3.899641, 0.0, 1.0, -0.0, 0.562523, 0.0, 0.0, 0.0, 1.0],
                [-0.0, 0.0, 1.0, -2.2e-05, 1.0, -0.0, 0.0, 3.899641, 0.0, 1.0, -0.0, 0.563837, 0.0, 0.0, 0.0, 1.0],
                [-0.0, 0.0, 1.0, -2.2e-05, 1.0, -0.0, 0.0, 3.899641, 0.0, 1.0, -0.0, 0.56515, 0.0, 0.0, 0.0, 1.0],
                [-0.0, 0.0, 1.0, -2.2e-05, 1.0, -0.0, 0.0, 3.899641, 0.0, 1.0, -0.0, 0.566465, 0.0, 0.0, 0.0, 1.0],
                [-0.0, 0.0, 1.0, -2.2e-05, 1.0, -0.0, 0.0, 3.899641, 0.0, 1.0, -0.0, 0.567779, 0.0, 0.0, 0.0, 1.0],
                [-0.0, 0.0, 1.0, -2.2e-05, 1.0, -0.0, 0.0, 3.899641, 0.0, 1.0, -0.0, 0.569093, 0.0, 0.0, 0.0, 1.0],
                [-0.0, 0.0, 1.0, -2.2e-05, 1.0, -0.0, 0.0, 3.899641, 0.0, 1.0, -0.0, 0.570407, 0.0, 0.0, 0.0, 1.0],
                [-0.0, 0.0, 1.0, -2.2e-05, 1.0, -0.0, 0.0, 3.899641, 0.0, 1.0, -0.0, 0.571721, 0.0, 0.0, 0.0, 1.0],
                [-0.0, 0.0, 1.0, -2.2e-05, 1.0, -0.0, 0.0, 3.899641, 0.0, 1.0, -0.0, 0.573035, 0.0, 0.0, 0.0, 1.0],
                [-0.0, 0.0, 1.0, -2.2e-05, 1.0, -0.0, 0.0, 3.899641, 0.0, 1.0, -0.0, 0.574349, 0.0, 0.0, 0.0, 1.0],
                [-0.0, 0.0, 1.0, -2.2e-05, 1.0, -0.0, 0.0, 3.899641, 0.0, 1.0, -0.0, 0.575663, 0.0, 0.0, 0.0, 1.0],
                [-0.0, 0.0, 1.0, -2.2e-05, 1.0, -0.0, 0.0, 3.899641, 0.0, 1.0, -0.0, 0.576977, 0.0, 0.0, 0.0, 1.0],
                [-0.0, 0.0, 1.0, -2.2e-05, 1.0, -0.0, 0.0, 3.899641, 0.0, 1.0, -0.0, 0.578291, 0.0, 0.0, 0.0, 1.0],
                [-0.0, 0.0, 1.0, -2.2e-05, 1.0, -0.0, 0.0, 3.899641, 0.0, 1.0, -0.0, 0.579605, 0.0, 0.0, 0.0, 1.0],
                [-0.0, 0.0, 1.0, -2.2e-05, 1.0, -0.0, 0.0, 3.899641, 0.0, 1.0, -0.0, 0.580919, 0.0, 0.0, 0.0, 1.0],
                [-0.0, 0.0, 1.0, -2.2e-05, 1.0, -0.0, 0.0, 3.899641, 0.0, 1.0, -0.0, 0.582233, 0.0, 0.0, 0.0, 1.0],
                [-0.0, 0.0, 1.0, -2.2e-05, 1.0, -0.0, 0.0, 3.899641, 0.0, 1.0, -0.0, 0.583547, 0.0, 0.0, 0.0, 1.0],
                [-0.0, 0.0, 1.0, -2.2e-05, 1.0, -0.0, 0.0, 3.899641, 0.0, 1.0, -0.0, 0.584861, 0.0, 0.0, 0.0, 1.0],
                [-0.0, 0.0, 1.0, -2.2e-05, 1.0, -0.0, 0.0, 3.899641, 0.0, 1.0, -0.0, 0.586175, 0.0, 0.0, 0.0, 1.0],
                [-0.0, 0.0, 1.0, -2.2e-05, 1.0, -0.0, 0.0, 3.899641, 0.0, 1.0, -0.0, 0.587489, 0.0, 0.0, 0.0, 1.0],
                [-0.0, 0.0, 1.0, -2.2e-05, 1.0, -0.0, 0.0, 3.899641, 0.0, 1.0, -0.0, 0.588803, 0.0, 0.0, 0.0, 1.0],
                [-0.0, 0.0, 1.0, -2.2e-05, 1.0, -0.0, 0.0, 3.899641, 0.0, 1.0, -0.0, 0.590117, 0.0, 0.0, 0.0, 1.0],
                [-0.0, 0.0, 1.0, -2.2e-05, 1.0, -0.0, 0.0, 3.899641, 0.0, 1.0, -0.0, 0.591431, 0.0, 0.0, 0.0, 1.0],
                [-0.0, 0.0, 1.0, -2.2e-05, 1.0, -0.0, 0.0, 3.899641, 0.0, 1.0, -0.0, 0.592745, 0.0, 0.0, 0.0, 1.0],
                [-0.0, 0.0, 1.0, -2.2e-05, 1.0, -0.0, 0.0, 3.899641, 0.0, 1.0, -0.0, 0.594059, 0.0, 0.0, 0.0, 1.0],
                [-0.0, 0.0, 1.0, -2.2e-05, 1.0, -0.0, 0.0, 3.899641, 0.0, 1.0, -0.0, 0.595373, 0.0, 0.0, 0.0, 1.0],
                [-0.0, 0.0, 1.0, -2.2e-05, 1.0, -0.0, 0.0, 3.899641, 0.0, 1.0, -0.0, 0.596687, 0.0, 0.0, 0.0, 1.0],
                [-0.0, 0.0, 1.0, -2.2e-05, 1.0, -0.0, 0.0, 3.899641, 0.0, 1.0, -0.0, 0.598001, 0.0, 0.0, 0.0, 1.0],
                [-0.0, 0.0, 1.0, -2.2e-05, 1.0, -0.0, 0.0, 3.899641, 0.0, 1.0, -0.0, 0.599315, 0.0, 0.0, 0.0, 1.0],
                [-0.0, 0.0, 1.0, -2.2e-05, 1.0, -0.0, 0.0, 3.899641, 0.0, 1.0, -0.0, 0.600629, 0.0, 0.0, 0.0, 1.0],
                [-0.0, 0.0, 1.0, -2.2e-05, 1.0, -0.0, 0.0, 3.899641, 0.0, 1.0, -0.0, 0.601943, 0.0, 0.0, 0.0, 1.0],
                [-0.0, 0.0, 1.0, -2.2e-05, 1.0, -0.0, 0.0, 3.899641, 0.0, 1.0, -0.0, 0.603257, 0.0, 0.0, 0.0, 1.0],
                [-0.0, 0.0, 1.0, -2.2e-05, 1.0, -0.0, 0.0, 3.899641, 0.0, 1.0, -0.0, 0.603257, 0.0, 0.0, 0.0, 1.0],
                [-0.0, 0.0, 1.0, -2.2e-05, 1.0, -0.0, 0.0, 3.899641, 0.0, 1.0, -0.0, 0.603257, 0.0, 0.0, 0.0, 1.0],
                [-0.0, 0.0, 1.0, -2.2e-05, 1.0, -0.0, 0.0, 3.899641, 0.0, 1.0, -0.0, 0.603257, 0.0, 0.0, 0.0, 1.0]
            ]
        },
        {
            "name": "Thigh_R",
            "time": [0.0, 0.0167, 0.0333, 0.05, 0.0667, 0.0833, 0.1, 0.1167, 0.1333, 0.15, 0.1667, 0.1833, 0.2, 0.2167, 0.2333, 0.25, 0.2667, 0.2833, 0.3, 0.3167, 0.3333, 0.35, 0.3667, 0.3833, 0.4, 0.4167, 0.4333, 0.45, 0.4667, 0.4833, 0.5, 0.5167, 0.5333, 0.55, 0.5667, 0.5833, 0.6, 0.6167, 0.6333, 0.65, 0.6667, 0.6833, 0.7, 0.7167, 0.7333, 0.75, 0.7667, 0.7833, 0.8, 0.8167, 0.8333, 0.85, 0.8667, 0.8833, 0.9, 0.9167, 0.9333, 0.95, 0.9667, 0.9833, 1.0, 1.0167, 1.0333, 1.05, 1.0667, 1.0833, 1.1, 1.1167, 1.1333, 1.15, 1.1667, 1.1833, 1.2, 1.2167, 1.2333, 1.25, 1.2667, 1.2833, 1.3, 1.3167, 1.3333, 1.35, 1.3667, 1.3833, 1.4, 1.4167, 1.4333, 1.45, 1.4667, 1.4833, 1.5, 1.5167, 1.5333, 1.55, 1.5667, 1.5833, 1.6, 1.6167, 1.6333, 1.65, 1.6667, 1.6833, 1.7, 1.7167, 1.7333, 1.75, 1.7667],
            "transform": [
                [-0.630341, 0.597101, 0.496126, 0.078809, -0.215755, -0.748642, 0.626886, 0.058238, 0.745735, 0.288111, 0.600727, 0.084526, 0.0, 0.0, 0.0, 1.0],
                [-0.630342, 0.597101, 0.496126, 0.078809, -0.215755, -0.748642, 0.626886, 0.058238, 0.745735, 0.288111, 0.600727, 0.084526, 0.0, 0.0, 0.0, 1.0],
                [-0.671008, 0.584519, 0.456167, 0.078809, -0.228534, -0.748329, 0.622718, 0.058237, 0.705353, 0.313599, 0.635716, 0.084526, 0.0, 0.0, 0.0, 1.0],
                [-0.709727, 0.56898, 0.415393, 0.07881, -0.239518, -0.749411, 0.617264, 0.058237, 0.66251, 0.338596, 0.668158, 0.084526, 0.0, 0.0, 0.0, 1.0],
                [-0.707078, 0.567467, 0.42193, 0.07881, -0.193967, -0.729431, 0.65598, 0.058237, 0.680014, 0.381989, 0.625833, 0.084526, 0.0, 0.0, 0.0, 1.0],
                [-0.706512, 0.562172, 0.429889, 0.078809, -0.143796, -0.708807, 0.690591, 0.058238, 0.692939, 0.426095, 0.581618, 0.084526, 0.0, 0.0, 0.0, 1.0],
                [-0.708391, 0.456355, 0.538446, 0.078809, 0.006824, -0.758401, 0.651753, 0.058238, 0.705788, 0.465371, 0.534129, 0.084526, 0.0, 0.0, 0.0, 1.0],
                [-0.694068, 0.341626, 0.63369, 0.07881, 0.156432, -0.787634, 0.595956, 0.058238, 0.702709, 0.512764, 0.493229, 0.084526, 0.0, 0.0, 0.0, 1.0],
                [-0.578064, 0.111824, 0.808293, 0.078809, 0.281457, -0.90245, 0.326139, 0.058238, 0.765914, 0.41603, 0.4902, 0.084526, 0.0, 0.0, 0.0, 1.0],
                [-0.401852, -0.168026, 0.900157, 0.078809, 0.428428, -0.903293, 0.02265, 0.058237, 0.8093, 0.394755, 0.434976, 0.084526, 0.0, 0.0, 0.0, 1.0],
                [-0.290829, -0.334231, 0.896498, 0.078809, 0.361927, -0.905805, -0.220289, 0.058237, 0.885679, 0.260401, 0.384402, 0.084526, 0.0, 0.0, 0.0, 1.0],
                [-0.190108, -0.541201, 0.819122, 0.07881, 0.339472, -0.81911, -0.462405, 0.058237, 0.921205, 0.190162, 0.339442, 0.084526, 0.0, 0.0, 0.0, 1.0],
                [-0.169439, -0.417987, 0.892513, 0.078809, 0.355552, -0.870546, -0.340199, 0.058237, 0.919171, 0.259692, 0.29612, 0.084526, 0.0, 0.0, 0.0, 1.0],
                [-0.158492, -0.278024, 0.947409, 0.078809, 0.353237, -0.911996, -0.208538, 0.058237, 0.922011, 0.301609, 0.242752, 0.084526, 0.0, 0.0, 0.0, 1.0],
                [-0.051298, -0.053159, 0.997268, 0.078809, 0.263267, -0.963982, -0.037842, 0.058238, 0.963359, 0.260606, 0.063445, 0.084526, 0.0, 0.0, 0.0, 1.0],
                [0.094632, 0.12531, 0.987595, 0.078809, 0.142413, -0.983548, 0.11115, 0.058238, 0.985274, 0.130128, -0.110921, 0.084526, 0.0, 0.0, 0.0, 1.0],
                [0.270872, 0.326694, 0.905483, 0.078809, 0.067094, -0.94477, 0.320797, 0.058237, 0.960275, -0.026142, -0.277831, 0.084526, 0.0, 0.0, 0.0, 1.0],
                [0.452249, 0.461309, 0.763325, 0.078809, 0.0034, -0.856736, 0.515746, 0.058237, 0.891886, -0.23065, -0.389027, 0.084526, 0.0, 0.0, 0.0, 1.0],
                [0.603448, 0.555403, 0.572171, 0.078809, 0.080924, -0.756494, 0.648976, 0.058237, 0.793286, -0.345321, -0.501449, 0.084526, 0.0, 0.0, 0.0, 1.0],
                [0.720772, 0.594172, 0.357001, 0.078809, 0.156283, -0.64106, 0.751411, 0.058237, 0.675326, -0.485803, -0.554916, 0.084526, 0.0, 0.0, 0.0, 1.0],
                [0.746386, 0.635769, 0.19674, 0.078809, 0.32024, -0.60225, 0.731261, 0.058237, 0.583399, -0.482799, -0.653109, 0.084526, 0.0, 0.0, 0.0, 1.0],
                [0.741191, 0.670163, 0.03898, 0.07881, 0.467202, -0.556674, 0.686904, 0.058238, 0.482037, -0.490916, -0.725702, 0.084526, 0.0, 0.0, 0.0, 1.0],
                [0.721794, 0.692036, 0.010126, 0.07881, 0.531953, -0.564068, 0.631549, 0.058237, 0.442765, -0.450462, -0.77527, 0.084526, 0.0, 0.0, 0.0, 1.0],
                [0.698601, 0.71525, -0.019403, 0.07881, 0.594502, -0.565148, 0.571994, 0.058237, 0.398152, -0.411131, -0.820029, 0.084526, 0.0, 0.0, 0.0, 1.0],
                [0.713583, 0.700501, -0.009998, 0.07881, 0.583861, -0.586756, 0.561092, 0.058237, 0.387179, -0.406224, -0.827693, 0.084526, 0.0, 0.0, 0.0, 1.0],
                [0.727264, 0.686341, -0.004946, 0.07881, 0.575414, -0.605764, 0.5495, 0.058238, 0.374148, -0.402478, -0.835479, 0.084526, 0.0, 0.0, 0.0, 1.0],
                [0.739515, 0.673058, 0.010567, 0.07881, 0.563664, -0.62775, 0.536856, 0.058238, 0.367968, -0.391057, -0.843608, 0.084526, 0.0, 0.0, 0.0, 1.0],
                [0.750273, 0.660744, 0.022586, 0.07881, 0.554242, -0.64723, 0.523364, 0.058238, 0.360428, -0.380148, -0.85181, 0.084525, 0.0, 0.0, 0.0, 1.0],
                [0.758932, 0.650689, 0.025081, 0.07881, 0.548142, -0.659171, 0.514817, 0.058237, 0.351518, -0.376963, -0.856933, 0.084526, 0.0, 0.0, 0.0, 1.0],
                [0.766952, 0.64115, 0.026708, 0.07881, 0.542728, -0.670302, 0.506106, 0.058237, 0.342391, -0.373664, -0.862058, 0.084525, 0.0, 0.0, 0.0, 1.0],
                [0.774466, 0.632349, 0.01841, 0.07881, 0.537586, -0.673191, 0.507756, 0.058238, 0.333472, -0.383343, -0.861305, 0.084526, 0.0, 0.0, 0.0, 1.0],
                [0.781789, 0.623465, 0.009984, 0.07881, 0.532524, -0.675913, 0.509472, 0.058238, 0.324386, -0.392983, -0.86043, 0.084526, 0.0, 0.0, 0.0, 1.0],
                [0.787973, 0.615707, 0.00237, 0.07881, 0.528088, -0.677809, 0.511566, 0.058238, 0.31658, -0.401848, -0.859241, 0.084526, 0.0, 0.0, 0.0, 1.0],
                [0.794109, 0.607754, -0.005287, 0.078809, 0.523584, -0.679662, 0.513732, 0.058238, 0.308629, -0.410727, -0.857935, 0.084526, 0.0, 0.0, 0.0, 1.0],
                [0.799925, 0.6, -0.01102, 0.078809, 0.51857, -0.681889, 0.515863, 0.058237, 0.302003, -0.418366, -0.856601, 0.084526, 0.0, 0.0, 0.0, 1.0],
                [0.805708, 0.592077, -0.016752, 0.078809, 0.513469, -0.684081, 0.518059, 0.058238, 0.29527, -0.426007, -0.855181, 0.084526, 0.0, 0.0, 0.0, 1.0],
                [0.811548, 0.583973, -0.019157, 0.07881, 0.507038, -0.687581, 0.519755, 0.058238, 0.29035, -0.43152, -0.854101, 0.084526, 0.0, 0.0, 0.0, 1.0],
                [0.817306, 0.575803, -0.021533, 0.07881, 0.500569, -0.691018, 0.521466, 0.058237, 0.285382, -0.436976, -0.853001, 0.084526, 0.0, 0.0, 0.0, 1.0],
                [0.822734, 0.568007, -0.021864, 0.07881, 0.493712, -0.695001, 0.522707, 0.058238, 0.281705, -0.440844, -0.852232, 0.084526, 0.0, 0.0, 0.0, 1.0],
                [0.828202, 0.559991, -0.022191, 0.07881, 0.48669, -0.699032, 0.523916, 0.058238, 0.277876, -0.444709, -0.851481, 0.084526, 0.0, 0.0, 0.0, 1.0],
                [0.83282, 0.55322, -0.018966, 0.07881, 0.479126, -0.703274, 0.52521, 0.058237, 0.277218, -0.446493, -0.850762, 0.084526, 0.0, 0.0, 0.0, 1.0],
                [0.837759, 0.545812, -0.015832, 0.078809, 0.471069, -0.707766, 0.526463, 0.058238, 0.276144, -0.448507, -0.850051, 0.084526, 0.0, 0.0, 0.0, 1.0],
                [0.841933, 0.539478, -0.010666, 0.07881, 0.4632, -0.71247, 0.527099, 0.058237, 0.276758, -0.448723, -0.849737, 0.084526, 0.0, 0.0, 0.0, 1.0],
                [0.846681, 0.532071, -0.005711, 0.078809, 0.454515, -0.717605, 0.527695, 0.058237, 0.276672, -0.449385, -0.849415, 0.084526, 0.0, 0.0, 0.0, 1.0],
                [0.851264, 0.524728, 0.003331, 0.078809, 0.444522, -0.724493, 0.526793, 0.058238, 0.278836, -0.44696, -0.849987, 0.084526, 0.0, 0.0, 0.0, 1.0],
                [0.856074, 0.516713, 0.012093, 0.07881, 0.4341, -0.73151, 0.525787, 0.058237, 0.280527, -0.444864, -0.85053, 0.084526, 0.0, 0.0, 0.0, 1.0],
                [0.86188, 0.506447, 0.025978, 0.078809, 0.420078, -0.741718, 0.522868, 0.058237, 0.284073, -0.439737, -0.852018, 0.084526, 0.0, 0.0, 0.0, 1.0],
                [0.867413, 0.496, 0.039766, 0.07881, 0.406003, -0.751695, 0.519728, 0.058237, 0.287677, -0.434674, -0.853406, 0.084526, 0.0, 0.0, 0.0, 1.0],
                [0.874067, 0.481654, 0.063378, 0.07881, 0.38624, -0.768118, 0.5107, 0.058238, 0.294662, -0.421908, -0.85742, 0.084526, 0.0, 0.0, 0.0, 1.0],
                [0.880356, 0.466288, 0.086894, 0.078809, 0.36591, -0.784224, 0.501103, 0.058238, 0.301802, -0.409354, -0.861014, 0.084526, 0.0, 0.0, 0.0, 1.0],
                [0.885706, 0.448279, 0.120711, 0.078809, 0.341946, -0.805806, 0.483479, 0.058238, 0.314003, -0.386944, -0.866993, 0.084526, 0.0, 0.0, 0.0, 1.0],
                [0.890263, 0.428556, 0.154183, 0.07881, 0.317373, -0.826545, 0.464866, 0.058238, 0.32666, -0.36492, -0.871853, 0.084525, 0.0, 0.0, 0.0, 1.0],
                [0.892676, 0.406551, 0.194543, 0.07881, 0.291746, -0.850251, 0.438131, 0.058237, 0.343533, -0.334351, -0.877607, 0.084526, 0.0, 0.0, 0.0, 1.0],
                [0.893571, 0.383283, 0.233722, 0.07881, 0.266701, -0.872035, 0.410399, 0.058238, 0.361112, -0.304387, -0.881446, 0.084526, 0.0, 0.0, 0.0, 1.0],
                [0.892687, 0.358411, 0.273227, 0.07881, 0.243681, -0.89385, 0.376368, 0.058238, 0.379118, -0.269398, -0.885265, 0.084525, 0.0, 0.0, 0.0, 1.0],
                [0.89031, 0.332915, 0.310673, 0.078809, 0.222172, -0.91313, 0.341812, 0.058237, 0.397478, -0.235296, -0.886932, 0.084526, 0.0, 0.0, 0.0, 1.0],
                [0.887441, 0.308729, 0.342251, 0.078809, 0.203544, -0.928706, 0.309964, 0.058237, 0.413545, -0.205412, -0.88701, 0.084526, 0.0, 0.0, 0.0, 1.0],
                [0.883596, 0.284374, 0.372009, 0.07881, 0.186215, -0.942344, 0.278056, 0.058237, 0.429631, -0.176415, -0.885604, 0.084526, 0.0, 0.0, 0.0, 1.0],
                [0.880372, 0.270449, 0.38962, 0.07881, 0.174919, -0.948724, 0.263302, 0.058238, 0.440851, -0.163652, -0.882535, 0.084526, 0.0, 0.0, 0.0, 1.0],
                [0.876794, 0.25682, 0.406542, 0.07881, 0.164246, -0.954537, 0.248767, 0.058238, 0.451947, -0.151344, -0.879113, 0.084526, 0.0, 0.0, 0.0, 1.0],
                [0.872532, 0.250089, 0.419694, 0.07881, 0.158039, -0.957343, 0.241907, 0.058238, 0.46229, -0.144744, -0.874836, 0.084526, 0.0, 0.0, 0.0, 1.0],
                [0.868074, 0.243165, 0.432804, 0.078809, 0.15173, -0.960063, 0.235073, 0.058237, 0.47268, -0.138391, -0.8703, 0.084525, 0.0, 0.0, 0.0, 1.0],
                [0.863231, 0.241538, 0.443275, 0.07881, 0.149413, -0.961009, 0.232681, 0.058237, 0.482192, -0.134626, -0.86566, 0.084526, 0.0, 0.0, 0.0, 1.0],
                [0.85839, 0.239, 0.453924, 0.07881, 0.146263, -0.962139, 0.229994, 0.058237, 0.491707, -0.131032, -0.860846, 0.084526, 0.0, 0.0, 0.0, 1.0],
                [0.853907, 0.240811, 0.461361, 0.078809, 0.146645, -0.961921, 0.230664, 0.058237, 0.499339, -0.129308, -0.856703, 0.084525, 0.0, 0.0, 0.0, 1.0],
                [0.849692, 0.241192, 0.468883, 0.07881, 0.145724, -0.96203, 0.23079, 0.058238, 0.506744, -0.127773, -0.852576, 0.084526, 0.0, 0.0, 0.0, 1.0],
                [0.844344, 0.245639, 0.476177, 0.078809, 0.148789, -0.96126, 0.232043, 0.058238, 0.514728, -0.125074, -0.848181, 0.084526, 0.0, 0.0, 0.0, 1.0],
                [0.839291, 0.248744, 0.483445, 0.07881, 0.150685, -0.960793, 0.232752, 0.058237, 0.522385, -0.122498, -0.843865, 0.084526, 0.0, 0.0, 0.0, 1.0],
                [0.825869, 0.254268, 0.503278, 0.07881, 0.153538, -0.960237, 0.233181, 0.058237, 0.542557, -0.115304, -0.832068, 0.084526, 0.0, 0.0, 0.0, 1.0],
                [0.812245, 0.25866, 0.522832, 0.07881, 0.15564, -0.959917, 0.233104, 0.058238, 0.56217, -0.107964, -0.819945, 0.084526, 0.0, 0.0, 0.0, 1.0],
                [0.804795, 0.257687, 0.534699, 0.078809, 0.155185, -0.960861, 0.229493, 0.058237, 0.572908, -0.101717, -0.813284, 0.084525, 0.0, 0.0, 0.0, 1.0],
                [0.797314, 0.256165, 0.546507, 0.078809, 0.154365, -0.961899, 0.225665, 0.058238, 0.583491, -0.095564, -0.806477, 0.084526, 0.0, 0.0, 0.0, 1.0],
                [0.784156, 0.257675, 0.564539, 0.07881, 0.155223, -0.962244, 0.223592, 0.058238, 0.600838, -0.087701, -0.794546, 0.084526, 0.0, 0.0, 0.0, 1.0],
                [0.770679, 0.2587, 0.582348, 0.078809, 0.155884, -0.962656, 0.221351, 0.058237, 0.617863, -0.079812, -0.782225, 0.084525, 0.0, 0.0, 0.0, 1.0],
                [0.753304, 0.262133, 0.603175, 0.078809, 0.157066, -0.962303, 0.222047, 0.058237, 0.638643, -0.07253, -0.766078, 0.084525, 0.0, 0.0, 0.0, 1.0],
                [0.735402, 0.265152, 0.623602, 0.078809, 0.158096, -0.962007, 0.2226, 0.058237, 0.658932, -0.065111, -0.74938, 0.084526, 0.0, 0.0, 0.0, 1.0],
                [0.714359, 0.269395, 0.645847, 0.07881, 0.159362, -0.961307, 0.224711, 0.058237, 0.681393, -0.057601, -0.729648, 0.084526, 0.0, 0.0, 0.0, 1.0],
                [0.692646, 0.273268, 0.667508, 0.07881, 0.16052, -0.960645, 0.226708, 0.058237, 0.70319, -0.049879, -0.709251, 0.084526, 0.0, 0.0, 0.0, 1.0],
                [0.66872, 0.278104, 0.689545, 0.07881, 0.1611, -0.959578, 0.230778, 0.058238, 0.725852, -0.04324, -0.686491, 0.084526, 0.0, 0.0, 0.0, 1.0],
                [0.64407, 0.282629, 0.710842, 0.07881, 0.161571, -0.958542, 0.23472, 0.058237, 0.74771, -0.036325, -0.663032, 0.084526, 0.0, 0.0, 0.0, 1.0],
                [0.617193, 0.287683, 0.732334, 0.078809, 0.161457, -0.957261, 0.239969, 0.058237, 0.770069, -0.029866, -0.637262, 0.084525, 0.0, 0.0, 0.0, 1.0],
                [0.589557, 0.292461, 0.752921, 0.07881, 0.161251, -0.956, 0.24508, 0.058238, 0.791468, -0.023079, -0.610775, 0.084525, 0.0, 0.0, 0.0, 1.0],
                [0.575295, 0.293963, 0.763297, 0.078809, 0.159568, -0.955593, 0.247754, 0.058238, 0.802231, -0.020734, -0.596654, 0.084526, 0.0, 0.0, 0.0, 1.0],
                [0.560828, 0.295508, 0.7734, 0.07881, 0.157945, -0.955166, 0.250426, 0.058238, 0.812728, -0.018291, -0.582357, 0.084526, 0.0, 0.0, 0.0, 1.0],
                [0.540041, 0.297179, 0.787427, 0.078809, 0.155538, -0.954713, 0.25364, 0.058237, 0.827143, -0.014501, -0.561806, 0.084526, 0.0, 0.0, 0.0, 1.0],
                [0.518868, 0.298928, 0.800886, 0.07881, 0.153225, -0.954218, 0.256888, 0.058238, 0.841011, -0.010575, -0.540916, 0.084525, 0.0, 0.0, 0.0, 1.0],
                [0.503727, 0.297897, 0.810874, 0.078809, 0.152102, -0.954582, 0.256203, 0.058237, 0.850367, -0.00572, -0.526159, 0.084526, 0.0, 0.0, 0.0, 1.0],
                [0.488378, 0.296977, 0.820544, 0.07881, 0.151096, -0.954886, 0.255668, 0.058237, 0.859452, -0.000881, -0.511216, 0.084526, 0.0, 0.0, 0.0, 1.0],
                [0.490528, 0.291304, 0.821295, 0.07881, 0.152347, -0.956626, 0.248312, 0.058238, 0.858006, 0.003319, -0.51363, 0.084526, 0.0, 0.0, 0.0, 1.0],
                [0.492647, 0.285627, 0.82202, 0.07881, 0.1535, -0.958313, 0.24099, 0.058238, 0.856585, 0.007458, -0.515953, 0.084526, 0.0, 0.0, 0.0, 1.0],
                [0.479058, 0.28004, 0.831915, 0.07881, 0.156679, -0.959806, 0.232867, 0.058238, 0.863688, 0.018787, -0.503678, 0.084526, 0.0, 0.0, 0.0, 1.0],
                [0.465313, 0.274374, 0.841548, 0.07881, 0.160048, -0.961155, 0.224875, 0.058238, 0.870557, 0.030051, -0.49115, 0.084526, 0.0, 0.0, 0.0, 1.0],
                [0.461355, 0.265309, 0.846619, 0.078809, 0.163669, -0.963316, 0.212689, 0.058237, 0.871989, 0.040441, -0.487853, 0.084526, 0.0, 0.0, 0.0, 1.0],
                [0.457362, 0.256203, 0.851576, 0.07881, 0.167376, -0.965287, 0.20052, 0.058238, 0.873388, 0.050823, -0.484367, 0.084526, 0.0, 0.0, 0.0, 1.0],
                [0.456232, 0.247013, 0.85489, 0.07881, 0.17048, -0.967169, 0.188474, 0.058237, 0.873379, 0.059754, -0.483364, 0.084526, 0.0, 0.0, 0.0, 1.0],
                [0.455088, 0.237805, 0.858105, 0.07881, 0.173635, -0.968881, 0.176418, 0.058238, 0.873354, 0.068712, -0.482217, 0.084526, 0.0, 0.0, 0.0, 1.0],
                [0.454376, 0.230973, 0.860345, 0.078809, 0.175498, -0.970084, 0.167748, 0.058237, 0.873352, 0.074768, -0.481318, 0.084526, 0.0, 0.0, 0.0, 1.0],
                [0.453658, 0.224137, 0.86253, 0.07881, 0.177393, -0.9712, 0.159073, 0.058238, 0.873342, 0.080842, -0.480353, 0.084525, 0.0, 0.0, 0.0, 1.0],
                [0.453032, 0.218805, 0.864226, 0.07881, 0.179296, -0.971968, 0.152095, 0.058238, 0.873279, 0.086049, -0.479563, 0.084525, 0.0, 0.0, 0.0, 1.0],
                [0.452407, 0.213471, 0.865886, 0.07881, 0.18122, -0.972678, 0.145115, 0.058238, 0.873206, 0.091265, -0.478731, 0.084526, 0.0, 0.0, 0.0, 1.0],
                [0.451693, 0.211078, 0.866845, 0.07881, 0.182521, -0.972924, 0.141801, 0.058237, 0.873304, 0.094167, -0.477989, 0.084526, 0.0, 0.0, 0.0, 1.0],
                [0.450981, 0.208685, 0.867795, 0.07881, 0.18383, -0.973155, 0.138488, 0.058237, 0.873398, 0.097072, -0.477236, 0.084526, 0.0, 0.0, 0.0, 1.0],
                [0.449688, 0.20791, 0.868651, 0.07881, 0.184284, -0.973204, 0.137533, 0.058238, 0.873969, 0.098232, -0.475952, 0.084526, 0.0, 0.0, 0.0, 1.0],
                [0.448395, 0.207133, 0.869505, 0.07881, 0.18474, -0.973252, 0.136579, 0.058238, 0.874537, 0.099391, -0.474666, 0.084526, 0.0, 0.0, 0.0, 1.0],
                [0.447656, 0.206772, 0.869971, 0.078809, 0.185029, -0.973263, 0.136112, 0.058237, 0.874854, 0.100039, -0.473945, 0.084526, 0.0, 0.0, 0.0, 1.0],
                [0.446917, 0.20641, 0.870437, 0.07881, 0.185319, -0.973272, 0.135646, 0.058238, 0.87517, 0.100686, -0.473223, 0.084526, 0.0, 0.0, 0.0, 1.0],
                [0.446917, 0.20641, 0.870437, 0.07881, 0.185319, -0.973272, 0.135646, 0.058238, 0.87517, 0.100686, -0.473223, 0.084526, 0.0, 0.0, 0.0, 1.0]
            ]
        },
        {
            "name": "Leg_R",
            "time": [0.0, 0.0167, 0.0333, 0.05, 0.0667, 0.0833, 0.1, 0.1167, 0.1333, 0.15, 0.1667, 0.1833, 0.2, 0.2167, 0.2333, 0.25, 0.2667, 0.2833, 0.3, 0.3167, 0.3333, 0.35, 0.3667, 0.3833, 0.4, 0.4167, 0.4333, 0.45, 0.4667, 0.4833, 0.5, 0.5167, 0.5333, 0.55, 0.5667, 0.5833, 0.6, 0.6167, 0.6333, 0.65, 0.6667, 0.6833, 0.7, 0.7167, 0.7333, 0.75, 0.7667, 0.7833, 0.8, 0.8167, 0.8333, 0.85, 0.8667, 0.8833, 0.9, 0.9167, 0.9333, 0.95, 0.9667, 0.9833, 1.0, 1.0167, 1.0333, 1.05, 1.0667, 1.0833, 1.1, 1.1167, 1.1333, 1.15, 1.1667, 1.1833, 1.2, 1.2167, 1.2333, 1.25, 1.2667, 1.2833, 1.3, 1.3167, 1.3333, 1.35, 1.3667, 1.3833, 1.4, 1.4167, 1.4333, 1.45, 1.4667, 1.4833, 1.5, 1.5167, 1.5333, 1.55, 1.5667, 1.5833, 1.6, 1.6167, 1.6333, 1.65, 1.6667, 1.6833, 1.7, 1.7167, 1.7333, 1.75, 1.7667],
            "transform": [
                [0.999999, -0.0, -0.0, 0.0, 0.0, 0.672867, 0.739764, 0.37472, 0.0, -0.739765, 0.672866, -0.0, 0.0, 0.0, 0.0, 1.0],
                [0.999999, -0.0, -0.0, -0.0, 0.0, 0.672867, 0.739764, 0.37472, 0.0, -0.739765, 0.672866, 0.0, 0.0, 0.0, 0.0, 1.0],
                [0.999999, -0.0, 0.0, -0.0, 0.0, 0.642461, 0.76632, 0.37472, -0.0, -0.76632, 0.64246, -0.0, 0.0, 0.0, 0.0, 1.0],
                [0.999998, -0.0, -0.0, 0.0, 0.0, 0.611007, 0.791626, 0.37472, 0.0, -0.791626, 0.611006, 0.0, 0.0, 0.0, 0.0, 1.0],
                [0.999999, -0.0, -0.0, -0.0, 0.0, 0.466362, 0.884594, 0.37472, 0.0, -0.884595, 0.466362, 0.0, 0.0, 0.0, 0.0, 1.0],
                [0.999999, 0.0, -0.0, -0.0, 0.0, 0.307929, 0.951409, 0.37472, 0.0, -0.95141, 0.307929, -0.0, 0.0, 0.0, 0.0, 1.0],
                [0.999999, 0.0, -0.0, 0.0, 0.0, 0.14114, 0.989989, 0.37472, 0.0, -0.989991, 0.14114, -0.0, 0.0, 0.0, 0.0, 1.0],
                [0.999999, 0.0, 0.0, 0.0, -0.0, -0.029785, 0.999556, 0.37472, 0.0, -0.999557, -0.029785, 0.0, 0.0, 0.0, 0.0, 1.0],
                [0.999999, 0.0, -0.0, -0.0, 0.0, 0.12357, 0.992335, 0.37472, 0.0, -0.992337, 0.12357, 0.0, 0.0, 0.0, 0.0, 1.0],
                [0.999999, -0.0, -0.0, 0.0, 0.0, 0.274012, 0.961726, 0.37472, 0.0, -0.961728, 0.274012, 0.0, 0.0, 0.0, 0.0, 1.0],
                [0.999999, -0.0, -0.0, -0.0, 0.0, 0.56142, 0.827531, 0.37472, -0.0, -0.827532, 0.561419, -0.0, 0.0, 0.0, 0.0, 1.0],
                [0.999999, -0.0, -0.0, 0.0, 0.0, 0.792342, 0.610078, 0.37472, -0.0, -0.610078, 0.792342, 0.0, 0.0, 0.0, 0.0, 1.0],
                [0.999999, -0.0, 0.0, -0.0, 0.0, 0.650104, 0.759846, 0.37472, -0.0, -0.759846, 0.650103, 0.0, 0.0, 0.0, 0.0, 1.0],
                [0.999999, 0.0, 0.0, 0.0, 0.0, 0.480131, 0.877197, 0.37472, 0.0, -0.877198, 0.480131, 0.0, 0.0, 0.0, 0.0, 1.0],
                [0.999999, -0.0, 0.0, -0.0, -0.0, 0.260025, 0.965602, 0.37472, -0.0, -0.965603, 0.260025, 0.0, 0.0, 0.0, 0.0, 1.0],
                [0.999998, -0.0, 0.0, -0.0, -0.0, 0.025289, 0.99968, 0.37472, -0.0, -0.999681, 0.025289, 0.0, 0.0, 0.0, 0.0, 1.0],
                [0.999999, -0.0, -0.0, -0.0, 0.0, -0.137794, 0.990461, 0.37472, -0.0, -0.990462, -0.137794, 0.0, 0.0, 0.0, 0.0, 1.0],
                [0.999999, -0.0, -0.0, -0.0, 0.0, -0.2972, 0.954815, 0.37472, -0.0, -0.954816, -0.2972, -0.0, 0.0, 0.0, 0.0, 1.0],
                [0.999999, -0.0, -0.0, 0.0, 0.0, -0.312818, 0.949813, 0.37472, -0.0, -0.949814, -0.312818, 0.0, 0.0, 0.0, 0.0, 1.0],
                [0.999999, -0.0, -0.0, -0.0, 0.0, -0.328351, 0.944555, 0.37472, -0.0, -0.944557, -0.328351, -0.0, 0.0, 0.0, 0.0, 1.0],
                [0.999999, -0.0, -0.0, 0.0, 0.0, -0.199006, 0.979998, 0.37472, -0.0, -0.98, -0.199006, -0.0, 0.0, 0.0, 0.0, 1.0],
                [0.999999, -0.0, -0.0, -0.0, 0.0, -0.066081, 0.997814, 0.37472, -0.0, -0.997816, -0.066081, 0.0, 0.0, 0.0, 0.0, 1.0],
                [0.999999, -0.0, -0.0, 0.0, 0.0, 0.035931, 0.999354, 0.37472, -0.0, -0.999356, 0.035931, -0.0, 0.0, 0.0, 0.0, 1.0],
                [0.999998, -0.0, -0.0, 0.0, 0.0, 0.13757, 0.990492, 0.37472, -0.0, -0.990493, 0.13757, -0.0, 0.0, 0.0, 0.0, 1.0],
                [0.999999, 0.0, -0.0, -0.0, 0.0, 0.119985, 0.992775, 0.37472, -0.0, -0.992777, 0.119985, -0.0, 0.0, 0.0, 0.0, 1.0],
                [0.999999, 0.0, 0.0, 0.0, 0.0, 0.102362, 0.994747, 0.37472, 0.0, -0.994748, 0.102362, -0.0, 0.0, 0.0, 0.0, 1.0],
                [0.999999, -0.0, -0.0, -0.0, 0.0, 0.105508, 0.994418, 0.374721, -0.0, -0.99442, 0.105508, -0.0, 0.0, 0.0, 0.0, 1.0],
                [0.999999, -0.0, -0.0, -0.0, 0.0, 0.108654, 0.994079, 0.37472, -0.0, -0.994081, 0.108654, 0.0, 0.0, 0.0, 0.0, 1.0],
                [0.999999, 0.0, 0.0, -0.0, -0.0, 0.115917, 0.993258, 0.37472, 0.0, -0.99326, 0.115917, 0.0, 0.0, 0.0, 0.0, 1.0],
                [0.999999, -0.0, 0.0, -0.0, -0.0, 0.123174, 0.992385, 0.37472, -0.0, -0.992386, 0.123174, 0.0, 0.0, 0.0, 0.0, 1.0],
                [0.999999, 0.0, -0.0, 0.0, 0.0, 0.113508, 0.993537, 0.37472, -0.0, -0.993538, 0.113508, 0.0, 0.0, 0.0, 0.0, 1.0],
                [0.999999, 0.0, 0.0, 0.0, 0.0, 0.103832, 0.994595, 0.37472, 0.0, -0.994596, 0.103831, 0.0, 0.0, 0.0, 0.0, 1.0],
                [0.999999, -0.0, -0.0, 0.0, 0.0, 0.095261, 0.995452, 0.37472, -0.0, -0.995454, 0.09526, 0.0, 0.0, 0.0, 0.0, 1.0],
                [0.999998, 0.0, -0.0, -0.0, 0.0, 0.086682, 0.996236, 0.37472, 0.0, -0.996237, 0.086682, 0.0, 0.0, 0.0, 0.0, 1.0],
                [0.999999, -0.0, 0.0, 0.0, -0.0, 0.081346, 0.996686, 0.37472, -0.0, -0.996687, 0.081346, -0.0, 0.0, 0.0, 0.0, 1.0],
                [0.999999, -0.0, -0.0, -0.0, 0.0, 0.076007, 0.997107, 0.37472, 0.0, -0.997109, 0.076007, -0.0, 0.0, 0.0, 0.0, 1.0],
                [0.999999, -0.0, -0.0, -0.0, 0.0, 0.07379, 0.997274, 0.37472, 0.0, -0.997275, 0.07379, 0.0, 0.0, 0.0, 0.0, 1.0],
                [0.999999, -0.0, -0.0, 0.0, 0.0, 0.071573, 0.997434, 0.37472, -0.0, -0.997437, 0.071573, 0.0, 0.0, 0.0, 0.0, 1.0],
                [0.999999, -0.0, -0.0, 0.0, 0.0, 0.071583, 0.997434, 0.37472, -0.0, -0.997436, 0.071583, -0.0, 0.0, 0.0, 0.0, 1.0],
                [0.999999, -0.0, -0.0, 0.0, 0.0, 0.071593, 0.997434, 0.37472, -0.0, -0.997435, 0.071593, -0.0, 0.0, 0.0, 0.0, 1.0],
                [0.999999, 0.0, -0.0, -0.0, 0.0, 0.072867, 0.997341, 0.37472, 0.0, -0.997343, 0.072867, -0.0, 0.0, 0.0, 0.0, 1.0],
                [0.999999, 0.0, -0.0, 0.0, 0.0, 0.074142, 0.997247, 0.37472, 0.0, -0.997249, 0.074142, -0.0, 0.0, 0.0, 0.0, 1.0],
                [0.999999, 0.0, -0.0, -0.0, 0.0, 0.078281, 0.996931, 0.37472, 0.0, -0.996933, 0.078281, 0.0, 0.0, 0.0, 0.0, 1.0],
                [0.999999, 0.0, -0.0, 0.0, 0.0, 0.08242, 0.996597, 0.37472, 0.0, -0.996599, 0.082419, 0.0, 0.0, 0.0, 0.0, 1.0],
                [0.999999, -0.0, -0.0, 0.0, 0.0, 0.09267, 0.995696, 0.37472, -0.0, -0.995698, 0.09267, -0.0, 0.0, 0.0, 0.0, 1.0],
                [0.999999, 0.0, 0.0, -1e-06, -0.0, 0.102911, 0.99469, 0.37472, 0.0, -0.994692, 0.102911, 0.0, 0.0, 0.0, 0.0, 1.0],
                [0.999999, -0.0, -0.0, 0.0, -0.0, 0.121224, 0.992625, 0.37472, -0.0, -0.992627, 0.121224, 0.0, 0.0, 0.0, 0.0, 1.0],
                [0.999999, -0.0, -0.0, 0.0, 0.0, 0.139496, 0.990223, 0.37472, -0.0, -0.990224, 0.139496, -0.0, 0.0, 0.0, 0.0, 1.0],
                [0.999999, -0.0, 0.0, 0.0, -0.0, 0.174615, 0.984636, 0.37472, -0.0, -0.984638, 0.174614, 0.0, 0.0, 0.0, 0.0, 1.0],
                [0.999999, 0.0, 0.0, 0.0, -0.0, 0.209513, 0.977806, 0.37472, 0.0, -0.977807, 0.209512, 0.0, 0.0, 0.0, 0.0, 1.0],
                [0.999999, 0.0, -0.0, 0.0, 0.0, 0.264428, 0.964405, 0.37472, 0.0, -0.964407, 0.264427, 0.0, 0.0, 0.0, 0.0, 1.0],
                [0.999999, -0.0, -0.0, 0.0, 0.0, 0.318497, 0.947923, 0.37472, -0.0, -0.947926, 0.318496, -0.0, 0.0, 0.0, 0.0, 1.0],
                [0.999999, 0.0, 0.0, 0.0, -0.0, 0.38613, 0.922444, 0.37472, 0.0, -0.922446, 0.38613, -0.0, 0.0, 0.0, 0.0, 1.0],
                [0.999998, 0.0, 0.0, -0.0, -0.0, 0.451746, 0.892146, 0.37472, -0.0, -0.892148, 0.451745, 0.0, 0.0, 0.0, 0.0, 1.0],
                [0.999999, -0.0, -0.0, 0.0, 0.0, 0.520696, 0.853742, 0.37472, -0.0, -0.853743, 0.520695, -0.0, 0.0, 0.0, 0.0, 1.0],
                [0.999999, -0.0, -0.0, 0.0, 0.0, 0.586402, 0.81002, 0.37472, -0.0, -0.810021, 0.586402, 0.0, 0.0, 0.0, 0.0, 1.0],
                [0.999999, -0.0, -0.0, -0.0, 0.0, 0.638762, 0.769405, 0.37472, 0.0, -0.769405, 0.638762, -0.0, 0.0, 0.0, 0.0, 1.0],
                [0.999999, -0.0, -0.0, -0.0, 0.0, 0.688318, 0.72541, 0.37472, 0.0, -0.72541, 0.688317, 0.0, 0.0, 0.0, 0.0, 1.0],
                [0.999999, -0.0, -0.0, 0.0, 0.0, 0.708729, 0.705482, 0.37472, 0.0, -0.705482, 0.708728, 0.0, 0.0, 0.0, 0.0, 1.0],
                [0.999999, -0.0, -0.0, 0.0, 0.0, 0.728563, 0.68498, 0.37472, 0.0, -0.68498, 0.728562, 0.0, 0.0, 0.0, 0.0, 1.0],
