{
    "animation": [
        {
            "name": "Root",
            "time": [0.0, 0.0167, 0.0333, 0.05, 0.0667, 0.0833, 0.1, 0.1167, 0.1333, 0.15, 0.1667, 0.1833, 0.2, 0.2167, 0.2333, 0.25, 0.2667, 0.2833, 0.3, 0.3167, 0.3333, 0.35, 0.3667, 0.3833, 0.4, 0.4167, 0.4333, 0.45, 0.4667, 0.4833, 0.5, 0.5167, 0.5333, 0.55, 0.5667, 0.5833, 0.6, 0.6167, 0.6333, 0.65, 0.6667, 0.6833, 0.7, 0.7167, 0.7333, 0.75, 0.7667, 0.7833, 0.8, 0.8167, 0.8333, 0.85, 0.8667, 0.8833, 0.9, 0.9167, 0.9333, 0.95, 0.9667, 0.9833, 1.0, 1.0167, 1.0333, 1.05, 1.0667, 1.0833, 1.1, 1.1167, 1.1333, 1.15, 1.1667, 1.1833, 1.2, 1.2167, 1.2333, 1.25, 1.2667, 1.2833, 1.3, 1.3167, 1.3333, 1.35, 1.3667, 1.3833, 1.4, 1.4167, 1.4333, 1.45, 1.4667, 1.4833, 1.5, 1.5167, 1.5333, 1.55, 1.5667, 1.5833, 1.6, 1.6167, 1.6333, 1.65, 1.6667, 1.6833, 1.7, 1.7167, 1.7333, 1.75, 1.7667, 1.7833, 1.8, 1.8167, 1.8333, 1.85, 1.8667, 1.8833, 1.9, 1.9167, 1.9333, 1.95, 1.9667, 1.9833, 2.0, 2.0167, 2.0333, 2.05, 2.0667, 2.0833, 2.1, 2.1167, 2.1333, 2.15, 2.1667, 2.1833, 2.2, 2.2167, 2.2333, 2.25, 2.2667, 2.2833, 2.3, 2.3167, 2.3333, 2.35, 2.3667, 2.3833, 2.4, 2.4167, 2.4333, 2.45, 2.4667, 2.4833, 2.5, 2.5167, 2.5333, 2.55, 2.5667, 2.5833, 2.6, 2.6167, 2.6333, 2.65, 2.6667, 2.6833, 2.7, 2.7167, 2.7333, 2.75, 2.7667, 2.7833, 2.8, 2.8167, 2.8333, 2.85, 2.8667, 2.8833, 2.9, 2.9167, 2.9333, 2.95, 2.9667, 2.9833, 3.0],
            "transform": [
                [-0.0, 0.0, 1.0, 0.020518, 1.0, -0.0, 0.0, -0.314419, 0.0, 1.0, -0.0, 0.361143, 0.0, 0.0, 0.0, 1.0],
                [-0.0, 0.0, 1.0, 0.020518, 1.0, -0.0, 0.0, -0.314419, 0.0, 1.0, -0.0, 0.351587, 0.0, 0.0, 0.0, 1.0],
                [-0.0, 0.0, 1.0, 0.020518, 1.0, -0.0, 0.0, -0.314411, 0.0, 1.0, -0.0, 0.342031, 0.0, 0.0, 0.0, 1.0],
                [-0.0, 0.0, 1.0, 0.020518, 1.0, -0.0, 0.0, -0.314404, 0.0, 1.0, -0.0, 0.332475, 0.0, 0.0, 0.0, 1.0],
                [-0.0, 0.0, 1.0, 0.020518, 1.0, -0.0, 0.0, -0.314396, 0.0, 1.0, -0.0, 0.322919, 0.0, 0.0, 0.0, 1.0],
                [-0.0, 0.0, 1.0, 0.020517, 1.0, -0.0, 0.0, -0.314389, 0.0, 1.0, -0.0, 0.313363, 0.0, 0.0, 0.0, 1.0],
                [-0.0, 0.0, 1.0, 0.020517, 1.0, -0.0, 0.0, -0.314381, 0.0, 1.0, -0.0, 0.303807, 0.0, 0.0, 0.0, 1.0],
                [-0.0, 0.0, 1.0, 0.020517, 1.0, -0.0, 0.0, -0.314374, 0.0, 1.0, -0.0, 0.294252, 0.0, 0.0, 0.0, 1.0],
                [-0.0, 0.0, 1.0, 0.020517, 1.0, -0.0, 0.0, -0.314366, 0.0, 1.0, -0.0, 0.284696, 0.0, 0.0, 0.0, 1.0],
                [-0.0, 0.0, 1.0, 0.020517, 1.0, -0.0, 0.0, -0.314359, 0.0, 1.0, -0.0, 0.27514, 0.0, 0.0, 0.0, 1.0],
                [-0.0, 0.0, 1.0, 0.020516, 1.0, -0.0, 0.0, -0.314351, 0.0, 1.0, -0.0, 0.265584, 0.0, 0.0, 0.0, 1.0],
                [-0.0, 0.0, 1.0, 0.020516, 1.0, -0.0, 0.0, -0.314343, 0.0, 1.0, -0.0, 0.266453, 0.0, 0.0, 0.0, 1.0],
                [-0.0, 0.0, 1.0, 0.020516, 1.0, -0.0, 0.0, -0.314336, 0.0, 1.0, -0.0, 0.267321, 0.0, 0.0, 0.0, 1.0],
                [-0.0, 0.0, 1.0, 0.020516, 1.0, -0.0, 0.0, -0.314328, 0.0, 1.0, -0.0, 0.26819, 0.0, 0.0, 0.0, 1.0],
                [-0.0, 0.0, 1.0, 0.020515, 1.0, -0.0, 0.0, -0.314321, 0.0, 1.0, -0.0, 0.269059, 0.0, 0.0, 0.0, 1.0],
                [-0.0, 0.0, 1.0, 0.020515, 1.0, -0.0, 0.0, -0.314313, 0.0, 1.0, -0.0, 0.269928, 0.0, 0.0, 0.0, 1.0],
                [-0.0, 0.0, 1.0, 0.020515, 1.0, -0.0, 0.0, -0.314306, 0.0, 1.0, -0.0, 0.270796, 0.0, 0.0, 0.0, 1.0],
                [-0.0, 0.0, 1.0, 0.020515, 1.0, -0.0, 0.0, -0.314298, 0.0, 1.0, -0.0, 0.271665, 0.0, 0.0, 0.0, 1.0],
                [-0.0, 0.0, 1.0, 0.020515, 1.0, -0.0, 0.0, -0.314291, 0.0, 1.0, -0.0, 0.272534, 0.0, 0.0, 0.0, 1.0],
                [-0.0, 0.0, 1.0, 0.020514, 1.0, -0.0, 0.0, -0.314283, 0.0, 1.0, -0.0, 0.273402, 0.0, 0.0, 0.0, 1.0],
                [-0.0, 0.0, 1.0, 0.020514, 1.0, -0.0, 0.0, -0.314276, 0.0, 1.0, -0.0, 0.274271, 0.0, 0.0, 0.0, 1.0],
                [-0.0, 0.0, 1.0, 0.020514, 1.0, -0.0, 0.0, -0.314268, 0.0, 1.0, -0.0, 0.27514, 0.0, 0.0, 0.0, 1.0],
                [-0.0, 0.0, 1.0, 0.020514, 1.0, -0.0, 0.0, -0.314261, 0.0, 1.0, -0.0, 0.276009, 0.0, 0.0, 0.0, 1.0],
                [-0.0, 0.0, 1.0, 0.020513, 1.0, -0.0, 0.0, -0.314253, 0.0, 1.0, -0.0, 0.276877, 0.0, 0.0, 0.0, 1.0],
                [-0.0, 0.0, 1.0, 0.020513, 1.0, -0.0, 0.0, -0.314246, 0.0, 1.0, -0.0, 0.277746, 0.0, 0.0, 0.0, 1.0],
                [-0.0, 0.0, 1.0, 0.020513, 1.0, -0.0, 0.0, -0.314238, 0.0, 1.0, -0.0, 0.278615, 0.0, 0.0, 0.0, 1.0],
                [-0.0, 0.0, 1.0, 0.020513, 1.0, -0.0, 0.0, -0.31423, 0.0, 1.0, -0.0, 0.279483, 0.0, 0.0, 0.0, 1.0],
                [-0.0, 0.0, 1.0, 0.020513, 1.0, -0.0, 0.0, -0.314223, 0.0, 1.0, -0.0, 0.280352, 0.0, 0.0, 0.0, 1.0],
                [-0.0, 0.0, 1.0, 0.020512, 1.0, -0.0, 0.0, -0.314215, 0.0, 1.0, -0.0, 0.281221, 0.0, 0.0, 0.0, 1.0],
                [-0.0, 0.0, 1.0, 0.020512, 1.0, -0.0, 0.0, -0.314208, 0.0, 1.0, -0.0, 0.28209, 0.0, 0.0, 0.0, 1.0],
                [-0.0, 0.0, 1.0, 0.020512, 1.0, -0.0, 0.0, -0.3142, 0.0, 1.0, -0.0, 0.282958, 0.0, 0.0, 0.0, 1.0],
                [-0.0, 0.0, 1.0, 0.020512, 1.0, -0.0, 0.0, -0.314193, 0.0, 1.0, -0.0, 0.283827, 0.0, 0.0, 0.0, 1.0],
                [-0.0, 0.0, 1.0, 0.020511, 1.0, -0.0, 0.0, -0.314185, 0.0, 1.0, -0.0, 0.284696, 0.0, 0.0, 0.0, 1.0],
                [-0.0, 0.0, 1.0, 0.020511, 1.0, -0.0, 0.0, -0.314178, 0.0, 1.0, -0.0, 0.285564, 0.0, 0.0, 0.0, 1.0],
                [-0.0, 0.0, 1.0, 0.020511, 1.0, -0.0, 0.0, -0.31417, 0.0, 1.0, -0.0, 0.286433, 0.0, 0.0, 0.0, 1.0],
                [-0.0, 0.0, 1.0, 0.020511, 1.0, -0.0, 0.0, -0.314163, 0.0, 1.0, -0.0, 0.287302, 0.0, 0.0, 0.0, 1.0],
                [-0.0, 0.0, 1.0, 0.020511, 1.0, -0.0, 0.0, -0.314155, 0.0, 1.0, -0.0, 0.288171, 0.0, 0.0, 0.0, 1.0],
                [-0.0, 0.0, 1.0, 0.02051, 1.0, -0.0, 0.0, -0.314148, 0.0, 1.0, -0.0, 0.289039, 0.0, 0.0, 0.0, 1.0],
                [-0.0, 0.0, 1.0, 0.02051, 1.0, -0.0, 0.0, -0.31414, 0.0, 1.0, -0.0, 0.289908, 0.0, 0.0, 0.0, 1.0],
                [-0.0, 0.0, 1.0, 0.02051, 1.0, -0.0, 0.0, -0.314132, 0.0, 1.0, -0.0, 0.290777, 0.0, 0.0, 0.0, 1.0],
                [-0.0, 0.0, 1.0, 0.02051, 1.0, -0.0, 0.0, -0.314125, 0.0, 1.0, -0.0, 0.291645, 0.0, 0.0, 0.0, 1.0],
                [-0.0, 0.0, 1.0, 0.020509, 1.0, -0.0, 0.0, -0.314117, 0.0, 1.0, -0.0, 0.292514, 0.0, 0.0, 0.0, 1.0],
                [-0.0, 0.0, 1.0, 0.020509, 1.0, -0.0, 0.0, -0.31411, 0.0, 1.0, -0.0, 0.293383, 0.0, 0.0, 0.0, 1.0],
                [-0.0, 0.0, 1.0, 0.020509, 1.0, -0.0, 0.0, -0.314102, 0.0, 1.0, -0.0, 0.294252, 0.0, 0.0, 0.0, 1.0],
                [-0.0, 0.0, 1.0, 0.020509, 1.0, -0.0, 0.0, -0.314095, 0.0, 1.0, -0.0, 0.29512, 0.0, 0.0, 0.0, 1.0],
                [-0.0, 0.0, 1.0, 0.020509, 1.0, -0.0, 0.0, -0.314087, 0.0, 1.0, -0.0, 0.295989, 0.0, 0.0, 0.0, 1.0],
                [-0.0, 0.0, 1.0, 0.020508, 1.0, -0.0, 0.0, -0.31408, 0.0, 1.0, -0.0, 0.296858, 0.0, 0.0, 0.0, 1.0],
                [-0.0, 0.0, 1.0, 0.020508, 1.0, -0.0, 0.0, -0.314072, 0.0, 1.0, -0.0, 0.297726, 0.0, 0.0, 0.0, 1.0],
                [-0.0, 0.0, 1.0, 0.020508, 1.0, -0.0, 0.0, -0.314065, 0.0, 1.0, -0.0, 0.298595, 0.0, 0.0, 0.0, 1.0],
                [-0.0, 0.0, 1.0, 0.020508, 1.0, -0.0, 0.0, -0.314057, 0.0, 1.0, -0.0, 0.299464, 0.0, 0.0, 0.0, 1.0],
                [-0.0, 0.0, 1.0, 0.020507, 1.0, -0.0, 0.0, -0.31405, 0.0, 1.0, -0.0, 0.300333, 0.0, 0.0, 0.0, 1.0],
                [-0.0, 0.0, 1.0, 0.020507, 1.0, -0.0, 0.0, -0.314042, 0.0, 1.0, -0.0, 0.301201, 0.0, 0.0, 0.0, 1.0],
                [-0.0, 0.0, 1.0, 0.020507, 1.0, -0.0, 0.0, -0.314035, 0.0, 1.0, -0.0, 0.30207, 0.0, 0.0, 0.0, 1.0],
                [-0.0, 0.0, 1.0, 0.020507, 1.0, -0.0, 0.0, -0.314027, 0.0, 1.0, -0.0, 0.302939, 0.0, 0.0, 0.0, 1.0],
                [-0.0, 0.0, 1.0, 0.020507, 1.0, -0.0, 0.0, -0.314019, 0.0, 1.0, -0.0, 0.303807, 0.0, 0.0, 0.0, 1.0],
                [-0.0, 0.0, 1.0, 0.020506, 1.0, -0.0, 0.0, -0.314012, 0.0, 1.0, -0.0, 0.304676, 0.0, 0.0, 0.0, 1.0],
                [-0.0, 0.0, 1.0, 0.020506, 1.0, -0.0, 0.0, -0.314004, 0.0, 1.0, -0.0, 0.305545, 0.0, 0.0, 0.0, 1.0],
                [-0.0, 0.0, 1.0, 0.020506, 1.0, -0.0, 0.0, -0.313997, 0.0, 1.0, -0.0, 0.306414, 0.0, 0.0, 0.0, 1.0],
                [-0.0, 0.0, 1.0, 0.020506, 1.0, -0.0, 0.0, -0.313989, 0.0, 1.0, -0.0, 0.307282, 0.0, 0.0, 0.0, 1.0],
                [-0.0, 0.0, 1.0, 0.020506, 1.0, -0.0, 0.0, -0.313982, 0.0, 1.0, -0.0, 0.308151, 0.0, 0.0, 0.0, 1.0],
                [-0.0, 0.0, 1.0, 0.020505, 1.0, -0.0, 0.0, -0.313974, 0.0, 1.0, -0.0, 0.30902, 0.0, 0.0, 0.0, 1.0],
                [-0.0, 0.0, 1.0, 0.020505, 1.0, -0.0, 0.0, -0.313967, 0.0, 1.0, -0.0, 0.309888, 0.0, 0.0, 0.0, 1.0],
                [-0.0, 0.0, 1.0, 0.020505, 1.0, -0.0, 0.0, -0.313959, 0.0, 1.0, -0.0, 0.310757, 0.0, 0.0, 0.0, 1.0],
                [-0.0, 0.0, 1.0, 0.020505, 1.0, -0.0, 0.0, -0.313952, 0.0, 1.0, -0.0, 0.311626, 0.0, 0.0, 0.0, 1.0],
                [-0.0, 0.0, 1.0, 0.020504, 1.0, -0.0, 0.0, -0.313944, 0.0, 1.0, -0.0, 0.312495, 0.0, 0.0, 0.0, 1.0],
                [-0.0, 0.0, 1.0, 0.020504, 1.0, -0.0, 0.0, -0.313937, 0.0, 1.0, -0.0, 0.313363, 0.0, 0.0, 0.0, 1.0],
                [-0.0, 0.0, 1.0, 0.020504, 1.0, -0.0, 0.0, -0.313929, 0.0, 1.0, -0.0, 0.314232, 0.0, 0.0, 0.0, 1.0],
                [-0.0, 0.0, 1.0, 0.020504, 1.0, -0.0, 0.0, -0.313921, 0.0, 1.0, -0.0, 0.315101, 0.0, 0.0, 0.0, 1.0],
                [-0.0, 0.0, 1.0, 0.020504, 1.0, -0.0, 0.0, -0.313914, 0.0, 1.0, -0.0, 0.315969, 0.0, 0.0, 0.0, 1.0],
                [-0.0, 0.0, 1.0, 0.020503, 1.0, -0.0, 0.0, -0.313906, 0.0, 1.0, -0.0, 0.316838, 0.0, 0.0, 0.0, 1.0],
                [-0.0, 0.0, 1.0, 0.020503, 1.0, -0.0, 0.0, -0.313899, 0.0, 1.0, -0.0, 0.317707, 0.0, 0.0, 0.0, 1.0],
                [-0.0, 0.0, 1.0, 0.020503, 1.0, -0.0, 0.0, -0.313891, 0.0, 1.0, -0.0, 0.318576, 0.0, 0.0, 0.0, 1.0],
                [-0.0, 0.0, 1.0, 0.020503, 1.0, -0.0, 0.0, -0.313884, 0.0, 1.0, -0.0, 0.319444, 0.0, 0.0, 0.0, 1.0],
                [-0.0, 0.0, 1.0, 0.020502, 1.0, -0.0, 0.0, -0.313876, 0.0, 1.0, -0.0, 0.320313, 0.0, 0.0, 0.0, 1.0],
                [-0.0, 0.0, 1.0, 0.020502, 1.0, -0.0, 0.0, -0.313869, 0.0, 1.0, -0.0, 0.321182, 0.0, 0.0, 0.0, 1.0],
                [-0.0, 0.0, 1.0, 0.020502, 1.0, -0.0, 0.0, -0.313861, 0.0, 1.0, -0.0, 0.32205, 0.0, 0.0, 0.0, 1.0],
                [-0.0, 0.0, 1.0, 0.020502, 1.0, -0.0, 0.0, -0.313854, 0.0, 1.0, -0.0, 0.322919, 0.0, 0.0, 0.0, 1.0],
                [-0.0, 0.0, 1.0, 0.020502, 1.0, -0.0, 0.0, -0.313846, 0.0, 1.0, -0.0, 0.323788, 0.0, 0.0, 0.0, 1.0],
                [-0.0, 0.0, 1.0, 0.020501, 1.0, -0.0, 0.0, -0.313839, 0.0, 1.0, -0.0, 0.324657, 0.0, 0.0, 0.0, 1.0],
                [-0.0, 0.0, 1.0, 0.020501, 1.0, -0.0, 0.0, -0.313831, 0.0, 1.0, -0.0, 0.325525, 0.0, 0.0, 0.0, 1.0],
                [-0.0, 0.0, 1.0, 0.020501, 1.0, -0.0, 0.0, -0.313823, 0.0, 1.0, -0.0, 0.326394, 0.0, 0.0, 0.0, 1.0],
                [-0.0, 0.0, 1.0, 0.020501, 1.0, -0.0, 0.0, -0.313816, 0.0, 1.0, -0.0, 0.327263, 0.0, 0.0, 0.0, 1.0],
                [-0.0, 0.0, 1.0, 0.0205, 1.0, -0.0, 0.0, -0.313808, 0.0, 1.0, -0.0, 0.328131, 0.0, 0.0, 0.0, 1.0],
                [-0.0, 0.0, 1.0, 0.0205, 1.0, -0.0, 0.0, -0.313801, 0.0, 1.0, -0.0, 0.329, 0.0, 0.0, 0.0, 1.0],
                [-0.0, 0.0, 1.0, 0.0205, 1.0, -0.0, 0.0, -0.313793, 0.0, 1.0, -0.0, 0.329869, 0.0, 0.0, 0.0, 1.0],
                [-0.0, 0.0, 1.0, 0.0205, 1.0, -0.0, 0.0, -0.313786, 0.0, 1.0, -0.0, 0.330738, 0.0, 0.0, 0.0, 1.0],
                [-0.0, 0.0, 1.0, 0.0205, 1.0, -0.0, 0.0, -0.313778, 0.0, 1.0, -0.0, 0.331606, 0.0, 0.0, 0.0, 1.0],
                [-0.0, 0.0, 1.0, 0.020499, 1.0, -0.0, 0.0, -0.313771, 0.0, 1.0, -0.0, 0.332475, 0.0, 0.0, 0.0, 1.0],
                [-0.0, 0.0, 1.0, 0.020499, 1.0, -0.0, 0.0, -0.313763, 0.0, 1.0, -0.0, 0.333344, 0.0, 0.0, 0.0, 1.0],
                [-0.0, 0.0, 1.0, 0.020499, 1.0, -0.0, 0.0, -0.313756, 0.0, 1.0, -0.0, 0.334213, 0.0, 0.0, 0.0, 1.0],
                [-0.0, 0.0, 1.0, 0.020499, 1.0, -0.0, 0.0, -0.313748, 0.0, 1.0, -0.0, 0.335081, 0.0, 0.0, 0.0, 1.0],
                [-0.0, 0.0, 1.0, 0.020498, 1.0, -0.0, 0.0, -0.313741, 0.0, 1.0, -0.0, 0.33595, 0.0, 0.0, 0.0, 1.0],
                [-0.0, 0.0, 1.0, 0.020498, 1.0, -0.0, 0.0, -0.313733, 0.0, 1.0, -0.0, 0.336819, 0.0, 0.0, 0.0, 1.0],
                [-0.0, 0.0, 1.0, 0.020498, 1.0, -0.0, 0.0, -0.313726, 0.0, 1.0, -0.0, 0.337687, 0.0, 0.0, 0.0, 1.0],
                [-0.0, 0.0, 1.0, 0.020498, 1.0, -0.0, 0.0, -0.313718, 0.0, 1.0, -0.0, 0.338556, 0.0, 0.0, 0.0, 1.0],
                [-0.0, 0.0, 1.0, 0.020498, 1.0, -0.0, 0.0, -0.31371, 0.0, 1.0, -0.0, 0.339425, 0.0, 0.0, 0.0, 1.0],
                [-0.0, 0.0, 1.0, 0.020497, 1.0, -0.0, 0.0, -0.313703, 0.0, 1.0, -0.0, 0.340294, 0.0, 0.0, 0.0, 1.0],
                [-0.0, 0.0, 1.0, 0.020497, 1.0, -0.0, 0.0, -0.313695, 0.0, 1.0, -0.0, 0.341162, 0.0, 0.0, 0.0, 1.0],
                [-0.0, 0.0, 1.0, 0.020497, 1.0, -0.0, 0.0, -0.313688, 0.0, 1.0, -0.0, 0.342031, 0.0, 0.0, 0.0, 1.0],
                [-0.0, 0.0, 1.0, 0.020497, 1.0, -0.0, 0.0, -0.31368, 0.0, 1.0, -0.0, 0.3429, 0.0, 0.0, 0.0, 1.0],
                [-0.0, 0.0, 1.0, 0.020496, 1.0, -0.0, 0.0, -0.313673, 0.0, 1.0, -0.0, 0.343768, 0.0, 0.0, 0.0, 1.0],
                [-0.0, 0.0, 1.0, 0.020496, 1.0, -0.0, 0.0, -0.313665, 0.0, 1.0, -0.0, 0.344637, 0.0, 0.0, 0.0, 1.0],
                [-0.0, 0.0, 1.0, 0.020496, 1.0, -0.0, 0.0, -0.313658, 0.0, 1.0, -0.0, 0.345506, 0.0, 0.0, 0.0, 1.0],
                [-0.0, 0.0, 1.0, 0.020496, 1.0, -0.0, 0.0, -0.31365, 0.0, 1.0, -0.0, 0.346375, 0.0, 0.0, 0.0, 1.0],
                [-0.0, 0.0, 1.0, 0.020496, 1.0, -0.0, 0.0, -0.313643, 0.0, 1.0, -0.0, 0.347243, 0.0, 0.0, 0.0, 1.0],
                [-0.0, 0.0, 1.0, 0.020495, 1.0, -0.0, 0.0, -0.313635, 0.0, 1.0, -0.0, 0.348112, 0.0, 0.0, 0.0, 1.0],
                [-0.0, 0.0, 1.0, 0.020495, 1.0, -0.0, 0.0, -0.313628, 0.0, 1.0, -0.0, 0.348981, 0.0, 0.0, 0.0, 1.0],
                [-0.0, 0.0, 1.0, 0.020495, 1.0, -0.0, 0.0, -0.31362, 0.0, 1.0, -0.0, 0.349849, 0.0, 0.0, 0.0, 1.0],
                [-0.0, 0.0, 1.0, 0.020495, 1.0, -0.0, 0.0, -0.313612, 0.0, 1.0, -0.0, 0.350718, 0.0, 0.0, 0.0, 1.0],
                [-0.0, 0.0, 1.0, 0.020494, 1.0, -0.0, 0.0, -0.313605, 0.0, 1.0, -0.0, 0.351587, 0.0, 0.0, 0.0, 1.0],
                [-0.0, 0.0, 1.0, 0.020494, 1.0, -0.0, 0.0, -0.313597, 0.0, 1.0, -0.0, 0.352456, 0.0, 0.0, 0.0, 1.0],
                [-0.0, 0.0, 1.0, 0.020494, 1.0, -0.0, 0.0, -0.31359, 0.0, 1.0, -0.0, 0.353324, 0.0, 0.0, 0.0, 1.0],
                [-0.0, 0.0, 1.0, 0.020494, 1.0, -0.0, 0.0, -0.313582, 0.0, 1.0, -0.0, 0.354193, 0.0, 0.0, 0.0, 1.0],
                [-0.0, 0.0, 1.0, 0.020494, 1.0, -0.0, 0.0, -0.313575, 0.0, 1.0, -0.0, 0.355062, 0.0, 0.0, 0.0, 1.0],
                [-0.0, 0.0, 1.0, 0.020493, 1.0, -0.0, 0.0, -0.313567, 0.0, 1.0, -0.0, 0.35593, 0.0, 0.0, 0.0, 1.0],
                [-0.0, 0.0, 1.0, 0.020493, 1.0, -0.0, 0.0, -0.31356, 0.0, 1.0, -0.0, 0.356799, 0.0, 0.0, 0.0, 1.0],
                [-0.0, 0.0, 1.0, 0.020493, 1.0, -0.0, 0.0, -0.313552, 0.0, 1.0, -0.0, 0.357668, 0.0, 0.0, 0.0, 1.0],
                [-0.0, 0.0, 1.0, 0.020493, 1.0, -0.0, 0.0, -0.313545, 0.0, 1.0, -0.0, 0.358537, 0.0, 0.0, 0.0, 1.0],
                [-0.0, 0.0, 1.0, 0.020492, 1.0, -0.0, 0.0, -0.313537, 0.0, 1.0, -0.0, 0.359405, 0.0, 0.0, 0.0, 1.0],
                [-0.0, 0.0, 1.0, 0.020492, 1.0, -0.0, 0.0, -0.31353, 0.0, 1.0, -0.0, 0.360274, 0.0, 0.0, 0.0, 1.0],
                [-0.0, 0.0, 1.0, 0.020492, 1.0, -0.0, 0.0, -0.313522, 0.0, 1.0, -0.0, 0.361143, 0.0, 0.0, 0.0, 1.0],
                [-0.0, 0.0, 1.0, 0.020492, 1.0, -0.0, 0.0, -0.313515, 0.0, 1.0, -0.0, 0.361424, 0.0, 0.0, 0.0, 1.0],
                [-0.0, 0.0, 1.0, 0.020492, 1.0, -0.0, 0.0, -0.313507, 0.0, 1.0, -0.0, 0.361705, 0.0, 0.0, 0.0, 1.0],
                [-0.0, 0.0, 1.0, 0.020491, 1.0, -0.0, 0.0, -0.313499, 0.0, 1.0, -0.0, 0.361987, 0.0, 0.0, 0.0, 1.0],
                [-0.0, 0.0, 1.0, 0.020491, 1.0, -0.0, 0.0, -0.313492, 0.0, 1.0, -0.0, 0.362268, 0.0, 0.0, 0.0, 1.0],
                [-0.0, 0.0, 1.0, 0.020491, 1.0, -0.0, 0.0, -0.313484, 0.0, 1.0, -0.0, 0.362549, 0.0, 0.0, 0.0, 1.0],
                [-0.0, 0.0, 1.0, 0.020491, 1.0, -0.0, 0.0, -0.313477, 0.0, 1.0, -0.0, 0.362831, 0.0, 0.0, 0.0, 1.0],
                [-0.0, 0.0, 1.0, 0.020491, 1.0, -0.0, 0.0, -0.313469, 0.0, 1.0, -0.0, 0.363112, 0.0, 0.0, 0.0, 1.0],
                [-0.0, 0.0, 1.0, 0.02049, 1.0, -0.0, 0.0, -0.313462, 0.0, 1.0, -0.0, 0.363393, 0.0, 0.0, 0.0, 1.0],
                [-0.0, 0.0, 1.0, 0.02049, 1.0, -0.0, 0.0, -0.313454, 0.0, 1.0, -0.0, 0.363674, 0.0, 0.0, 0.0, 1.0],
                [-0.0, 0.0, 1.0, 0.02049, 1.0, -0.0, 0.0, -0.313447, 0.0, 1.0, -0.0, 0.36848, 0.0, 0.0, 0.0, 1.0],
                [-0.0, 0.0, 1.0, 0.02049, 1.0, -0.0, 0.0, -0.313439, 0.0, 1.0, -0.0, 0.373286, 0.0, 0.0, 0.0, 1.0],
                [-0.0, 0.0, 1.0, 0.020489, 1.0, -0.0, 0.0, -0.313432, 0.0, 1.0, -0.0, 0.378092, 0.0, 0.0, 0.0, 1.0],
                [-0.0, 0.0, 1.0, 0.020489, 1.0, -0.0, 0.0, -0.313424, 0.0, 1.0, -0.0, 0.382898, 0.0, 0.0, 0.0, 1.0],
                [-0.0, 0.0, 1.0, 0.020489, 1.0, -0.0, 0.0, -0.313417, 0.0, 1.0, -0.0, 0.387704, 0.0, 0.0, 0.0, 1.0],
                [-0.0, 0.0, 1.0, 0.020489, 1.0, -0.0, 0.0, -0.313409, 0.0, 1.0, -0.0, 0.39251, 0.0, 0.0, 0.0, 1.0],
                [-0.0, 0.0, 1.0, 0.020489, 1.0, -0.0, 0.0, -0.313401, 0.0, 1.0, -0.0, 0.397315, 0.0, 0.0, 0.0, 1.0],
                [-0.0, 0.0, 1.0, 0.020488, 1.0, -0.0, 0.0, -0.313394, 0.0, 1.0, -0.0, 0.402121, 0.0, 0.0, 0.0, 1.0],
                [-0.0, 0.0, 1.0, 0.020346, 1.0, -0.0, 0.0, -0.308642, 0.0, 1.0, -0.0, 0.406927, 0.0, 0.0, 0.0, 1.0],
                [-0.0, 0.0, 1.0, 0.020203, 1.0, -0.0, 0.0, -0.30389, 0.0, 1.0, -0.0, 0.411733, 0.0, 0.0, 0.0, 1.0],
                [-0.0, 0.0, 1.0, 0.02006, 1.0, -0.0, 0.0, -0.299138, 0.0, 1.0, -0.0, 0.416539, 0.0, 0.0, 0.0, 1.0],
                [-0.0, 0.0, 1.0, 0.019767, 1.0, -0.0, 0.0, -0.289775, 0.0, 1.0, -0.0, 0.421345, 0.0, 0.0, 0.0, 1.0],
                [-0.0, 0.0, 1.0, 0.019475, 1.0, -0.0, 0.0, -0.280411, 0.0, 1.0, -0.0, 0.426151, 0.0, 0.0, 0.0, 1.0],
                [-0.0, 0.0, 1.0, 0.019182, 1.0, -0.0, 0.0, -0.271047, 0.0, 1.0, -0.0, 0.430956, 0.0, 0.0, 0.0, 1.0],
                [-0.0, 0.0, 1.0, 0.018745, 1.0, -0.0, 0.0, -0.257933, 0.0, 1.0, -0.0, 0.435762, 0.0, 0.0, 0.0, 1.0],
                [-0.0, 0.0, 1.0, 0.018309, 1.0, -0.0, 0.0, -0.244818, 0.0, 1.0, -0.0, 0.440568, 0.0, 0.0, 0.0, 1.0],
                [-0.0, 0.0, 1.0, 0.017873, 1.0, -0.0, 0.0, -0.231704, 0.0, 1.0, -0.0, 0.447394, 0.0, 0.0, 0.0, 1.0],
                [-0.0, 0.0, 1.0, 0.017436, 1.0, -0.0, 0.0, -0.21859, 0.0, 1.0, -0.0, 0.454219, 0.0, 0.0, 0.0, 1.0],
                [-0.0, 0.0, 1.0, 0.016827, 1.0, -0.0, 0.0, -0.203356, 0.0, 1.0, -0.0, 0.461045, 0.0, 0.0, 0.0, 1.0],
                [-0.0, 0.0, 1.0, 0.016218, 1.0, -0.0, 0.0, -0.188122, 0.0, 1.0, -0.0, 0.467871, 0.0, 0.0, 0.0, 1.0],
                [-0.0, 0.0, 1.0, 0.015609, 1.0, -0.0, 0.0, -0.172889, 0.0, 1.0, -0.0, 0.474696, 0.0, 0.0, 0.0, 1.0],
                [-0.0, 0.0, 1.0, 0.014999, 1.0, -0.0, 0.0, -0.157655, 0.0, 1.0, -0.0, 0.481522, 0.0, 0.0, 0.0, 1.0],
                [-0.0, 0.0, 1.0, 0.01439, 1.0, -0.0, 0.0, -0.142421, 0.0, 1.0, -0.0, 0.488348, 0.0, 0.0, 0.0, 1.0],
                [-0.0, 0.0, 1.0, 0.013781, 1.0, -0.0, 0.0, -0.127187, 0.0, 1.0, -0.0, 0.495173, 0.0, 0.0, 0.0, 1.0],
                [-0.0, 0.0, 1.0, 0.013171, 1.0, -0.0, 0.0, -0.111953, 0.0, 1.0, -0.0, 0.501999, 0.0, 0.0, 0.0, 1.0],
                [-0.0, 0.0, 1.0, 0.012562, 1.0, -0.0, 0.0, -0.096719, 0.0, 1.0, -0.0, 0.508825, 0.0, 0.0, 0.0, 1.0],
                [-0.0, 0.0, 1.0, 0.011953, 1.0, -0.0, 0.0, -0.081486, 0.0, 1.0, -0.0, 0.512734, 0.0, 0.0, 0.0, 1.0],
                [-0.0, 0.0, 1.0, 0.01127, 1.0, -0.0, 0.0, -0.06928, 0.0, 1.0, -0.0, 0.516643, 0.0, 0.0, 0.0, 1.0],
                [-0.0, 0.0, 1.0, 0.010588, 1.0, -0.0, 0.0, -0.057074, 0.0, 1.0, -0.0, 0.520552, 0.0, 0.0, 0.0, 1.0],
                [-0.0, 0.0, 1.0, 0.009905, 1.0, -0.0, 0.0, -0.044868, 0.0, 1.0, -0.0, 0.524461, 0.0, 0.0, 0.0, 1.0],
                [-0.0, 0.0, 1.0, 0.009223, 1.0, -0.0, 0.0, -0.032663, 0.0, 1.0, -0.0, 0.528371, 0.0, 0.0, 0.0, 1.0],
                [-0.0, 0.0, 1.0, 0.008551, 1.0, -0.0, 0.0, -0.024696, 0.0, 1.0, -0.0, 0.53228, 0.0, 0.0, 0.0, 1.0],
                [-0.0, 0.0, 1.0, 0.00788, 1.0, -0.0, 0.0, -0.01673, 0.0, 1.0, -0.0, 0.536189, 0.0, 0.0, 0.0, 1.0],
                [-0.0, 0.0, 1.0, 0.007208, 1.0, -0.0, 0.0, -0.008764, 0.0, 1.0, -0.0, 0.540098, 0.0, 0.0, 0.0, 1.0],
                [-0.0, 0.0, 1.0, 0.006573, 1.0, -0.0, 0.0, -0.005829, 0.0, 1.0, -0.0, 0.544008, 0.0, 0.0, 0.0, 1.0],
                [-0.0, 0.0, 1.0, 0.005938, 1.0, -0.0, 0.0, -0.002894, 0.0, 1.0, -0.0, 0.547917, 0.0, 0.0, 0.0, 1.0],
                [-0.0, 0.0, 1.0, 0.005303, 1.0, -0.0, 0.0, 4.1e-05, 0.0, 1.0, -0.0, 0.551826, 0.0, 0.0, 0.0, 1.0],
                [-0.0, 0.0, 1.0, 0.004948, 1.0, -0.0, 0.0, 4.1e-05, 0.0, 1.0, -0.0, 0.555735, 0.0, 0.0, 0.0, 1.0],
                [-0.0, 0.0, 1.0, 0.004593, 1.0, -0.0, 0.0, 4.1e-05, 0.0, 1.0, -0.0, 0.559644, 0.0, 0.0, 0.0, 1.0],
                [-0.0, 0.0, 1.0, 0.004238, 1.0, -0.0, 0.0, 4.1e-05, 0.0, 1.0, -0.0, 0.563554, 0.0, 0.0, 0.0, 1.0],
                [-0.0, 0.0, 1.0, 0.003883, 1.0, -0.0, 0.0, 4.1e-05, 0.0, 1.0, -0.0, 0.567463, 0.0, 0.0, 0.0, 1.0],
                [-0.0, 0.0, 1.0, 0.003528, 1.0, -0.0, 0.0, 4.1e-05, 0.0, 1.0, -0.0, 0.571372, 0.0, 0.0, 0.0, 1.0],
                [-0.0, 0.0, 1.0, 0.003173, 1.0, -0.0, 0.0, 4.1e-05, 0.0, 1.0, -0.0, 0.575281, 0.0, 0.0, 0.0, 1.0],
                [-0.0, 0.0, 1.0, 0.002818, 1.0, -0.0, 0.0, 4.1e-05, 0.0, 1.0, -0.0, 0.579191, 0.0, 0.0, 0.0, 1.0],
                [-0.0, 0.0, 1.0, 0.002463, 1.0, -0.0, 0.0, 4.1e-05, 0.0, 1.0, -0.0, 0.5831, 0.0, 0.0, 0.0, 1.0],
                [-0.0, 0.0, 1.0, 0.002108, 1.0, -0.0, 0.0, 4.1e-05, 0.0, 1.0, -0.0, 0.587009, 0.0, 0.0, 0.0, 1.0],
                [-0.0, 0.0, 1.0, 0.001753, 1.0, -0.0, 0.0, 4.1e-05, 0.0, 1.0, -0.0, 0.587009, 0.0, 0.0, 0.0, 1.0],
                [-0.0, 0.0, 1.0, 0.001398, 1.0, -0.0, 0.0, 4.1e-05, 0.0, 1.0, -0.0, 0.587009, 0.0, 0.0, 0.0, 1.0],
                [-0.0, 0.0, 1.0, 0.001043, 1.0, -0.0, 0.0, 4.1e-05, 0.0, 1.0, -0.0, 0.587009, 0.0, 0.0, 0.0, 1.0],
                [-0.0, 0.0, 1.0, 0.000688, 1.0, -0.0, 0.0, 4.1e-05, 0.0, 1.0, -0.0, 0.587009, 0.0, 0.0, 0.0, 1.0],
                [-0.0, 0.0, 1.0, 0.000333, 1.0, -0.0, 0.0, 4.1e-05, 0.0, 1.0, -0.0, 0.587009, 0.0, 0.0, 0.0, 1.0]
            ]
        },
        {
            "name": "Thigh_R",
            "time": [0.0, 0.0167, 0.0333, 0.05, 0.0667, 0.0833, 0.1, 0.1167, 0.1333, 0.15, 0.1667, 0.1833, 0.2, 0.2167, 0.2333, 0.25, 0.2667, 0.2833, 0.3, 0.3167, 0.3333, 0.35, 0.3667, 0.3833, 0.4, 0.4167, 0.4333, 0.45, 0.4667, 0.4833, 0.5, 0.5167, 0.5333, 0.55, 0.5667, 0.5833, 0.6, 0.6167, 0.6333, 0.65, 0.6667, 0.6833, 0.7, 0.7167, 0.7333, 0.75, 0.7667, 0.7833, 0.8, 0.8167, 0.8333, 0.85, 0.8667, 0.8833, 0.9, 0.9167, 0.9333, 0.95, 0.9667, 0.9833, 1.0, 1.0167, 1.0333, 1.05, 1.0667, 1.0833, 1.1, 1.1167, 1.1333, 1.15, 1.1667, 1.1833, 1.2, 1.2167, 1.2333, 1.25, 1.2667, 1.2833, 1.3, 1.3167, 1.3333, 1.35, 1.3667, 1.3833, 1.4, 1.4167, 1.4333, 1.45, 1.4667, 1.4833, 1.5, 1.5167, 1.5333, 1.55, 1.5667, 1.5833, 1.6, 1.6167, 1.6333, 1.65, 1.6667, 1.6833, 1.7, 1.7167, 1.7333, 1.75, 1.7667, 1.7833, 1.8, 1.8167, 1.8333, 1.85, 1.8667, 1.8833, 1.9, 1.9167, 1.9333, 1.95, 1.9667, 1.9833, 2.0, 2.0167, 2.0333, 2.05, 2.0667, 2.0833, 2.1, 2.1167, 2.1333, 2.15, 2.1667, 2.1833, 2.2, 2.2167, 2.2333, 2.25, 2.2667, 2.2833, 2.3, 2.3167, 2.3333, 2.35, 2.3667, 2.3833, 2.4, 2.4167, 2.4333, 2.45, 2.4667, 2.4833, 2.5, 2.5167, 2.5333, 2.55, 2.5667, 2.5833, 2.6, 2.6167, 2.6333, 2.65, 2.6667, 2.6833, 2.7, 2.7167, 2.7333, 2.75, 2.7667, 2.7833, 2.8, 2.8167, 2.8333, 2.85, 2.8667, 2.8833, 2.9, 2.9167, 2.9333, 2.95, 2.9667, 2.9833, 3.0],
            "transform": [
                [0.693908, 0.719601, -0.025846, 0.07881, 0.597461, -0.555353, 0.578467, 0.058238, 0.401911, -0.416845, -0.815296, 0.084526, 0.0, 0.0, 0.0, 1.0],
                [0.693908, 0.719601, -0.025845, 0.07881, 0.597461, -0.555353, 0.578467, 0.058238, 0.401911, -0.416845, -0.815296, 0.084526, 0.0, 0.0, 0.0, 1.0],
                [0.698467, 0.715231, -0.024272, 0.07881, 0.593156, -0.559612, 0.578793, 0.058238, 0.400387, -0.418666, -0.815113, 0.084526, 0.0, 0.0, 0.0, 1.0],
                [0.702983, 0.710846, -0.022686, 0.07881, 0.588859, -0.563866, 0.579052, 0.058237, 0.398824, -0.420423, -0.814975, 0.084526, 0.0, 0.0, 0.0, 1.0],
                [0.703883, 0.709497, -0.03414, 0.07881, 0.584636, -0.551374, 0.595137, 0.058238, 0.403424, -0.438866, -0.802899, 0.084526, 0.0, 0.0, 0.0, 1.0],
                [0.708125, 0.704976, -0.03962, 0.07881, 0.575099, -0.543295, 0.611631, 0.058238, 0.409659, -0.455898, -0.79015, 0.084526, 0.0, 0.0, 0.0, 1.0],
                [0.719303, 0.693218, -0.045305, 0.07881, 0.56506, -0.545893, 0.618634, 0.058238, 0.404116, -0.470587, -0.784371, 0.084526, 0.0, 0.0, 0.0, 1.0],
                [0.712073, 0.697569, -0.079691, 0.07881, 0.58135, -0.522151, 0.624013, 0.058238, 0.39368, -0.490672, -0.77734, 0.084526, 0.0, 0.0, 0.0, 1.0],
                [0.715164, 0.691902, -0.099063, 0.07881, 0.590505, -0.522269, 0.615255, 0.058238, 0.373958, -0.498506, -0.782079, 0.084526, 0.0, 0.0, 0.0, 1.0],
                [0.72406, 0.680851, -0.110371, 0.07881, 0.591427, -0.53052, 0.607259, 0.058238, 0.354898, -0.504969, -0.7868, 0.084526, 0.0, 0.0, 0.0, 1.0],
                [0.728275, 0.675714, -0.114134, 0.07881, 0.593292, -0.538353, 0.598483, 0.058238, 0.342959, -0.503576, -0.792964, 0.084526, 0.0, 0.0, 0.0, 1.0],
                [0.732854, 0.670206, -0.117266, 0.07881, 0.594406, -0.546798, 0.589656, 0.058238, 0.331069, -0.501835, -0.799097, 0.084526, 0.0, 0.0, 0.0, 1.0],
                [0.733782, 0.668198, -0.122789, 0.07881, 0.595235, -0.545181, 0.590316, 0.058238, 0.327506, -0.506252, -0.797778, 0.084526, 0.0, 0.0, 0.0, 1.0],
                [0.734471, 0.666372, -0.128462, 0.07881, 0.596304, -0.543318, 0.590955, 0.058238, 0.324, -0.510642, -0.79641, 0.084526, 0.0, 0.0, 0.0, 1.0],
                [0.734765, 0.665316, -0.132202, 0.07881, 0.596268, -0.540579, 0.593498, 0.058238, 0.323398, -0.51491, -0.793904, 0.084526, 0.0, 0.0, 0.0, 1.0],
                [0.734763, 0.664506, -0.136225, 0.07881, 0.596584, -0.537482, 0.595987, 0.058238, 0.322818, -0.51918, -0.791354, 0.084526, 0.0, 0.0, 0.0, 1.0],
                [0.733982, 0.664745, -0.139234, 0.07881, 0.596478, -0.53289, 0.600203, 0.058238, 0.324785, -0.523589, -0.787636, 0.084526, 0.0, 0.0, 0.0, 1.0],
                [0.732851, 0.665261, -0.142686, 0.07881, 0.596818, -0.527841, 0.604311, 0.058238, 0.326708, -0.528028, -0.783868, 0.084526, 0.0, 0.0, 0.0, 1.0],
                [0.731021, 0.666705, -0.145308, 0.07881, 0.596811, -0.521475, 0.609821, 0.058238, 0.330796, -0.532514, -0.779105, 0.084526, 0.0, 0.0, 0.0, 1.0],
                [0.728828, 0.668401, -0.1485, 0.07881, 0.597282, -0.514607, 0.61517, 0.058238, 0.33476, -0.53705, -0.774282, 0.084526, 0.0, 0.0, 0.0, 1.0],
                [0.726419, 0.670264, -0.151866, 0.07881, 0.597434, -0.506649, 0.621594, 0.058238, 0.339689, -0.542268, -0.768477, 0.084526, 0.0, 0.0, 0.0, 1.0],
                [0.723683, 0.672307, -0.155845, 0.07881, 0.598036, -0.498206, 0.627809, 0.058237, 0.344437, -0.547537, -0.762606, 0.084526, 0.0, 0.0, 0.0, 1.0],
                [0.702543, 0.694838, -0.153735, 0.07881, 0.600319, -0.462638, 0.652368, 0.058238, 0.382166, -0.550608, -0.742146, 0.084526, 0.0, 0.0, 0.0, 1.0],
                [0.687684, 0.712506, -0.139385, 0.07881, 0.590662, -0.437438, 0.678061, 0.058238, 0.42215, -0.548622, -0.721668, 0.084526, 0.0, 0.0, 0.0, 1.0],
                [0.66978, 0.731912, -0.125302, 0.07881, 0.57987, -0.41013, 0.70395, 0.058238, 0.463839, -0.544151, -0.69911, 0.084526, 0.0, 0.0, 0.0, 1.0],
                [0.64484, 0.754177, -0.124097, 0.07881, 0.576448, -0.37327, 0.726896, 0.058238, 0.501886, -0.540268, -0.675442, 0.084526, 0.0, 0.0, 0.0, 1.0],
                [0.583446, 0.810706, -0.048473, 0.07881, 0.477081, -0.293819, 0.82829, 0.058238, 0.657256, -0.506388, -0.558199, 0.084526, 0.0, 0.0, 0.0, 1.0],
                [0.496748, 0.867556, 0.024281, 0.07881, 0.335991, -0.218027, 0.916283, 0.058238, 0.80022, -0.447004, -0.399795, 0.084526, 0.0, 0.0, 0.0, 1.0],
                [0.502415, 0.864314, 0.023309, 0.07881, 0.335106, -0.219502, 0.916255, 0.058238, 0.797047, -0.45253, -0.399917, 0.084526, 0.0, 0.0, 0.0, 1.0],
                [0.508284, 0.860891, 0.02274, 0.07881, 0.333859, -0.221318, 0.916273, 0.058238, 0.793843, -0.458136, -0.399908, 0.084526, 0.0, 0.0, 0.0, 1.0],
                [0.504274, 0.863236, 0.023101, 0.07881, 0.337261, -0.221502, 0.914982, 0.058238, 0.794962, -0.453611, -0.402833, 0.084526, 0.0, 0.0, 0.0, 1.0],
                [0.500203, 0.865589, 0.023564, 0.07881, 0.340605, -0.221701, 0.913694, 0.058238, 0.796107, -0.449007, -0.405719, 0.084526, 0.0, 0.0, 0.0, 1.0],
                [0.498883, 0.866369, 0.022884, 0.07881, 0.342299, -0.221227, 0.913176, 0.058238, 0.796209, -0.447735, -0.406923, 0.084526, 0.0, 0.0, 0.0, 1.0],
                [0.497555, 0.86715, 0.022212, 0.07881, 0.343988, -0.220752, 0.912656, 0.058238, 0.796312, -0.446456, -0.408125, 0.084526, 0.0, 0.0, 0.0, 1.0],
                [0.497063, 0.867439, 0.021924, 0.07881, 0.344569, -0.220509, 0.912495, 0.058238, 0.796368, -0.446013, -0.408499, 0.084526, 0.0, 0.0, 0.0, 1.0],
                [0.49657, 0.867728, 0.021636, 0.07881, 0.34515, -0.220265, 0.912335, 0.058238, 0.796424, -0.445571, -0.408873, 0.084526, 0.0, 0.0, 0.0, 1.0],
                [0.496222, 0.867921, 0.021905, 0.07881, 0.345291, -0.220439, 0.912239, 0.058238, 0.79658, -0.44511, -0.409072, 0.084526, 0.0, 0.0, 0.0, 1.0],
                [0.495873, 0.868113, 0.022174, 0.07881, 0.345433, -0.220613, 0.912143, 0.058238, 0.796735, -0.444648, -0.40927, 0.084526, 0.0, 0.0, 0.0, 1.0],
                [0.495668, 0.868209, 0.023, 0.07881, 0.345137, -0.221205, 0.912112, 0.058238, 0.796991, -0.444168, -0.409295, 0.084526, 0.0, 0.0, 0.0, 1.0],
                [0.495463, 0.868304, 0.023826, 0.07881, 0.344841, -0.221797, 0.912081, 0.058238, 0.797247, -0.443686, -0.409318, 0.084526, 0.0, 0.0, 0.0, 1.0],
                [0.496289, 0.867658, 0.029487, 0.07881, 0.341234, -0.226188, 0.912359, 0.058238, 0.798284, -0.442732, -0.408329, 0.084526, 0.0, 0.0, 0.0, 1.0],
                [0.49709, 0.866988, 0.035149, 0.07881, 0.337621, -0.230575, 0.912605, 0.058238, 0.799321, -0.44178, -0.407329, 0.084526, 0.0, 0.0, 0.0, 1.0],
                [0.498453, 0.865855, 0.042919, 0.07881, 0.332313, -0.236562, 0.913021, 0.058238, 0.800696, -0.440836, -0.405649, 0.084526, 0.0, 0.0, 0.0, 1.0],
                [0.499764, 0.864678, 0.050692, 0.07881, 0.326993, -0.242541, 0.913373, 0.058238, 0.802068, -0.439896, -0.403956, 0.084526, 0.0, 0.0, 0.0, 1.0],
                [0.501267, 0.863272, 0.059119, 0.07881, 0.32086, -0.248892, 0.913839, 0.058238, 0.803605, -0.439109, -0.40175, 0.084526, 0.0, 0.0, 0.0, 1.0],
                [0.502704, 0.861816, 0.067553, 0.07881, 0.314713, -0.255236, 0.914227, 0.058238, 0.805137, -0.438326, -0.399533, 0.084526, 0.0, 0.0, 0.0, 1.0],
                [0.504602, 0.859986, 0.076179, 0.07881, 0.308306, -0.26191, 0.914522, 0.058238, 0.806428, -0.437984, -0.397298, 0.084526, 0.0, 0.0, 0.0, 1.0],
                [0.506429, 0.858101, 0.084817, 0.07881, 0.301882, -0.268578, 0.914731, 0.058238, 0.807711, -0.437642, -0.395061, 0.084526, 0.0, 0.0, 0.0, 1.0],
                [0.508178, 0.856168, 0.093457, 0.07881, 0.295453, -0.275229, 0.914853, 0.058238, 0.808989, -0.437296, -0.392822, 0.084526, 0.0, 0.0, 0.0, 1.0],
                [0.509855, 0.85418, 0.102108, 0.07881, 0.28901, -0.281873, 0.914888, 0.058238, 0.81026, -0.436951, -0.390581, 0.084526, 0.0, 0.0, 0.0, 1.0],
                [0.509557, 0.85327, 0.110833, 0.07881, 0.283024, -0.287854, 0.914897, 0.058238, 0.812558, -0.434825, -0.388174, 0.084526, 0.0, 0.0, 0.0, 1.0],
                [0.509202, 0.852305, 0.119547, 0.07881, 0.277032, -0.293828, 0.914832, 0.058238, 0.814842, -0.432716, -0.385733, 0.084526, 0.0, 0.0, 0.0, 1.0],
                [0.506988, 0.852506, 0.127281, 0.07881, 0.271178, -0.297922, 0.915262, 0.058238, 0.818185, -0.429511, -0.382223, 0.084526, 0.0, 0.0, 0.0, 1.0],
                [0.504734, 0.852656, 0.134994, 0.07881, 0.265314, -0.30202, 0.915638, 0.058238, 0.821494, -0.426339, -0.378661, 0.084526, 0.0, 0.0, 0.0, 1.0],
                [0.499698, 0.854694, 0.140723, 0.07881, 0.260237, -0.303088, 0.916741, 0.058238, 0.826184, -0.421473, -0.373874, 0.084526, 0.0, 0.0, 0.0, 1.0],
                [0.494641, 0.856676, 0.146422, 0.07881, 0.255128, -0.304182, 0.917814, 0.058238, 0.830807, -0.416632, -0.369023, 0.084526, 0.0, 0.0, 0.0, 1.0],
                [0.484197, 0.862138, 0.149246, 0.07881, 0.252113, -0.300813, 0.919756, 0.058238, 0.83785, -0.407717, -0.363009, 0.084526, 0.0, 0.0, 0.0, 1.0],
                [0.473689, 0.867447, 0.152175, 0.07881, 0.24895, -0.297629, 0.921651, 0.058238, 0.844774, -0.398693, -0.356934, 0.084526, 0.0, 0.0, 0.0, 1.0],
                [0.456848, 0.877055, 0.148552, 0.07881, 0.249215, -0.286503, 0.925099, 0.058238, 0.853922, -0.385608, -0.349463, 0.084526, 0.0, 0.0, 0.0, 1.0],
                [0.439785, 0.886273, 0.145299, 0.07881, 0.249112, -0.275815, 0.928369, 0.058238, 0.862863, -0.372088, -0.34208, 0.084526, 0.0, 0.0, 0.0, 1.0],
                [0.418912, 0.897969, 0.134786, 0.07881, 0.253504, -0.258193, 0.93224, 0.058238, 0.871923, -0.356358, -0.335798, 0.084526, 0.0, 0.0, 0.0, 1.0],
                [0.397589, 0.909036, 0.124813, 0.07881, 0.257372, -0.241051, 0.935763, 0.058238, 0.880729, -0.339926, -0.3298, 0.084526, 0.0, 0.0, 0.0, 1.0],
                [0.389383, 0.913866, 0.115032, 0.07881, 0.26987, -0.232601, 0.93438, 0.058238, 0.880654, -0.332789, -0.337196, 0.084526, 0.0, 0.0, 0.0, 1.0],
                [0.380293, 0.918795, 0.105806, 0.07881, 0.281857, -0.224094, 0.932919, 0.058237, 0.880872, -0.324961, -0.34419, 0.084526, 0.0, 0.0, 0.0, 1.0],
                [0.387712, 0.916449, 0.099008, 0.07881, 0.302944, -0.228128, 0.925301, 0.058238, 0.870578, -0.328757, -0.36608, 0.084526, 0.0, 0.0, 0.0, 1.0],
                [0.394171, 0.914387, 0.092345, 0.07881, 0.323387, -0.232051, 0.917373, 0.058238, 0.860262, -0.331739, -0.387168, 0.084526, 0.0, 0.0, 0.0, 1.0],
                [0.396033, 0.914434, 0.083488, 0.07881, 0.340796, -0.230803, 0.911366, 0.058238, 0.852653, -0.332479, -0.403041, 0.084526, 0.0, 0.0, 0.0, 1.0],
                [0.397363, 0.914647, 0.07434, 0.07881, 0.358039, -0.229116, 0.905159, 0.058238, 0.844933, -0.33306, -0.418521, 0.084526, 0.0, 0.0, 0.0, 1.0],
                [0.395434, 0.916182, 0.065147, 0.07881, 0.372057, -0.224625, 0.90062, 0.058238, 0.839766, -0.331898, -0.429696, 0.084526, 0.0, 0.0, 0.0, 1.0],
                [0.393373, 0.917769, 0.054406, 0.07881, 0.386676, -0.218845, 0.895873, 0.058238, 0.834111, -0.331375, -0.440966, 0.084526, 0.0, 0.0, 0.0, 1.0],
                [0.394505, 0.917609, 0.0486, 0.07881, 0.397987, -0.218298, 0.89104, 0.058238, 0.828235, -0.332178, -0.451316, 0.084526, 0.0, 0.0, 0.0, 1.0],
                [0.395723, 0.917426, 0.041663, 0.07881, 0.409692, -0.216954, 0.886049, 0.058238, 0.821923, -0.333561, -0.461715, 0.084526, 0.0, 0.0, 0.0, 1.0],
                [0.400801, 0.915143, 0.043297, 0.07881, 0.41657, -0.224127, 0.881043, 0.058238, 0.815983, -0.335087, -0.471051, 0.084526, 0.0, 0.0, 0.0, 1.0],
                [0.405843, 0.912848, 0.044748, 0.07881, 0.423444, -0.231197, 0.875924, 0.058238, 0.80993, -0.33654, -0.480369, 0.084526, 0.0, 0.0, 0.0, 1.0],
                [0.409534, 0.911091, 0.04688, 0.07881, 0.428491, -0.237464, 0.871784, 0.058238, 0.805406, -0.336938, -0.487643, 0.084526, 0.0, 0.0, 0.0, 1.0],
                [0.413214, 0.909319, 0.048943, 0.07881, 0.433517, -0.243695, 0.867569, 0.058238, 0.800823, -0.337274, -0.494903, 0.084526, 0.0, 0.0, 0.0, 1.0],
                [0.417526, 0.907215, 0.051341, 0.07881, 0.436781, -0.249923, 0.864153, 0.058238, 0.796803, -0.338382, -0.500603, 0.084526, 0.0, 0.0, 0.0, 1.0],
                [0.421844, 0.905078, 0.053703, 0.07881, 0.440015, -0.256154, 0.860681, 0.058238, 0.792739, -0.339444, -0.506304, 0.084526, 0.0, 0.0, 0.0, 1.0],
                [0.424266, 0.903785, 0.056327, 0.07881, 0.44164, -0.260822, 0.858444, 0.058238, 0.79054, -0.339333, -0.509805, 0.084526, 0.0, 0.0, 0.0, 1.0],
                [0.426711, 0.902466, 0.058956, 0.07881, 0.443244, -0.265511, 0.856177, 0.058238, 0.788323, -0.339208, -0.513308, 0.084526, 0.0, 0.0, 0.0, 1.0],
                [0.427807, 0.901773, 0.06156, 0.07881, 0.443718, -0.268862, 0.854884, 0.058238, 0.787462, -0.33841, -0.515153, 0.084526, 0.0, 0.0, 0.0, 1.0],
                [0.428925, 0.901059, 0.064181, 0.07881, 0.444177, -0.272237, 0.853577, 0.058238, 0.786595, -0.337613, -0.516998, 0.084526, 0.0, 0.0, 0.0, 1.0],
                [0.42926, 0.900729, 0.066522, 0.07881, 0.443445, -0.274351, 0.853281, 0.058238, 0.786825, -0.336781, -0.517191, 0.084526, 0.0, 0.0, 0.0, 1.0],
                [0.429614, 0.900383, 0.068884, 0.07881, 0.442701, -0.27649, 0.852977, 0.058238, 0.78705, -0.335956, -0.517384, 0.084526, 0.0, 0.0, 0.0, 1.0],
                [0.42927, 0.90036, 0.07129, 0.07881, 0.441876, -0.278204, 0.852847, 0.058238, 0.787702, -0.3346, -0.517272, 0.084526, 0.0, 0.0, 0.0, 1.0],
                [0.428943, 0.90032, 0.07372, 0.07881, 0.441037, -0.279947, 0.852711, 0.058238, 0.788349, -0.333252, -0.517155, 0.084526, 0.0, 0.0, 0.0, 1.0],
                [0.429133, 0.900068, 0.075665, 0.07881, 0.439412, -0.281221, 0.853131, 0.058238, 0.789154, -0.332858, -0.516181, 0.084526, 0.0, 0.0, 0.0, 1.0],
                [0.429341, 0.8998, 0.077637, 0.07881, 0.43777, -0.282529, 0.853542, 0.058238, 0.789952, -0.332474, -0.515206, 0.084526, 0.0, 0.0, 0.0, 1.0],
                [0.430095, 0.899314, 0.079096, 0.07881, 0.436655, -0.283909, 0.853655, 0.058238, 0.790159, -0.332616, -0.514797, 0.084526, 0.0, 0.0, 0.0, 1.0],
                [0.430867, 0.898812, 0.08058, 0.07881, 0.435525, -0.285321, 0.853762, 0.058238, 0.790362, -0.332764, -0.51439, 0.084526, 0.0, 0.0, 0.0, 1.0],
                [0.432756, 0.897835, 0.081344, 0.07881, 0.434443, -0.286759, 0.853831, 0.058238, 0.789926, -0.334161, -0.514155, 0.084526, 0.0, 0.0, 0.0, 1.0],
                [0.434655, 0.896846, 0.082126, 0.07881, 0.433352, -0.288217, 0.853895, 0.058238, 0.789482, -0.335561, -0.513924, 0.084526, 0.0, 0.0, 0.0, 1.0],
                [0.43717, 0.895613, 0.082235, 0.07881, 0.432674, -0.289592, 0.853774, 0.058238, 0.788465, -0.337663, -0.514108, 0.084526, 0.0, 0.0, 0.0, 1.0],
                [0.439689, 0.894368, 0.082354, 0.07881, 0.431989, -0.290979, 0.853649, 0.058238, 0.787439, -0.339764, -0.514296, 0.084526, 0.0, 0.0, 0.0, 1.0],
                [0.44291, 0.892845, 0.081622, 0.07881, 0.432887, -0.292684, 0.852611, 0.058237, 0.785138, -0.342297, -0.516132, 0.084526, 0.0, 0.0, 0.0, 1.0],
                [0.446122, 0.891312, 0.080876, 0.07881, 0.433781, -0.294387, 0.851569, 0.058238, 0.782822, -0.344821, -0.517966, 0.084526, 0.0, 0.0, 0.0, 1.0],
                [0.450711, 0.889049, 0.080337, 0.07881, 0.435833, -0.297701, 0.849367, 0.058238, 0.779044, -0.347806, -0.521653, 0.084526, 0.0, 0.0, 0.0, 1.0],
                [0.455283, 0.88677, 0.079739, 0.07881, 0.437877, -0.300991, 0.847153, 0.058238, 0.77523, -0.350779, -0.525331, 0.084526, 0.0, 0.0, 0.0, 1.0],
                [0.456876, 0.885877, 0.08055, 0.07881, 0.438825, -0.303228, 0.845864, 0.058238, 0.773755, -0.351108, -0.527282, 0.084526, 0.0, 0.0, 0.0, 1.0],
                [0.458469, 0.88498, 0.081351, 0.07881, 0.43977, -0.305462, 0.844568, 0.058238, 0.772275, -0.351433, -0.529232, 0.084526, 0.0, 0.0, 0.0, 1.0],
                [0.458552, 0.884766, 0.083198, 0.07881, 0.440075, -0.307416, 0.8437, 0.058238, 0.772053, -0.350267, -0.530329, 0.084526, 0.0, 0.0, 0.0, 1.0],
