{
    "animation": [
        {
            "name": "Root",
            "time": [0.0, 0.0167, 0.0333, 0.05, 0.0667, 0.0833, 0.1, 0.1167, 0.1333, 0.15, 0.1667, 0.1833, 0.2, 0.2167, 0.2333, 0.25, 0.2667, 0.2833, 0.3, 0.3167, 0.3333, 0.35, 0.3667, 0.3833, 0.4, 0.4167, 0.4333, 0.45, 0.4667, 0.4833, 0.5, 0.5167, 0.5333, 0.55, 0.5667, 0.5833, 0.6, 0.6167, 0.6333, 0.65, 0.6667, 0.6833, 0.7, 0.7167, 0.7333, 0.75, 0.7667, 0.7833, 0.8, 0.8167, 0.8333, 0.85, 0.8667, 0.8833, 0.9, 0.9167, 0.9333, 0.95, 0.9667, 0.9833, 1.0, 1.0167, 1.0333, 1.05, 1.0667, 1.0833, 1.1, 1.1167, 1.1333, 1.15, 1.1667, 1.1833, 1.2, 1.2167, 1.2333, 1.25, 1.2667, 1.2833, 1.3, 1.3167, 1.3333, 1.35, 1.3667, 1.3833, 1.4, 1.4167, 1.4333, 1.45, 1.4667, 1.4833, 1.5, 1.5167, 1.5333, 1.55, 1.5667, 1.5833, 1.6, 1.6167, 1.6333, 1.65, 1.6667, 1.6833, 1.7, 1.7167, 1.7333, 1.75, 1.7667, 1.7833, 1.8, 1.8167, 1.8333, 1.85, 1.8667, 1.8833, 1.9, 1.9167, 1.9333, 1.95, 1.9667, 1.9833, 2.0, 2.0167, 2.0333, 2.05, 2.0667, 2.0833, 2.1, 2.1167, 2.1333, 2.15, 2.1667, 2.1833, 2.2, 2.2167, 2.2333, 2.25, 2.2667, 2.2833, 2.3, 2.3167, 2.3333, 2.35, 2.3667, 2.3833, 2.4, 2.4167, 2.4333, 2.45, 2.4667, 2.4833, 2.5, 2.5167, 2.5333, 2.55, 2.5667, 2.5833, 2.6, 2.6167, 2.6333, 2.65, 2.6667, 2.6833, 2.7, 2.7167, 2.7333, 2.75, 2.7667, 2.7833, 2.8, 2.8167, 2.8333, 2.85, 2.8667, 2.8833, 2.9, 2.9167, 2.9333, 2.95, 2.9667, 2.9833, 3.0, 3.0167, 3.0333, 3.05, 3.0667, 3.0833, 3.1, 3.1167, 3.1333, 3.15, 3.1667, 3.1833, 3.2, 3.2167, 3.2333, 3.25, 3.2667, 3.2833, 3.3, 3.3167, 3.3333, 3.35, 3.3667, 3.3833, 3.4, 3.4167, 3.4333, 3.45, 3.4667, 3.4833, 3.5, 3.5167, 3.5333, 3.55, 3.5667, 3.5833, 3.6, 3.6167, 3.6333, 3.65, 3.6667, 3.6833, 3.7, 3.7167, 3.7333, 3.75, 3.7667, 3.7833, 3.8, 3.8167, 3.8333],
            "transform": [
                [-0.0, 0.0, 0.999999, -2.2e-05, 0.999999, -0.0, 0.0, 4.1e-05, 0.0, 1.0, -0.0, 0.396793, 0.0, 0.0, 0.0, 1.0],
                [-0.0, 0.0, 0.999999, -2.2e-05, 0.999999, -0.0, 0.0, 4.1e-05, 0.0, 1.0, -0.0, 0.382269, 0.0, 0.0, 0.0, 1.0],
                [-0.0, 0.0, 0.999999, -2.2e-05, 0.999999, -0.0, 0.0, 0.06192, 0.0, 1.0, -0.0, 0.367745, 0.0, 0.0, 0.0, 1.0],
                [-0.0, 0.0, 0.999999, -2.2e-05, 0.999999, -0.0, 0.0, 0.193617, 0.0, 1.0, -0.0, 0.353221, 0.0, 0.0, 0.0, 1.0],
                [-0.0, 0.0, 0.999999, -2.2e-05, 0.999999, -0.0, 0.0, 0.314254, 0.0, 1.0, -0.0, 0.338697, 0.0, 0.0, 0.0, 1.0],
                [-0.0, 0.0, 0.999999, -2.2e-05, 0.999999, -0.0, 0.0, 0.398372, 0.0, 1.0, -0.0, 0.324173, 0.0, 0.0, 0.0, 1.0],
                [-0.0, 0.0, 0.999999, -2.2e-05, 0.999999, -0.0, 0.0, 0.476273, 0.0, 1.0, -0.0, 0.309649, 0.0, 0.0, 0.0, 1.0],
                [-0.0, 0.0, 0.999999, -2.2e-05, 0.999999, -0.0, 0.0, 0.564263, 0.0, 1.0, -0.0, 0.295125, 0.0, 0.0, 0.0, 1.0],
                [-0.0, 0.0, 0.999999, -2.2e-05, 0.999999, -0.0, 0.0, 0.708129, 0.0, 1.0, -0.0, 0.280601, 0.0, 0.0, 0.0, 1.0],
                [-0.0, 0.0, 0.999999, -2.2e-05, 0.999999, -0.0, 0.0, 0.907655, 0.0, 1.0, -0.0, 0.266077, 0.0, 0.0, 0.0, 1.0],
                [-0.0, 0.0, 0.999999, -2.2e-05, 0.999999, -0.0, 0.0, 1.104455, 0.0, 1.0, -0.0, 0.359864, 0.0, 0.0, 0.0, 1.0],
                [-0.0, 0.0, 0.999999, -2.2e-05, 0.999999, -0.0, 0.0, 1.024427, 0.0, 1.0, -0.0, 0.464581, 0.0, 0.0, 0.0, 1.0],
                [-0.0, 0.0, 0.999999, -2.2e-05, 0.999999, -0.0, 0.0, 1.003632, 0.0, 1.0, -0.0, 0.503718, 0.0, 0.0, 0.0, 1.0],
                [-0.0, 0.0, 0.999999, -2.2e-05, 0.999999, -0.0, 0.0, 0.985608, 0.0, 1.0, -0.0, 0.497741, 0.0, 0.0, 0.0, 1.0],
                [-0.0, 0.0, 0.999999, -2.2e-05, 0.999999, -0.0, 0.0, 0.970807, 0.0, 1.0, -0.0, 0.491764, 0.0, 0.0, 0.0, 1.0],
                [-0.0, 0.0, 0.999999, -2.2e-05, 0.999999, -0.0, 0.0, 0.959677, 0.0, 1.0, -0.0, 0.485786, 0.0, 0.0, 0.0, 1.0],
                [-0.0, 0.0, 0.999999, -2.2e-05, 0.999999, -0.0, 0.0, 0.95267, 0.0, 1.0, -0.0, 0.479809, 0.0, 0.0, 0.0, 1.0],
                [-0.0, 0.0, 0.999999, -2.2e-05, 0.999999, -0.0, 0.0, 0.950234, 0.0, 1.0, -0.0, 0.473832, 0.0, 0.0, 0.0, 1.0],
                [-0.0, 0.0, 0.999999, -2.2e-05, 0.999999, -0.0, 0.0, 0.985034, 0.0, 1.0, -0.0, 0.467854, 0.0, 0.0, 0.0, 1.0],
                [-0.0, 0.0, 0.999999, -2.2e-05, 0.999999, -0.0, 0.0, 1.071589, 0.0, 1.0, -0.0, 0.435891, 0.0, 0.0, 0.0, 1.0],
                [-0.0, 0.0, 0.999999, -2.2e-05, 0.999999, -0.0, 0.0, 1.260765, 0.0, 1.0, -0.0, 0.403928, 0.0, 0.0, 0.0, 1.0],
                [-0.0, 0.0, 0.999999, -2.2e-05, 0.999999, -0.0, 0.0, 1.500041, 0.0, 1.0, -0.0, 0.371965, 0.0, 0.0, 0.0, 1.0],
                [-0.0, 0.0, 0.999999, -2.2e-05, 0.999999, -0.0, 0.0, 1.500041, 0.0, 1.0, -0.0, 0.340002, 0.0, 0.0, 0.0, 1.0],
                [-0.0, 0.0, 0.999999, -2.2e-05, 0.999999, -0.0, 0.0, 1.500041, 0.0, 1.0, -0.0, 0.308039, 0.0, 0.0, 0.0, 1.0],
                [-0.0, 0.0, 0.999999, -2.2e-05, 0.999999, -0.0, 0.0, 1.500041, 0.0, 1.0, -0.0, 0.294622, 0.0, 0.0, 0.0, 1.0],
                [-0.0, 0.0, 0.999999, -2.2e-05, 0.999999, -0.0, 0.0, 1.500041, 0.0, 1.0, -0.0, 0.281204, 0.0, 0.0, 0.0, 1.0],
                [-0.0, 0.0, 0.999999, -2.2e-05, 0.999999, -0.0, 0.0, 1.500041, 0.0, 1.0, -0.0, 0.267787, 0.0, 0.0, 0.0, 1.0],
                [-0.0, 0.0, 0.999999, -2.2e-05, 0.999999, -0.0, 0.0, 1.500041, 0.0, 1.0, -0.0, 0.270793, 0.0, 0.0, 0.0, 1.0],
                [-0.0, 0.0, 0.999999, -2.2e-05, 0.999999, -0.0, 0.0, 1.500041, 0.0, 1.0, -0.0, 0.273799, 0.0, 0.0, 0.0, 1.0],
                [-0.0, 0.0, 0.999999, -2.2e-05, 0.999999, -0.0, 0.0, 1.500041, 0.0, 1.0, -0.0, 0.276805, 0.0, 0.0, 0.0, 1.0],
                [-0.0, 0.0, 0.999999, -2.2e-05, 0.999999, -0.0, 0.0, 1.500041, 0.0, 1.0, -0.0, 0.27981, 0.0, 0.0, 0.0, 1.0],
                [-0.0, 0.0, 0.999999, -2.2e-05, 0.999999, -0.0, 0.0, 1.500041, 0.0, 1.0, -0.0, 0.282816, 0.0, 0.0, 0.0, 1.0],
                [-0.0, 0.0, 0.999999, -2.2e-05, 0.999999, -0.0, 0.0, 1.500041, 0.0, 1.0, -0.0, 0.285822, 0.0, 0.0, 0.0, 1.0],
                [-0.0, 0.0, 0.999999, -2.2e-05, 0.999999, -0.0, 0.0, 1.500041, 0.0, 1.0, -0.0, 0.288828, 0.0, 0.0, 0.0, 1.0],
                [-0.0, 0.0, 0.999999, -2.2e-05, 0.999999, -0.0, 0.0, 1.500041, 0.0, 1.0, -0.0, 0.291834, 0.0, 0.0, 0.0, 1.0],
                [-0.0, 0.0, 0.999999, -2.2e-05, 0.999999, -0.0, 0.0, 1.500041, 0.0, 1.0, -0.0, 0.2912, 0.0, 0.0, 0.0, 1.0],
                [-0.0, 0.0, 0.999999, -2.2e-05, 0.999999, -0.0, 0.0, 1.500041, 0.0, 1.0, -0.0, 0.290566, 0.0, 0.0, 0.0, 1.0],
                [-0.0, 0.0, 0.999999, -2.2e-05, 0.999999, -0.0, 0.0, 1.500041, 0.0, 1.0, -0.0, 0.289933, 0.0, 0.0, 0.0, 1.0],
                [-0.0, 0.0, 0.999999, -2.2e-05, 0.999999, -0.0, 0.0, 1.500041, 0.0, 1.0, -0.0, 0.289299, 0.0, 0.0, 0.0, 1.0],
                [-0.0, 0.0, 0.999999, -2.2e-05, 0.999999, -0.0, 0.0, 1.500041, 0.0, 1.0, -0.0, 0.288665, 0.0, 0.0, 0.0, 1.0],
                [-0.0, 0.0, 0.999999, -2.2e-05, 0.999999, -0.0, 0.0, 1.500041, 0.0, 1.0, -0.0, 0.288031, 0.0, 0.0, 0.0, 1.0],
                [-0.0, 0.0, 0.999999, -2.2e-05, 0.999999, -0.0, 0.0, 1.500041, 0.0, 1.0, -0.0, 0.287397, 0.0, 0.0, 0.0, 1.0],
                [-0.0, 0.0, 0.999999, -2.2e-05, 0.999999, -0.0, 0.0, 1.500041, 0.0, 1.0, -0.0, 0.286763, 0.0, 0.0, 0.0, 1.0],
                [-0.0, 0.0, 0.999999, -2.2e-05, 0.999999, -0.0, 0.0, 1.500041, 0.0, 1.0, -0.0, 0.28613, 0.0, 0.0, 0.0, 1.0],
                [-0.0, 0.0, 0.999999, -2.2e-05, 0.999999, -0.0, 0.0, 1.500041, 0.0, 1.0, -0.0, 0.285496, 0.0, 0.0, 0.0, 1.0],
                [-0.0, 0.0, 0.999999, -2.2e-05, 0.999999, -0.0, 0.0, 1.500041, 0.0, 1.0, -0.0, 0.284862, 0.0, 0.0, 0.0, 1.0],
                [-0.0, 0.0, 0.999999, -2.2e-05, 0.999999, -0.0, 0.0, 1.500041, 0.0, 1.0, -0.0, 0.284228, 0.0, 0.0, 0.0, 1.0],
                [-0.0, 0.0, 0.999999, -2.2e-05, 0.999999, -0.0, 0.0, 1.500041, 0.0, 1.0, -0.0, 0.283594, 0.0, 0.0, 0.0, 1.0],
                [-0.0, 0.0, 0.999999, -2.2e-05, 0.999999, -0.0, 0.0, 1.500041, 0.0, 1.0, -0.0, 0.284136, 0.0, 0.0, 0.0, 1.0],
                [-0.0, 0.0, 0.999999, -2.2e-05, 0.999999, -0.0, 0.0, 1.500041, 0.0, 1.0, -0.0, 0.284679, 0.0, 0.0, 0.0, 1.0],
                [-0.0, 0.0, 0.999999, -2.2e-05, 0.999999, -0.0, 0.0, 1.500041, 0.0, 1.0, -0.0, 0.285221, 0.0, 0.0, 0.0, 1.0],
                [-0.0, 0.0, 0.999999, -2.2e-05, 0.999999, -0.0, 0.0, 1.500041, 0.0, 1.0, -0.0, 0.285763, 0.0, 0.0, 0.0, 1.0],
                [-0.0, 0.0, 0.999999, -2.2e-05, 0.999999, -0.0, 0.0, 1.500041, 0.0, 1.0, -0.0, 0.286306, 0.0, 0.0, 0.0, 1.0],
                [-0.0, 0.0, 0.999999, -2.2e-05, 0.999999, -0.0, 0.0, 1.500041, 0.0, 1.0, -0.0, 0.286848, 0.0, 0.0, 0.0, 1.0],
                [-0.0, 0.0, 0.999999, -2.2e-05, 0.999999, -0.0, 0.0, 1.500041, 0.0, 1.0, -0.0, 0.28739, 0.0, 0.0, 0.0, 1.0],
                [-0.0, 0.0, 0.999999, -2.2e-05, 0.999999, -0.0, 0.0, 1.500041, 0.0, 1.0, -0.0, 0.291992, 0.0, 0.0, 0.0, 1.0],
                [-0.0, 0.0, 0.999999, -2.2e-05, 0.999999, -0.0, 0.0, 1.500041, 0.0, 1.0, -0.0, 0.296594, 0.0, 0.0, 0.0, 1.0],
                [-0.0, 0.0, 0.999999, -2.2e-05, 0.999999, -0.0, 0.0, 1.500041, 0.0, 1.0, -0.0, 0.301196, 0.0, 0.0, 0.0, 1.0],
                [-0.0, 0.0, 0.999999, -2.2e-05, 0.999999, -0.0, 0.0, 1.500041, 0.0, 1.0, -0.0, 0.305798, 0.0, 0.0, 0.0, 1.0],
                [-0.0, 0.0, 0.999999, -2.2e-05, 0.999999, -0.0, 0.0, 1.500041, 0.0, 1.0, -0.0, 0.3104, 0.0, 0.0, 0.0, 1.0],
                [-0.0, 0.0, 0.999999, -2.2e-05, 0.999999, -0.0, 0.0, 1.500041, 0.0, 1.0, -0.0, 0.315002, 0.0, 0.0, 0.0, 1.0],
                [-0.0, 0.0, 0.999999, -2.2e-05, 0.999999, -0.0, 0.0, 1.500041, 0.0, 1.0, -0.0, 0.318238, 0.0, 0.0, 0.0, 1.0],
                [-0.0, 0.0, 0.999999, -2.2e-05, 0.999999, -0.0, 0.0, 1.500041, 0.0, 1.0, -0.0, 0.321473, 0.0, 0.0, 0.0, 1.0],
                [-0.0, 0.0, 0.999999, -2.2e-05, 0.999999, -0.0, 0.0, 1.500041, 0.0, 1.0, -0.0, 0.324709, 0.0, 0.0, 0.0, 1.0],
                [-0.0, 0.0, 0.999999, -2.2e-05, 0.999999, -0.0, 0.0, 1.500041, 0.0, 1.0, -0.0, 0.327945, 0.0, 0.0, 0.0, 1.0],
                [-0.0, 0.0, 0.999999, -2.2e-05, 0.999999, -0.0, 0.0, 1.500041, 0.0, 1.0, -0.0, 0.325586, 0.0, 0.0, 0.0, 1.0],
                [-0.0, 0.0, 0.999999, -2.2e-05, 0.999999, -0.0, 0.0, 1.500041, 0.0, 1.0, -0.0, 0.323227, 0.0, 0.0, 0.0, 1.0],
                [-0.0, 0.0, 0.999999, -2.2e-05, 0.999999, -0.0, 0.0, 1.500041, 0.0, 1.0, -0.0, 0.320869, 0.0, 0.0, 0.0, 1.0],
                [-0.0, 0.0, 0.999999, -2.2e-05, 0.999999, -0.0, 0.0, 1.500041, 0.0, 1.0, -0.0, 0.31851, 0.0, 0.0, 0.0, 1.0],
                [-0.0, 0.0, 0.999999, -2.2e-05, 0.999999, -0.0, 0.0, 1.500041, 0.0, 1.0, -0.0, 0.316152, 0.0, 0.0, 0.0, 1.0],
                [-0.0, 0.0, 0.999999, -2.2e-05, 0.999999, -0.0, 0.0, 1.500041, 0.0, 1.0, -0.0, 0.313793, 0.0, 0.0, 0.0, 1.0],
                [-0.0, 0.0, 0.999999, -2.2e-05, 0.999999, -0.0, 0.0, 1.500041, 0.0, 1.0, -0.0, 0.315581, 0.0, 0.0, 0.0, 1.0],
                [-0.0, 0.0, 0.999999, -2.2e-05, 0.999999, -0.0, 0.0, 1.500041, 0.0, 1.0, -0.0, 0.317369, 0.0, 0.0, 0.0, 1.0],
                [-0.0, 0.0, 0.999999, -2.2e-05, 0.999999, -0.0, 0.0, 1.500041, 0.0, 1.0, -0.0, 0.319157, 0.0, 0.0, 0.0, 1.0],
                [-0.0, 0.0, 0.999999, -2.2e-05, 0.999999, -0.0, 0.0, 1.500041, 0.0, 1.0, -0.0, 0.320945, 0.0, 0.0, 0.0, 1.0],
                [-0.0, 0.0, 0.999999, -2.2e-05, 0.999999, -0.0, 0.0, 1.500041, 0.0, 1.0, -0.0, 0.322733, 0.0, 0.0, 0.0, 1.0],
                [-0.0, 0.0, 0.999999, -2.2e-05, 0.999999, -0.0, 0.0, 1.500041, 0.0, 1.0, -0.0, 0.324521, 0.0, 0.0, 0.0, 1.0],
                [-0.0, 0.0, 0.999999, -2.2e-05, 0.999999, -0.0, 0.0, 1.500041, 0.0, 1.0, -0.0, 0.326309, 0.0, 0.0, 0.0, 1.0],
                [-0.0, 0.0, 0.999999, -2.2e-05, 0.999999, -0.0, 0.0, 1.500041, 0.0, 1.0, -0.0, 0.328097, 0.0, 0.0, 0.0, 1.0],
                [-0.0, 0.0, 0.999999, -2.2e-05, 0.999999, -0.0, 0.0, 1.500041, 0.0, 1.0, -0.0, 0.329885, 0.0, 0.0, 0.0, 1.0],
                [-0.0, 0.0, 0.999999, -2.2e-05, 0.999999, -0.0, 0.0, 1.500041, 0.0, 1.0, -0.0, 0.331673, 0.0, 0.0, 0.0, 1.0],
                [-0.0, 0.0, 0.999999, -2.2e-05, 0.999999, -0.0, 0.0, 1.500041, 0.0, 1.0, -0.0, 0.333461, 0.0, 0.0, 0.0, 1.0],
                [-0.0, 0.0, 0.999999, -2.2e-05, 0.999999, -0.0, 0.0, 1.500041, 0.0, 1.0, -0.0, 0.335249, 0.0, 0.0, 0.0, 1.0],
                [-0.0, 0.0, 0.999999, -2.2e-05, 0.999999, -0.0, 0.0, 1.500041, 0.0, 1.0, -0.0, 0.337037, 0.0, 0.0, 0.0, 1.0],
                [-0.0, 0.0, 0.999999, -2.2e-05, 0.999999, -0.0, 0.0, 1.500041, 0.0, 1.0, -0.0, 0.338825, 0.0, 0.0, 0.0, 1.0],
                [-0.0, 0.0, 0.999999, -2.2e-05, 0.999999, -0.0, 0.0, 1.500041, 0.0, 1.0, -0.0, 0.340613, 0.0, 0.0, 0.0, 1.0],
                [-0.0, 0.0, 0.999999, -2.2e-05, 0.999999, -0.0, 0.0, 1.500041, 0.0, 1.0, -0.0, 0.342401, 0.0, 0.0, 0.0, 1.0],
                [-0.0, 0.0, 0.999999, -2.2e-05, 0.999999, -0.0, 0.0, 1.500041, 0.0, 1.0, -0.0, 0.344189, 0.0, 0.0, 0.0, 1.0],
                [-0.0, 0.0, 0.999999, -2.2e-05, 0.999999, -0.0, 0.0, 1.500041, 0.0, 1.0, -0.0, 0.345977, 0.0, 0.0, 0.0, 1.0],
                [-0.0, 0.0, 0.999999, -2.2e-05, 0.999999, -0.0, 0.0, 1.500041, 0.0, 1.0, -0.0, 0.347765, 0.0, 0.0, 0.0, 1.0],
                [-0.0, 0.0, 0.999999, -2.2e-05, 0.999999, -0.0, 0.0, 1.500041, 0.0, 1.0, -0.0, 0.346592, 0.0, 0.0, 0.0, 1.0],
                [-0.0, 0.0, 0.999999, -2.2e-05, 0.999999, -0.0, 0.0, 1.500041, 0.0, 1.0, -0.0, 0.34542, 0.0, 0.0, 0.0, 1.0],
                [-0.0, 0.0, 0.999999, -2.2e-05, 0.999999, -0.0, 0.0, 1.500041, 0.0, 1.0, -0.0, 0.344247, 0.0, 0.0, 0.0, 1.0],
                [-0.0, 0.0, 0.999999, -2.2e-05, 0.999999, -0.0, 0.0, 1.500041, 0.0, 1.0, -0.0, 0.343075, 0.0, 0.0, 0.0, 1.0],
                [-0.0, 0.0, 0.999999, -2.2e-05, 0.999999, -0.0, 0.0, 1.500041, 0.0, 1.0, -0.0, 0.341902, 0.0, 0.0, 0.0, 1.0],
                [-0.0, 0.0, 0.999999, -2.2e-05, 0.999999, -0.0, 0.0, 1.500041, 0.0, 1.0, -0.0, 0.34073, 0.0, 0.0, 0.0, 1.0],
                [-0.0, 0.0, 0.999999, -2.2e-05, 0.999999, -0.0, 0.0, 1.500041, 0.0, 1.0, -0.0, 0.339557, 0.0, 0.0, 0.0, 1.0],
                [-0.0, 0.0, 0.999999, -2.2e-05, 0.999999, -0.0, 0.0, 1.500041, 0.0, 1.0, -0.0, 0.338385, 0.0, 0.0, 0.0, 1.0],
                [-0.0, 0.0, 0.999999, -2.2e-05, 0.999999, -0.0, 0.0, 1.500041, 0.0, 1.0, -0.0, 0.337212, 0.0, 0.0, 0.0, 1.0],
                [-0.0, 0.0, 0.999999, -2.2e-05, 0.999999, -0.0, 0.0, 1.500041, 0.0, 1.0, -0.0, 0.33604, 0.0, 0.0, 0.0, 1.0],
                [-0.0, 0.0, 0.999999, -2.2e-05, 0.999999, -0.0, 0.0, 1.500041, 0.0, 1.0, -0.0, 0.334867, 0.0, 0.0, 0.0, 1.0],
                [-0.0, 0.0, 0.999999, -2.2e-05, 0.999999, -0.0, 0.0, 1.500041, 0.0, 1.0, -0.0, 0.333695, 0.0, 0.0, 0.0, 1.0],
                [-0.0, 0.0, 0.999999, -2.2e-05, 0.999999, -0.0, 0.0, 1.500041, 0.0, 1.0, -0.0, 0.332522, 0.0, 0.0, 0.0, 1.0],
                [-0.0, 0.0, 0.999999, -2.2e-05, 0.999999, -0.0, 0.0, 1.500041, 0.0, 1.0, -0.0, 0.33135, 0.0, 0.0, 0.0, 1.0],
                [-0.0, 0.0, 0.999999, -2.2e-05, 0.999999, -0.0, 0.0, 1.500041, 0.0, 1.0, -0.0, 0.330177, 0.0, 0.0, 0.0, 1.0],
                [-0.0, 0.0, 0.999999, -2.2e-05, 0.999999, -0.0, 0.0, 1.500041, 0.0, 1.0, -0.0, 0.329005, 0.0, 0.0, 0.0, 1.0],
                [-0.0, 0.0, 0.999999, -2.2e-05, 0.999999, -0.0, 0.0, 1.500041, 0.0, 1.0, -0.0, 0.327832, 0.0, 0.0, 0.0, 1.0],
                [-0.0, 0.0, 0.999999, -2.2e-05, 0.999999, -0.0, 0.0, 1.500041, 0.0, 1.0, -0.0, 0.32666, 0.0, 0.0, 0.0, 1.0],
                [-0.0, 0.0, 0.999999, -2.2e-05, 0.999999, -0.0, 0.0, 1.500041, 0.0, 1.0, -0.0, 0.327232, 0.0, 0.0, 0.0, 1.0],
                [-0.0, 0.0, 0.999999, -2.2e-05, 0.999999, -0.0, 0.0, 1.500041, 0.0, 1.0, -0.0, 0.327804, 0.0, 0.0, 0.0, 1.0],
                [-0.0, 0.0, 0.999999, -2.2e-05, 0.999999, -0.0, 0.0, 1.500041, 0.0, 1.0, -0.0, 0.328376, 0.0, 0.0, 0.0, 1.0],
                [-0.0, 0.0, 0.999999, -2.2e-05, 0.999999, -0.0, 0.0, 1.500041, 0.0, 1.0, -0.0, 0.328948, 0.0, 0.0, 0.0, 1.0],
                [-0.0, 0.0, 0.999999, -2.2e-05, 0.999999, -0.0, 0.0, 1.500041, 0.0, 1.0, -0.0, 0.32952, 0.0, 0.0, 0.0, 1.0],
                [-0.0, 0.0, 0.999999, -2.2e-05, 0.999999, -0.0, 0.0, 1.500041, 0.0, 1.0, -0.0, 0.330092, 0.0, 0.0, 0.0, 1.0],
                [-0.0, 0.0, 0.999999, -2.2e-05, 0.999999, -0.0, 0.0, 1.500041, 0.0, 1.0, -0.0, 0.330665, 0.0, 0.0, 0.0, 1.0],
                [-0.0, 0.0, 0.999999, -2.2e-05, 0.999999, -0.0, 0.0, 1.500041, 0.0, 1.0, -0.0, 0.331237, 0.0, 0.0, 0.0, 1.0],
                [-0.0, 0.0, 0.999999, -2.2e-05, 0.999999, -0.0, 0.0, 1.500041, 0.0, 1.0, -0.0, 0.331809, 0.0, 0.0, 0.0, 1.0],
                [-0.0, 0.0, 0.999999, -2.2e-05, 0.999999, -0.0, 0.0, 1.500041, 0.0, 1.0, -0.0, 0.332381, 0.0, 0.0, 0.0, 1.0],
                [-0.0, 0.0, 0.999999, -2.2e-05, 0.999999, -0.0, 0.0, 1.500041, 0.0, 1.0, -0.0, 0.332953, 0.0, 0.0, 0.0, 1.0],
                [-0.0, 0.0, 0.999999, -2.2e-05, 0.999999, -0.0, 0.0, 1.500041, 0.0, 1.0, -0.0, 0.333525, 0.0, 0.0, 0.0, 1.0],
                [-0.0, 0.0, 0.999999, -2.2e-05, 0.999999, -0.0, 0.0, 1.500041, 0.0, 1.0, -0.0, 0.334098, 0.0, 0.0, 0.0, 1.0],
                [-0.0, 0.0, 0.999999, -2.2e-05, 0.999999, -0.0, 0.0, 1.500041, 0.0, 1.0, -0.0, 0.33467, 0.0, 0.0, 0.0, 1.0],
                [-0.0, 0.0, 0.999999, -2.2e-05, 0.999999, -0.0, 0.0, 1.500041, 0.0, 1.0, -0.0, 0.335242, 0.0, 0.0, 0.0, 1.0],
                [-0.0, 0.0, 0.999999, -2.2e-05, 0.999999, -0.0, 0.0, 1.500041, 0.0, 1.0, -0.0, 0.335814, 0.0, 0.0, 0.0, 1.0],
                [-0.0, 0.0, 0.999999, -2.2e-05, 0.999999, -0.0, 0.0, 1.500041, 0.0, 1.0, -0.0, 0.336386, 0.0, 0.0, 0.0, 1.0],
                [-0.0, 0.0, 0.999999, -2.2e-05, 0.999999, -0.0, 0.0, 1.500041, 0.0, 1.0, -0.0, 0.336958, 0.0, 0.0, 0.0, 1.0],
                [-0.0, 0.0, 0.999999, -2.2e-05, 0.999999, -0.0, 0.0, 1.500041, 0.0, 1.0, -0.0, 0.33753, 0.0, 0.0, 0.0, 1.0],
                [-0.0, 0.0, 0.999999, -2.2e-05, 0.999999, -0.0, 0.0, 1.500041, 0.0, 1.0, -0.0, 0.338103, 0.0, 0.0, 0.0, 1.0],
                [-0.0, 0.0, 0.999999, -2.2e-05, 0.999999, -0.0, 0.0, 1.500041, 0.0, 1.0, -0.0, 0.338675, 0.0, 0.0, 0.0, 1.0],
                [-0.0, 0.0, 0.999999, -2.2e-05, 0.999999, -0.0, 0.0, 1.500041, 0.0, 1.0, -0.0, 0.339247, 0.0, 0.0, 0.0, 1.0],
                [-0.0, 0.0, 0.999999, -2.2e-05, 0.999999, -0.0, 0.0, 1.500041, 0.0, 1.0, -0.0, 0.339418, 0.0, 0.0, 0.0, 1.0],
                [-0.0, 0.0, 0.999999, -2.2e-05, 0.999999, -0.0, 0.0, 1.500041, 0.0, 1.0, -0.0, 0.339588, 0.0, 0.0, 0.0, 1.0],
                [-0.0, 0.0, 0.999999, -2.2e-05, 0.999999, -0.0, 0.0, 1.500041, 0.0, 1.0, -0.0, 0.339759, 0.0, 0.0, 0.0, 1.0],
                [-0.0, 0.0, 0.999999, -2.2e-05, 0.999999, -0.0, 0.0, 1.500041, 0.0, 1.0, -0.0, 0.339929, 0.0, 0.0, 0.0, 1.0],
                [-0.0, 0.0, 0.999999, -2.2e-05, 0.999999, -0.0, 0.0, 1.500041, 0.0, 1.0, -0.0, 0.3401, 0.0, 0.0, 0.0, 1.0],
                [-0.0, 0.0, 0.999999, -2.2e-05, 0.999999, -0.0, 0.0, 1.500041, 0.0, 1.0, -0.0, 0.340271, 0.0, 0.0, 0.0, 1.0],
                [-0.0, 0.0, 0.999999, -2.2e-05, 0.999999, -0.0, 0.0, 1.500041, 0.0, 1.0, -0.0, 0.340441, 0.0, 0.0, 0.0, 1.0],
                [-0.0, 0.0, 0.999999, -2.2e-05, 0.999999, -0.0, 0.0, 1.500041, 0.0, 1.0, -0.0, 0.340612, 0.0, 0.0, 0.0, 1.0],
                [-0.0, 0.0, 0.999999, -2.2e-05, 0.999999, -0.0, 0.0, 1.500041, 0.0, 1.0, -0.0, 0.340783, 0.0, 0.0, 0.0, 1.0],
                [-0.0, 0.0, 0.999999, -2.2e-05, 0.999999, -0.0, 0.0, 1.500041, 0.0, 1.0, -0.0, 0.340953, 0.0, 0.0, 0.0, 1.0],
                [-0.0, 0.0, 0.999999, -2.2e-05, 0.999999, -0.0, 0.0, 1.500041, 0.0, 1.0, -0.0, 0.341124, 0.0, 0.0, 0.0, 1.0],
                [-0.0, 0.0, 0.999999, -2.2e-05, 0.999999, -0.0, 0.0, 1.500041, 0.0, 1.0, -0.0, 0.341295, 0.0, 0.0, 0.0, 1.0],
                [-0.0, 0.0, 0.999999, -2.2e-05, 0.999999, -0.0, 0.0, 1.500041, 0.0, 1.0, -0.0, 0.341465, 0.0, 0.0, 0.0, 1.0],
                [-0.0, 0.0, 0.999999, -2.2e-05, 0.999999, -0.0, 0.0, 1.500041, 0.0, 1.0, -0.0, 0.341636, 0.0, 0.0, 0.0, 1.0],
                [-0.0, 0.0, 0.999999, -2.2e-05, 0.999999, -0.0, 0.0, 1.500041, 0.0, 1.0, -0.0, 0.341807, 0.0, 0.0, 0.0, 1.0],
                [-0.0, 0.0, 0.999999, -2.2e-05, 0.999999, -0.0, 0.0, 1.500041, 0.0, 1.0, -0.0, 0.341977, 0.0, 0.0, 0.0, 1.0],
                [-0.0, 0.0, 0.999999, -2.2e-05, 0.999999, -0.0, 0.0, 1.500041, 0.0, 1.0, -0.0, 0.342148, 0.0, 0.0, 0.0, 1.0],
                [-0.0, 0.0, 0.999999, -2.2e-05, 0.999999, -0.0, 0.0, 1.500041, 0.0, 1.0, -0.0, 0.342319, 0.0, 0.0, 0.0, 1.0],
                [-0.0, 0.0, 0.999999, -2.2e-05, 0.999999, -0.0, 0.0, 1.500041, 0.0, 1.0, -0.0, 0.342489, 0.0, 0.0, 0.0, 1.0],
                [-0.0, 0.0, 0.999999, -2.2e-05, 0.999999, -0.0, 0.0, 1.500041, 0.0, 1.0, -0.0, 0.34266, 0.0, 0.0, 0.0, 1.0],
                [-0.0, 0.0, 0.999999, -2.2e-05, 0.999999, -0.0, 0.0, 1.500041, 0.0, 1.0, -0.0, 0.342831, 0.0, 0.0, 0.0, 1.0],
                [-0.0, 0.0, 0.999999, -2.2e-05, 0.999999, -0.0, 0.0, 1.500041, 0.0, 1.0, -0.0, 0.341809, 0.0, 0.0, 0.0, 1.0],
                [-0.0, 0.0, 0.999999, -2.2e-05, 0.999999, -0.0, 0.0, 1.500041, 0.0, 1.0, -0.0, 0.340788, 0.0, 0.0, 0.0, 1.0],
                [-0.0, 0.0, 0.999999, -2.2e-05, 0.999999, -0.0, 0.0, 1.500041, 0.0, 1.0, -0.0, 0.339767, 0.0, 0.0, 0.0, 1.0],
                [-0.0, 0.0, 0.999999, -2.2e-05, 0.999999, -0.0, 0.0, 1.500041, 0.0, 1.0, -0.0, 0.338746, 0.0, 0.0, 0.0, 1.0],
                [-0.0, 0.0, 0.999999, -2.2e-05, 0.999999, -0.0, 0.0, 1.500041, 0.0, 1.0, -0.0, 0.337725, 0.0, 0.0, 0.0, 1.0],
                [-0.0, 0.0, 0.999999, -2.2e-05, 0.999999, -0.0, 0.0, 1.500041, 0.0, 1.0, -0.0, 0.336704, 0.0, 0.0, 0.0, 1.0],
                [-0.0, 0.0, 0.999999, -2.2e-05, 0.999999, -0.0, 0.0, 1.500041, 0.0, 1.0, -0.0, 0.335683, 0.0, 0.0, 0.0, 1.0],
                [-0.0, 0.0, 0.999999, -2.2e-05, 0.999999, -0.0, 0.0, 1.500041, 0.0, 1.0, -0.0, 0.334662, 0.0, 0.0, 0.0, 1.0],
                [-0.0, 0.0, 0.999999, -2.2e-05, 0.999999, -0.0, 0.0, 1.500041, 0.0, 1.0, -0.0, 0.33364, 0.0, 0.0, 0.0, 1.0],
                [-0.0, 0.0, 0.999999, -2.2e-05, 0.999999, -0.0, 0.0, 1.500041, 0.0, 1.0, -0.0, 0.332619, 0.0, 0.0, 0.0, 1.0],
                [-0.0, 0.0, 0.999999, -2.2e-05, 0.999999, -0.0, 0.0, 1.500041, 0.0, 1.0, -0.0, 0.331598, 0.0, 0.0, 0.0, 1.0],
                [-0.0, 0.0, 0.999999, -2.2e-05, 0.999999, -0.0, 0.0, 1.500041, 0.0, 1.0, -0.0, 0.330577, 0.0, 0.0, 0.0, 1.0],
                [-0.0, 0.0, 0.999999, -2.2e-05, 0.999999, -0.0, 0.0, 1.500041, 0.0, 1.0, -0.0, 0.329556, 0.0, 0.0, 0.0, 1.0],
                [-0.0, 0.0, 0.999999, -2.2e-05, 0.999999, -0.0, 0.0, 1.500041, 0.0, 1.0, -0.0, 0.328535, 0.0, 0.0, 0.0, 1.0],
                [-0.0, 0.0, 0.999999, -2.2e-05, 0.999999, -0.0, 0.0, 1.500041, 0.0, 1.0, -0.0, 0.327514, 0.0, 0.0, 0.0, 1.0],
                [-0.0, 0.0, 0.999999, -2.2e-05, 0.999999, -0.0, 0.0, 1.500041, 0.0, 1.0, -0.0, 0.326493, 0.0, 0.0, 0.0, 1.0],
                [-0.0, 0.0, 0.999999, -2.2e-05, 0.999999, -0.0, 0.0, 1.500041, 0.0, 1.0, -0.0, 0.325471, 0.0, 0.0, 0.0, 1.0],
                [-0.0, 0.0, 0.999999, -2.2e-05, 0.999999, -0.0, 0.0, 1.500041, 0.0, 1.0, -0.0, 0.32445, 0.0, 0.0, 0.0, 1.0],
                [-0.0, 0.0, 0.999999, -2.2e-05, 0.999999, -0.0, 0.0, 1.500041, 0.0, 1.0, -0.0, 0.323429, 0.0, 0.0, 0.0, 1.0],
                [-0.0, 0.0, 0.999999, -2.2e-05, 0.999999, -0.0, 0.0, 1.500041, 0.0, 1.0, -0.0, 0.322408, 0.0, 0.0, 0.0, 1.0],
                [-0.0, 0.0, 0.999999, -2.2e-05, 0.999999, -0.0, 0.0, 1.500041, 0.0, 1.0, -0.0, 0.321387, 0.0, 0.0, 0.0, 1.0],
                [-0.0, 0.0, 0.999999, -2.2e-05, 0.999999, -0.0, 0.0, 1.500041, 0.0, 1.0, -0.0, 0.320366, 0.0, 0.0, 0.0, 1.0],
                [-0.0, 0.0, 0.999999, -2.2e-05, 0.999999, -0.0, 0.0, 1.500041, 0.0, 1.0, -0.0, 0.319345, 0.0, 0.0, 0.0, 1.0],
                [-0.0, 0.0, 0.999999, -2.2e-05, 0.999999, -0.0, 0.0, 1.500041, 0.0, 1.0, -0.0, 0.318324, 0.0, 0.0, 0.0, 1.0],
                [-0.0, 0.0, 0.999999, -2.2e-05, 0.999999, -0.0, 0.0, 1.500041, 0.0, 1.0, -0.0, 0.317302, 0.0, 0.0, 0.0, 1.0],
                [-0.0, 0.0, 0.999999, -2.2e-05, 0.999999, -0.0, 0.0, 1.500041, 0.0, 1.0, -0.0, 0.316281, 0.0, 0.0, 0.0, 1.0],
                [-0.0, 0.0, 0.999999, -2.2e-05, 0.999999, -0.0, 0.0, 1.500041, 0.0, 1.0, -0.0, 0.31526, 0.0, 0.0, 0.0, 1.0],
                [-0.0, 0.0, 0.999999, -2.2e-05, 0.999999, -0.0, 0.0, 1.500041, 0.0, 1.0, -0.0, 0.314239, 0.0, 0.0, 0.0, 1.0],
                [-0.0, 0.0, 0.999999, -2.2e-05, 0.999999, -0.0, 0.0, 1.500041, 0.0, 1.0, -0.0, 0.313218, 0.0, 0.0, 0.0, 1.0],
                [-0.0, 0.0, 0.999999, -2.2e-05, 0.999999, -0.0, 0.0, 1.500041, 0.0, 1.0, -0.0, 0.312197, 0.0, 0.0, 0.0, 1.0],
                [-0.0, 0.0, 0.999999, -2.2e-05, 0.999999, -0.0, 0.0, 1.500041, 0.0, 1.0, -0.0, 0.311176, 0.0, 0.0, 0.0, 1.0],
                [-0.0, 0.0, 0.999999, -2.2e-05, 0.999999, -0.0, 0.0, 1.500041, 0.0, 1.0, -0.0, 0.310155, 0.0, 0.0, 0.0, 1.0],
                [-0.0, 0.0, 0.999999, -2.2e-05, 0.999999, -0.0, 0.0, 1.500041, 0.0, 1.0, -0.0, 0.318234, 0.0, 0.0, 0.0, 1.0],
                [-0.0, 0.0, 0.999999, -2.2e-05, 0.999999, -0.0, 0.0, 1.500041, 0.0, 1.0, -0.0, 0.326314, 0.0, 0.0, 0.0, 1.0],
                [-0.0, 0.0, 0.999999, -2.2e-05, 0.999999, -0.0, 0.0, 1.500041, 0.0, 1.0, -0.0, 0.334394, 0.0, 0.0, 0.0, 1.0],
                [-0.0, 0.0, 0.999999, -2.2e-05, 0.999999, -0.0, 0.0, 1.500041, 0.0, 1.0, -0.0, 0.342474, 0.0, 0.0, 0.0, 1.0],
                [-0.0, 0.0, 0.999999, -2.2e-05, 0.999999, -0.0, 0.0, 1.500041, 0.0, 1.0, -0.0, 0.350554, 0.0, 0.0, 0.0, 1.0],
                [-0.0, 0.0, 0.999999, -2.2e-05, 0.999999, -0.0, 0.0, 1.500041, 0.0, 1.0, -0.0, 0.358633, 0.0, 0.0, 0.0, 1.0],
                [-0.0, 0.0, 0.999999, -2.2e-05, 0.999999, -0.0, 0.0, 1.500041, 0.0, 1.0, -0.0, 0.366713, 0.0, 0.0, 0.0, 1.0],
                [-0.0, 0.0, 0.999999, -2.2e-05, 0.999999, -0.0, 0.0, 1.504267, 0.0, 1.0, -0.0, 0.374793, 0.0, 0.0, 0.0, 1.0],
                [-0.0, 0.0, 0.999999, -2.2e-05, 0.999999, -0.0, 0.0, 1.515949, 0.0, 1.0, -0.0, 0.382873, 0.0, 0.0, 0.0, 1.0],
                [-0.0, 0.0, 0.999999, -2.2e-05, 0.999999, -0.0, 0.0, 1.533597, 0.0, 1.0, -0.0, 0.390953, 0.0, 0.0, 0.0, 1.0],
                [-0.0, 0.0, 0.999999, -2.2e-05, 0.999999, -0.0, 0.0, 1.55572, 0.0, 1.0, -0.0, 0.399032, 0.0, 0.0, 0.0, 1.0],
                [-0.0, 0.0, 0.999999, -2.2e-05, 0.999999, -0.0, 0.0, 1.58157, 0.0, 1.0, -0.0, 0.409224, 0.0, 0.0, 0.0, 1.0],
                [-0.0, 0.0, 0.999999, -2.2e-05, 0.999999, -0.0, 0.0, 1.607421, 0.0, 1.0, -0.0, 0.419415, 0.0, 0.0, 0.0, 1.0],
                [-0.0, 0.0, 0.999999, -2.2e-05, 0.999999, -0.0, 0.0, 1.633272, 0.0, 1.0, -0.0, 0.429606, 0.0, 0.0, 0.0, 1.0],
                [-0.0, 0.0, 0.999999, -2.2e-05, 0.999999, -0.0, 0.0, 1.659122, 0.0, 1.0, -0.0, 0.439797, 0.0, 0.0, 0.0, 1.0],
                [-0.0, 0.0, 0.999999, -2.2e-05, 0.999999, -0.0, 0.0, 1.681245, 0.0, 1.0, -0.0, 0.449989, 0.0, 0.0, 0.0, 1.0],
                [-0.0, 0.0, 0.999999, -2.2e-05, 0.999999, -0.0, 0.0, 1.698893, 0.0, 1.0, -0.0, 0.46018, 0.0, 0.0, 0.0, 1.0],
                [-0.0, 0.0, 0.999999, -2.2e-05, 0.999999, -0.0, 0.0, 1.710575, 0.0, 1.0, -0.0, 0.470371, 0.0, 0.0, 0.0, 1.0],
                [-0.0, 0.0, 0.999999, -2.2e-05, 0.999999, -0.0, 0.0, 1.714801, 0.0, 1.0, -0.0, 0.480562, 0.0, 0.0, 0.0, 1.0],
                [-0.0, 0.0, 0.999999, -2.2e-05, 0.999999, -0.0, 0.0, 1.714801, 0.0, 1.0, -0.0, 0.490754, 0.0, 0.0, 0.0, 1.0],
                [-0.0, 0.0, 0.999999, -2.2e-05, 0.999999, -0.0, 0.0, 1.714801, 0.0, 1.0, -0.0, 0.500945, 0.0, 0.0, 0.0, 1.0],
                [-0.0, 0.0, 0.999999, -2.2e-05, 0.999999, -0.0, 0.0, 1.714801, 0.0, 1.0, -0.0, 0.511136, 0.0, 0.0, 0.0, 1.0],
                [-0.0, 0.0, 0.999999, -2.2e-05, 0.999999, -0.0, 0.0, 1.714801, 0.0, 1.0, -0.0, 0.521327, 0.0, 0.0, 0.0, 1.0],
                [-0.0, 0.0, 0.999999, -2.2e-05, 0.999999, -0.0, 0.0, 1.714801, 0.0, 1.0, -0.0, 0.524209, 0.0, 0.0, 0.0, 1.0],
                [-0.0, 0.0, 0.999999, -2.2e-05, 0.999999, -0.0, 0.0, 1.714801, 0.0, 1.0, -0.0, 0.52709, 0.0, 0.0, 0.0, 1.0],
                [-0.0, 0.0, 0.999999, -2.2e-05, 0.999999, -0.0, 0.0, 1.714801, 0.0, 1.0, -0.0, 0.529971, 0.0, 0.0, 0.0, 1.0],
                [-0.0, 0.0, 0.999999, -2.2e-05, 0.999999, -0.0, 0.0, 1.714801, 0.0, 1.0, -0.0, 0.532853, 0.0, 0.0, 0.0, 1.0],
                [-0.0, 0.0, 0.999999, -2.2e-05, 0.999999, -0.0, 0.0, 1.714801, 0.0, 1.0, -0.0, 0.535734, 0.0, 0.0, 0.0, 1.0],
                [-0.0, 0.0, 0.999999, -2.2e-05, 0.999999, -0.0, 0.0, 1.714801, 0.0, 1.0, -0.0, 0.538615, 0.0, 0.0, 0.0, 1.0],
                [-0.0, 0.0, 0.999999, -2.2e-05, 0.999999, -0.0, 0.0, 1.714801, 0.0, 1.0, -0.0, 0.541497, 0.0, 0.0, 0.0, 1.0],
                [-0.0, 0.0, 0.999999, -2.2e-05, 0.999999, -0.0, 0.0, 1.714801, 0.0, 1.0, -0.0, 0.544378, 0.0, 0.0, 0.0, 1.0],
                [-0.0, 0.0, 0.999999, -2.2e-05, 0.999999, -0.0, 0.0, 1.714801, 0.0, 1.0, -0.0, 0.547259, 0.0, 0.0, 0.0, 1.0],
                [-0.0, 0.0, 0.999999, -2.2e-05, 0.999999, -0.0, 0.0, 1.714801, 0.0, 1.0, -0.0, 0.550141, 0.0, 0.0, 0.0, 1.0],
                [-0.0, 0.0, 0.999999, -2.2e-05, 0.999999, -0.0, 0.0, 1.714801, 0.0, 1.0, -0.0, 0.553022, 0.0, 0.0, 0.0, 1.0],
                [-0.0, 0.0, 0.999999, -2.2e-05, 0.999999, -0.0, 0.0, 1.714801, 0.0, 1.0, -0.0, 0.555903, 0.0, 0.0, 0.0, 1.0],
                [-0.0, 0.0, 0.999999, -2.2e-05, 0.999999, -0.0, 0.0, 1.714801, 0.0, 1.0, -0.0, 0.558785, 0.0, 0.0, 0.0, 1.0],
                [-0.0, 0.0, 0.999999, -2.2e-05, 0.999999, -0.0, 0.0, 1.714801, 0.0, 1.0, -0.0, 0.561666, 0.0, 0.0, 0.0, 1.0],
                [-0.0, 0.0, 0.999999, -2.2e-05, 0.999999, -0.0, 0.0, 1.714801, 0.0, 1.0, -0.0, 0.564548, 0.0, 0.0, 0.0, 1.0],
                [-0.0, 0.0, 0.999999, -2.2e-05, 0.999999, -0.0, 0.0, 1.714801, 0.0, 1.0, -0.0, 0.567429, 0.0, 0.0, 0.0, 1.0],
                [-0.0, 0.0, 0.999999, -2.2e-05, 0.999999, -0.0, 0.0, 1.714801, 0.0, 1.0, -0.0, 0.57031, 0.0, 0.0, 0.0, 1.0],
                [-0.0, 0.0, 0.999999, -2.2e-05, 0.999999, -0.0, 0.0, 1.714801, 0.0, 1.0, -0.0, 0.573192, 0.0, 0.0, 0.0, 1.0],
                [-0.0, 0.0, 0.999999, -2.2e-05, 0.999999, -0.0, 0.0, 1.714801, 0.0, 1.0, -0.0, 0.576073, 0.0, 0.0, 0.0, 1.0],
                [-0.0, 0.0, 0.999999, -2.2e-05, 0.999999, -0.0, 0.0, 1.714801, 0.0, 1.0, -0.0, 0.578954, 0.0, 0.0, 0.0, 1.0],
                [-0.0, 0.0, 0.999999, -2.2e-05, 0.999999, -0.0, 0.0, 1.714801, 0.0, 1.0, -0.0, 0.581836, 0.0, 0.0, 0.0, 1.0],
                [-0.0, 0.0, 0.999999, -2.2e-05, 0.999999, -0.0, 0.0, 1.714801, 0.0, 1.0, -0.0, 0.584717, 0.0, 0.0, 0.0, 1.0],
                [-0.0, 0.0, 0.999999, -2.2e-05, 0.999999, -0.0, 0.0, 1.714801, 0.0, 1.0, -0.0, 0.587598, 0.0, 0.0, 0.0, 1.0],
                [-0.0, 0.0, 1.0, -2.2e-05, 1.0, -0.0, 0.0, 1.714801, 0.0, 1.0, -0.0, 0.59048, 0.0, 0.0, 0.0, 1.0],
                [-0.0, 0.0, 1.0, -2.2e-05, 1.0, -0.0, 0.0, 1.714801, 0.0, 1.0, -0.0, 0.59048, 0.0, 0.0, 0.0, 1.0]
            ]
        },
        {
            "name": "Thigh_R",
            "time": [0.0, 0.0167, 0.0333, 0.05, 0.0667, 0.0833, 0.1, 0.1167, 0.1333, 0.15, 0.1667, 0.1833, 0.2, 0.2167, 0.2333, 0.25, 0.2667, 0.2833, 0.3, 0.3167, 0.3333, 0.35, 0.3667, 0.3833, 0.4, 0.4167, 0.4333, 0.45, 0.4667, 0.4833, 0.5, 0.5167, 0.5333, 0.55, 0.5667, 0.5833, 0.6, 0.6167, 0.6333, 0.65, 0.6667, 0.6833, 0.7, 0.7167, 0.7333, 0.75, 0.7667, 0.7833, 0.8, 0.8167, 0.8333, 0.85, 0.8667, 0.8833, 0.9, 0.9167, 0.9333, 0.95, 0.9667, 0.9833, 1.0, 1.0167, 1.0333, 1.05, 1.0667, 1.0833, 1.1, 1.1167, 1.1333, 1.15, 1.1667, 1.1833, 1.2, 1.2167, 1.2333, 1.25, 1.2667, 1.2833, 1.3, 1.3167, 1.3333, 1.35, 1.3667, 1.3833, 1.4, 1.4167, 1.4333, 1.45, 1.4667, 1.4833, 1.5, 1.5167, 1.5333, 1.55, 1.5667, 1.5833, 1.6, 1.6167, 1.6333, 1.65, 1.6667, 1.6833, 1.7, 1.7167, 1.7333, 1.75, 1.7667, 1.7833, 1.8, 1.8167, 1.8333, 1.85, 1.8667, 1.8833, 1.9, 1.9167, 1.9333, 1.95, 1.9667, 1.9833, 2.0, 2.0167, 2.0333, 2.05, 2.0667, 2.0833, 2.1, 2.1167, 2.1333, 2.15, 2.1667, 2.1833, 2.2, 2.2167, 2.2333, 2.25, 2.2667, 2.2833, 2.3, 2.3167, 2.3333, 2.35, 2.3667, 2.3833, 2.4, 2.4167, 2.4333, 2.45, 2.4667, 2.4833, 2.5, 2.5167, 2.5333, 2.55, 2.5667, 2.5833, 2.6, 2.6167, 2.6333, 2.65, 2.6667, 2.6833, 2.7, 2.7167, 2.7333, 2.75, 2.7667, 2.7833, 2.8, 2.8167, 2.8333, 2.85, 2.8667, 2.8833, 2.9, 2.9167, 2.9333, 2.95, 2.9667, 2.9833, 3.0, 3.0167, 3.0333, 3.05, 3.0667, 3.0833, 3.1, 3.1167, 3.1333, 3.15, 3.1667, 3.1833, 3.2, 3.2167, 3.2333, 3.25, 3.2667, 3.2833, 3.3, 3.3167, 3.3333, 3.35, 3.3667, 3.3833, 3.4, 3.4167, 3.4333, 3.45, 3.4667, 3.4833, 3.5, 3.5167, 3.5333, 3.55, 3.5667, 3.5833, 3.6, 3.6167, 3.6333, 3.65, 3.6667, 3.6833, 3.7, 3.7167, 3.7333, 3.75, 3.7667, 3.7833, 3.8, 3.8167, 3.8333],
            "transform": [
                [0.867606, 0.49574, 0.038784, 0.117878, 0.406517, -0.752045, 0.51882, 0.080953, 0.286366, -0.434365, -0.854003, 0.011383, 0.0, 0.0, 0.0, 1.0],
                [0.867605, 0.49574, 0.038784, 0.110747, 0.406517, -0.752045, 0.51882, 0.088627, 0.286366, -0.434365, -0.854003, 0.025323, 0.0, 0.0, 0.0, 1.0],
                [0.757266, 0.594368, 0.270696, 0.103616, 0.349931, -0.719209, 0.60024, 0.0963, 0.55145, -0.359817, -0.752619, 0.039263, 0.0, 0.0, 0.0, 1.0],
                [0.592905, 0.643776, 0.483754, 0.096485, 0.249851, -0.718154, 0.649485, 0.103973, 0.765532, -0.264216, -0.586644, 0.053203, 0.0, 0.0, 0.0, 1.0],
                [0.372981, 0.647938, 0.664126, 0.089354, 0.176819, -0.752297, 0.634654, 0.111646, 0.910836, -0.119283, -0.395159, 0.067143, 0.0, 0.0, 0.0, 1.0],
                [0.102308, 0.645841, 0.756587, 0.082223, 0.128556, -0.762784, 0.633747, 0.119319, 0.986411, 0.032427, -0.161066, 0.081083, 0.0, 0.0, 0.0, 1.0],
                [-0.047248, 0.439935, 0.896786, 0.075091, 0.199023, -0.875643, 0.440048, 0.126993, 0.978856, 0.199273, -0.046184, 0.095023, 0.0, 0.0, 0.0, 1.0],
                [-0.196292, 0.204033, 0.959083, 0.051947, 0.261099, -0.931923, 0.251693, 0.128749, 0.945144, 0.299821, 0.129656, 0.092397, 0.0, 0.0, 0.0, 1.0],
                [-0.272441, 0.025002, 0.961848, 0.028803, 0.373054, -0.918722, 0.129548, 0.130505, 0.886909, 0.394116, 0.240971, 0.089772, 0.0, 0.0, 0.0, 1.0],
                [-0.331055, -0.163469, 0.929344, 0.005658, 0.46589, -0.884783, 0.010331, 0.132261, 0.820579, 0.436393, 0.36907, 0.087147, 0.0, 0.0, 0.0, 1.0],
                [-0.460491, -0.302716, 0.834453, -0.017486, 0.434423, -0.896638, -0.08554, 0.134018, 0.774097, 0.323116, 0.5444, 0.084522, 0.0, 0.0, 0.0, 1.0],
                [-0.589544, -0.39599, 0.704011, -0.040631, 0.392042, -0.902319, -0.179234, 0.135774, 0.706217, 0.170336, 0.6872, 0.081897, 0.0, 0.0, 0.0, 1.0],
                [-0.639485, -0.366765, 0.675681, -0.063775, 0.398218, -0.909804, -0.116963, 0.13753, 0.657635, 0.194272, 0.727857, 0.079271, 0.0, 0.0, 0.0, 1.0],
                [-0.686432, -0.339874, 0.642883, -0.064744, 0.40222, -0.913967, -0.053721, 0.13603, 0.605831, 0.221705, 0.764079, 0.074969, 0.0, 0.0, 0.0, 1.0],
                [-0.735308, -0.314522, 0.600332, -0.065712, 0.398664, -0.917064, 0.007837, 0.13453, 0.548078, 0.245094, 0.799713, 0.070667, 0.0, 0.0, 0.0, 1.0],
                [-0.780249, -0.291533, 0.553373, -0.066681, 0.391878, -0.91741, 0.069226, 0.133029, 0.487488, 0.270869, 0.830052, 0.066364, 0.0, 0.0, 0.0, 1.0],
                [-0.805582, -0.288356, 0.517581, -0.06765, 0.390569, -0.91535, 0.097935, 0.131529, 0.445527, 0.281046, 0.850011, 0.062062, 0.0, 0.0, 0.0, 1.0],
                [-0.829111, -0.286137, 0.480314, -0.068618, 0.388152, -0.912919, 0.126171, 0.130028, 0.402385, 0.291045, 0.867975, 0.05776, 0.0, 0.0, 0.0, 1.0],
                [-0.647146, 0.031313, 0.761723, -0.037049, 0.21659, -0.950434, 0.223083, 0.120675, 0.730952, 0.309349, 0.608286, 0.052173, 0.0, 0.0, 0.0, 1.0],
                [-0.302906, 0.300069, 0.904548, -0.00548, 0.024419, -0.946383, 0.322125, 0.111321, 0.952708, 0.119662, 0.279337, 0.046586, 0.0, 0.0, 0.0, 1.0],
                [0.260225, 0.609303, 0.749022, 0.02609, 0.148148, -0.791759, 0.592597, 0.101968, 0.954115, -0.043243, -0.296302, 0.040999, 0.0, 0.0, 0.0, 1.0],
                [0.674051, 0.717765, 0.174561, 0.057659, 0.295354, -0.478478, 0.826937, 0.092614, 0.677069, -0.505841, -0.534512, 0.035413, 0.0, 0.0, 0.0, 1.0],
                [0.684813, 0.622472, -0.378894, 0.089229, 0.668934, -0.330726, 0.665693, 0.083261, 0.289065, -0.709332, -0.642878, 0.029826, 0.0, 0.0, 0.0, 1.0],
                [0.793114, 0.481429, -0.373092, 0.120798, 0.584868, -0.43101, 0.68714, 0.073907, 0.170002, -0.76319, -0.623411, 0.024239, 0.0, 0.0, 0.0, 1.0],
                [0.79518, 0.45493, -0.40091, 0.152367, 0.595301, -0.459912, 0.658861, 0.064554, 0.115352, -0.762576, -0.636533, 0.018653, 0.0, 0.0, 0.0, 1.0],
                [0.763168, 0.461871, -0.451941, 0.147034, 0.642016, -0.462471, 0.611504, 0.072218, 0.073426, -0.756835, -0.64947, 0.018955, 0.0, 0.0, 0.0, 1.0],
                [0.777205, 0.481246, -0.405408, 0.141701, 0.622899, -0.497114, 0.604049, 0.079883, 0.089162, -0.722, -0.686126, 0.019257, 0.0, 0.0, 0.0, 1.0],
                [0.779922, 0.513276, -0.358148, 0.136367, 0.614875, -0.521544, 0.591541, 0.087547, 0.116834, -0.681573, -0.722364, 0.019558, 0.0, 0.0, 0.0, 1.0],
                [0.790051, 0.496122, -0.360114, 0.131034, 0.603113, -0.523732, 0.601631, 0.095211, 0.109879, -0.69251, -0.712992, 0.01986, 0.0, 0.0, 0.0, 1.0],
                [0.799214, 0.479486, -0.362423, 0.125701, 0.592114, -0.524526, 0.61178, 0.102876, 0.10324, -0.70354, -0.703118, 0.020162, 0.0, 0.0, 0.0, 1.0],
                [0.805572, 0.466829, -0.364863, 0.120367, 0.58437, -0.524354, 0.619326, 0.11054, 0.097801, -0.712128, -0.695205, 0.020464, 0.0, 0.0, 0.0, 1.0],
                [0.810973, 0.454897, -0.367956, 0.121417, 0.577711, -0.523055, 0.62663, 0.109165, 0.092591, -0.720753, -0.686981, 0.021936, 0.0, 0.0, 0.0, 1.0],
                [0.814871, 0.446788, -0.369278, 0.122466, 0.5728, -0.523087, 0.631095, 0.10779, 0.088801, -0.725785, -0.682168, 0.023407, 0.0, 0.0, 0.0, 1.0],
                [0.818399, 0.438994, -0.370822, 0.123515, 0.568311, -0.522705, 0.635455, 0.106415, 0.08513, -0.730798, -0.677266, 0.024878, 0.0, 0.0, 0.0, 1.0],
                [0.820728, 0.433188, -0.372497, 0.124565, 0.56528, -0.521162, 0.639414, 0.10504, 0.082855, -0.735351, -0.672604, 0.02635, 0.0, 0.0, 0.0, 1.0],
                [0.822672, 0.427832, -0.374394, 0.125614, 0.562747, -0.519224, 0.643213, 0.103665, 0.080793, -0.739844, -0.667911, 0.027821, 0.0, 0.0, 0.0, 1.0],
                [0.823779, 0.423492, -0.376886, 0.126663, 0.561306, -0.516035, 0.647027, 0.10229, 0.079524, -0.744557, -0.662807, 0.029293, 0.0, 0.0, 0.0, 1.0],
                [0.82452, 0.419693, -0.379507, 0.127713, 0.56035, -0.512497, 0.650657, 0.100915, 0.07858, -0.749138, -0.657738, 0.030764, 0.0, 0.0, 0.0, 1.0],
                [0.824725, 0.416891, -0.38214, 0.128762, 0.560103, -0.508694, 0.653847, 0.09954, 0.07819, -0.753283, -0.653034, 0.032235, 0.0, 0.0, 0.0, 1.0],
                [0.824598, 0.41467, -0.384821, 0.129811, 0.560289, -0.504603, 0.656851, 0.098165, 0.078194, -0.75725, -0.648429, 0.033707, 0.0, 0.0, 0.0, 1.0],
                [0.824163, 0.413231, -0.387294, 0.130861, 0.56091, -0.500979, 0.659091, 0.09679, 0.07833, -0.760436, -0.644673, 0.035178, 0.0, 0.0, 0.0, 1.0],
                [0.823447, 0.412398, -0.389697, 0.13191, 0.561877, -0.497147, 0.661165, 0.095415, 0.078926, -0.763397, -0.641091, 0.03665, 0.0, 0.0, 0.0, 1.0],
                [0.822862, 0.411112, -0.392282, 0.132959, 0.562691, -0.493257, 0.663383, 0.09404, 0.079229, -0.766607, -0.637211, 0.038121, 0.0, 0.0, 0.0, 1.0],
                [0.822024, 0.410435, -0.39474, 0.134009, 0.563803, -0.489195, 0.665443, 0.092665, 0.080016, -0.769567, -0.633534, 0.039592, 0.0, 0.0, 0.0, 1.0],
                [0.820935, 0.410028, -0.397421, 0.135058, 0.565275, -0.485047, 0.667229, 0.09129, 0.080814, -0.772405, -0.62997, 0.041064, 0.0, 0.0, 0.0, 1.0],
                [0.819584, 0.410215, -0.400007, 0.136107, 0.567051, -0.480738, 0.668838, 0.089916, 0.082068, -0.774995, -0.626618, 0.042535, 0.0, 0.0, 0.0, 1.0],
