{
    "animation": [
        {
            "name": "Root",
            "time": [0.0, 0.0167, 0.0333, 0.05, 0.0667, 0.0833, 0.1, 0.1167, 0.1333, 0.15, 0.1667, 0.1833, 0.2, 0.2167, 0.2333, 0.25, 0.2667, 0.2833, 0.3, 0.3167, 0.3333, 0.35, 0.3667, 0.3833, 0.4, 0.4167, 0.4333, 0.45, 0.4667, 0.4833, 0.5, 0.5167, 0.5333, 0.55, 0.5667, 0.5833, 0.6, 0.6167, 0.6333, 0.65, 0.6667, 0.6833, 0.7, 0.7167, 0.7333, 0.75, 0.7667, 0.7833, 0.8, 0.8167, 0.8333, 0.85, 0.8667, 0.8833, 0.9, 0.9167, 0.9333, 0.95, 0.9667, 0.9833, 1.0, 1.0167, 1.0333, 1.05, 1.0667, 1.0833, 1.1, 1.1167, 1.1333, 1.15, 1.1667, 1.1833, 1.2, 1.2167, 1.2333, 1.25, 1.2667, 1.2833, 1.3, 1.3167, 1.3333, 1.35, 1.3667, 1.3833, 1.4, 1.4167, 1.4333, 1.45, 1.4667, 1.4833, 1.5, 1.5167, 1.5333, 1.55, 1.5667, 1.5833, 1.6, 1.6167, 1.6333, 1.65, 1.6667, 1.6833, 1.7, 1.7167, 1.7333, 1.75, 1.7667, 1.7833, 1.8, 1.8167, 1.8333, 1.85, 1.8667, 1.8833, 1.9, 1.9167, 1.9333, 1.95, 1.9667, 1.9833, 2.0, 2.0167, 2.0333, 2.05, 2.0667, 2.0833, 2.1, 2.1167, 2.1333, 2.15, 2.1667, 2.1833, 2.2, 2.2167, 2.2333, 2.25, 2.2667, 2.2833, 2.3, 2.3167, 2.3333, 2.35, 2.3667, 2.3833, 2.4, 2.4167, 2.4333, 2.45, 2.4667, 2.4833, 2.5, 2.5167, 2.5333, 2.55, 2.5667, 2.5833, 2.6, 2.6167, 2.6333, 2.65, 2.6667, 2.6833, 2.7, 2.7167, 2.7333, 2.75, 2.7667, 2.7833, 2.8, 2.8167, 2.8333, 2.85, 2.8667, 2.8833, 2.9, 2.9167, 2.9333, 2.95, 2.9667, 2.9833, 3.0, 3.0167, 3.0333, 3.05, 3.0667, 3.0833, 3.1, 3.1167, 3.1333, 3.15, 3.1667, 3.1833, 3.2, 3.2167, 3.2333, 3.25, 3.2667, 3.2833, 3.3, 3.3167, 3.3333, 3.35, 3.3667],
            "transform": [
                [-0.0, 0.0, 1.0, -2.2e-05, 1.0, -0.0, 0.0, 4.1e-05, 0.0, 1.0, -0.0, 0.314072, 0.0, 0.0, 0.0, 1.0],
                [-0.0, 0.0, 1.0, -2.2e-05, 1.0, -0.0, 0.0, 4.1e-05, 0.0, 1.0, -0.0, 0.317897, 0.0, 0.0, 0.0, 1.0],
                [-0.0, 0.0, 1.0, -2.2e-05, 1.0, -0.0, 0.0, 0.166645, 0.0, 1.0, -0.0, 0.321723, 0.0, 0.0, 0.0, 1.0],
                [-0.0, 0.0, 1.0, -2.2e-05, 1.0, -0.0, 0.0, 0.411565, 0.0, 1.0, -0.0, 0.325548, 0.0, 0.0, 0.0, 1.0],
                [-0.0, 0.0, 1.0, -2.2e-05, 1.0, -0.0, 0.0, 0.469689, 0.0, 1.0, -0.0, 0.329374, 0.0, 0.0, 0.0, 1.0],
                [-0.0, 0.0, 1.0, -2.2e-05, 1.0, -0.0, 0.0, 0.527813, 0.0, 1.0, -0.0, 0.330733, 0.0, 0.0, 0.0, 1.0],
                [-0.0, 0.0, 1.0, -2.2e-05, 1.0, -0.0, 0.0, 0.588068, 0.0, 1.0, -0.0, 0.332092, 0.0, 0.0, 0.0, 1.0],
                [-0.0, 0.0, 1.0, -2.2e-05, 1.0, -0.0, 0.0, 0.65242, 0.0, 1.0, -0.0, 0.333452, 0.0, 0.0, 0.0, 1.0],
                [-0.0, 0.0, 1.0, -2.2e-05, 1.0, -0.0, 0.0, 0.716771, 0.0, 1.0, -0.0, 0.334811, 0.0, 0.0, 0.0, 1.0],
                [-0.0, 0.0, 1.0, -2.2e-05, 1.0, -0.0, 0.0, 0.778421, 0.0, 1.0, -0.0, 0.33617, 0.0, 0.0, 0.0, 1.0],
                [-0.0, 0.0, 1.0, -2.2e-05, 1.0, -0.0, 0.0, 0.84007, 0.0, 1.0, -0.0, 0.33753, 0.0, 0.0, 0.0, 1.0],
                [-0.0, 0.0, 1.0, -2.2e-05, 1.0, -0.0, 0.0, 0.905713, 0.0, 1.0, -0.0, 0.338889, 0.0, 0.0, 0.0, 1.0],
                [-0.0, 0.0, 1.0, -2.2e-05, 1.0, -0.0, 0.0, 0.981345, 0.0, 1.0, -0.0, 0.340249, 0.0, 0.0, 0.0, 1.0],
                [-0.0, 0.0, 1.0, -2.2e-05, 1.0, -0.0, 0.0, 1.079132, 0.0, 1.0, -0.0, 0.362393, 0.0, 0.0, 0.0, 1.0],
                [-0.0, 0.0, 1.0, -2.2e-05, 1.0, -0.0, 0.0, 1.1843, 0.0, 1.0, -0.0, 0.384537, 0.0, 0.0, 0.0, 1.0],
                [-0.0, 0.0, 1.0, -2.2e-05, 1.0, -0.0, 0.0, 1.289468, 0.0, 1.0, -0.0, 0.406682, 0.0, 0.0, 0.0, 1.0],
                [-0.0, 0.0, 1.0, -2.2e-05, 1.0, -0.0, 0.0, 1.386248, 0.0, 1.0, -0.0, 0.428826, 0.0, 0.0, 0.0, 1.0],
                [-0.0, 0.0, 1.0, -2.2e-05, 1.0, -0.0, 0.0, 1.462014, 0.0, 1.0, -0.0, 0.45097, 0.0, 0.0, 0.0, 1.0],
                [-0.0, 0.0, 1.0, -2.2e-05, 1.0, -0.0, 0.0, 1.52425, 0.0, 1.0, -0.0, 0.473115, 0.0, 0.0, 0.0, 1.0],
                [-0.0, 0.0, 1.0, -2.2e-05, 1.0, -0.0, 0.0, 1.57591, 0.0, 1.0, -0.0, 0.495259, 0.0, 0.0, 0.0, 1.0],
                [-0.0, 0.0, 1.0, -2.2e-05, 1.0, -0.0, 0.0, 1.617576, 0.0, 1.0, -0.0, 0.492793, 0.0, 0.0, 0.0, 1.0],
                [-0.0, 0.0, 1.0, -2.2e-05, 1.0, -0.0, 0.0, 1.649828, 0.0, 1.0, -0.0, 0.490328, 0.0, 0.0, 0.0, 1.0],
                [-0.0, 0.0, 1.0, -2.2e-05, 1.0, -0.0, 0.0, 1.67578, 0.0, 1.0, -0.0, 0.487862, 0.0, 0.0, 0.0, 1.0],
                [-0.0, 0.0, 1.0, -2.2e-05, 1.0, -0.0, 0.0, 1.697404, 0.0, 1.0, -0.0, 0.485396, 0.0, 0.0, 0.0, 1.0],
                [-0.0, 0.0, 1.0, -2.2e-05, 1.0, -0.0, 0.0, 1.719027, 0.0, 1.0, -0.0, 0.482931, 0.0, 0.0, 0.0, 1.0],
                [-0.0, 0.0, 1.0, -2.2e-05, 1.0, -0.0, 0.0, 1.739908, 0.0, 1.0, -0.0, 0.480465, 0.0, 0.0, 0.0, 1.0],
                [-0.0, 0.0, 1.0, -2.2e-05, 1.0, -0.0, 0.0, 1.760788, 0.0, 1.0, -0.0, 0.477999, 0.0, 0.0, 0.0, 1.0],
                [-0.0, 0.0, 1.0, -2.2e-05, 1.0, -0.0, 0.0, 1.784055, 0.0, 1.0, -0.0, 0.475534, 0.0, 0.0, 0.0, 1.0],
                [-0.0, 0.0, 1.0, -2.2e-05, 1.0, -0.0, 0.0, 1.854959, 0.0, 1.0, -0.0, 0.473068, 0.0, 0.0, 0.0, 1.0],
                [-0.0, 0.0, 1.0, -2.2e-05, 1.0, -0.0, 0.0, 1.952796, 0.0, 1.0, -0.0, 0.364243, 0.0, 0.0, 0.0, 1.0],
                [-0.0, 0.0, 1.0, -2.2e-05, 1.0, -0.0, 0.0, 2.007189, 0.0, 1.0, -0.0, 0.337665, 0.0, 0.0, 0.0, 1.0],
                [-0.0, 0.0, 1.0, -2.2e-05, 1.0, -0.0, 0.0, 1.999724, 0.0, 1.0, -0.0, 0.333052, 0.0, 0.0, 0.0, 1.0],
                [-0.0, 0.0, 1.0, -2.2e-05, 1.0, -0.0, 0.0, 1.995795, 0.0, 1.0, -0.0, 0.328439, 0.0, 0.0, 0.0, 1.0],
                [-0.0, 0.0, 1.0, -2.2e-05, 1.0, -0.0, 0.0, 1.99496, 0.0, 1.0, -0.0, 0.323825, 0.0, 0.0, 0.0, 1.0],
                [-0.0, 0.0, 1.0, -2.2e-05, 1.0, -0.0, 0.0, 1.994125, 0.0, 1.0, -0.0, 0.319212, 0.0, 0.0, 0.0, 1.0],
                [-0.0, 0.0, 1.0, -2.2e-05, 1.0, -0.0, 0.0, 1.994659, 0.0, 1.0, -0.0, 0.314599, 0.0, 0.0, 0.0, 1.0],
                [-0.0, 0.0, 1.0, -2.2e-05, 1.0, -0.0, 0.0, 2.000112, 0.0, 1.0, -0.0, 0.309985, 0.0, 0.0, 0.0, 1.0],
                [-0.0, 0.0, 1.0, -2.2e-05, 1.0, -0.0, 0.0, 2.005565, 0.0, 1.0, -0.0, 0.305372, 0.0, 0.0, 0.0, 1.0],
                [-0.0, 0.0, 1.0, -2.2e-05, 1.0, -0.0, 0.0, 2.013377, 0.0, 1.0, -0.0, 0.300759, 0.0, 0.0, 0.0, 1.0],
                [-0.0, 0.0, 1.0, -2.2e-05, 1.0, -0.0, 0.0, 2.02119, 0.0, 1.0, -0.0, 0.30236, 0.0, 0.0, 0.0, 1.0],
                [-0.0, 0.0, 1.0, -2.2e-05, 1.0, -0.0, 0.0, 2.029003, 0.0, 1.0, -0.0, 0.303962, 0.0, 0.0, 0.0, 1.0],
                [-0.0, 0.0, 1.0, -2.2e-05, 1.0, -0.0, 0.0, 2.036815, 0.0, 1.0, -0.0, 0.305563, 0.0, 0.0, 0.0, 1.0],
                [-0.0, 0.0, 1.0, -2.2e-05, 1.0, -0.0, 0.0, 2.044628, 0.0, 1.0, -0.0, 0.307165, 0.0, 0.0, 0.0, 1.0],
                [-0.0, 0.0, 1.0, -2.2e-05, 1.0, -0.0, 0.0, 2.052441, 0.0, 1.0, -0.0, 0.308766, 0.0, 0.0, 0.0, 1.0],
                [-0.0, 0.0, 1.0, -2.2e-05, 1.0, -0.0, 0.0, 2.060254, 0.0, 1.0, -0.0, 0.310368, 0.0, 0.0, 0.0, 1.0],
                [-0.0, 0.0, 1.0, -2.2e-05, 1.0, -0.0, 0.0, 2.068066, 0.0, 1.0, -0.0, 0.31197, 0.0, 0.0, 0.0, 1.0],
                [-0.0, 0.0, 1.0, -2.2e-05, 1.0, -0.0, 0.0, 2.074534, 0.0, 1.0, -0.0, 0.313571, 0.0, 0.0, 0.0, 1.0],
                [-0.0, 0.0, 1.0, -2.2e-05, 1.0, -0.0, 0.0, 2.081001, 0.0, 1.0, -0.0, 0.315173, 0.0, 0.0, 0.0, 1.0],
                [-0.0, 0.0, 1.0, -2.2e-05, 1.0, -0.0, 0.0, 2.087468, 0.0, 1.0, -0.0, 0.316774, 0.0, 0.0, 0.0, 1.0],
                [-0.0, 0.0, 1.0, -2.2e-05, 1.0, -0.0, 0.0, 2.091962, 0.0, 1.0, -0.0, 0.318376, 0.0, 0.0, 0.0, 1.0],
                [-0.0, 0.0, 1.0, -2.2e-05, 1.0, -0.0, 0.0, 2.096455, 0.0, 1.0, -0.0, 0.319977, 0.0, 0.0, 0.0, 1.0],
                [-0.0, 0.0, 1.0, -2.2e-05, 1.0, -0.0, 0.0, 2.100949, 0.0, 1.0, -0.0, 0.324305, 0.0, 0.0, 0.0, 1.0],
                [-0.0, 0.0, 1.0, -2.2e-05, 1.0, -0.0, 0.0, 2.103165, 0.0, 1.0, -0.0, 0.328633, 0.0, 0.0, 0.0, 1.0],
                [-0.0, 0.0, 1.0, -2.2e-05, 1.0, -0.0, 0.0, 2.105382, 0.0, 1.0, -0.0, 0.33296, 0.0, 0.0, 0.0, 1.0],
                [-0.0, 0.0, 1.0, -2.2e-05, 1.0, -0.0, 0.0, 2.104947, 0.0, 1.0, -0.0, 0.337288, 0.0, 0.0, 0.0, 1.0],
                [-0.0, 0.0, 1.0, -2.2e-05, 1.0, -0.0, 0.0, 2.104513, 0.0, 1.0, -0.0, 0.341615, 0.0, 0.0, 0.0, 1.0],
                [-0.0, 0.0, 1.0, -2.2e-05, 1.0, -0.0, 0.0, 2.102901, 0.0, 1.0, -0.0, 0.345943, 0.0, 0.0, 0.0, 1.0],
                [-0.0, 0.0, 1.0, -2.2e-05, 1.0, -0.0, 0.0, 2.10129, 0.0, 1.0, -0.0, 0.35027, 0.0, 0.0, 0.0, 1.0],
                [-0.0, 0.0, 1.0, -2.2e-05, 1.0, -0.0, 0.0, 2.099678, 0.0, 1.0, -0.0, 0.354598, 0.0, 0.0, 0.0, 1.0],
                [-0.0, 0.0, 1.0, -2.2e-05, 1.0, -0.0, 0.0, 2.10117, 0.0, 1.0, -0.0, 0.358926, 0.0, 0.0, 0.0, 1.0],
                [-0.0, 0.0, 1.0, -2.2e-05, 1.0, -0.0, 0.0, 2.106365, 0.0, 1.0, -0.0, 0.363253, 0.0, 0.0, 0.0, 1.0],
                [-0.0, 0.0, 1.0, -2.2e-05, 1.0, -0.0, 0.0, 2.11156, 0.0, 1.0, -0.0, 0.367581, 0.0, 0.0, 0.0, 1.0],
                [-0.0, 0.0, 1.0, -2.2e-05, 1.0, -0.0, 0.0, 2.1202, 0.0, 1.0, -0.0, 0.371908, 0.0, 0.0, 0.0, 1.0],
                [-0.0, 0.0, 1.0, -2.2e-05, 1.0, -0.0, 0.0, 2.128841, 0.0, 1.0, -0.0, 0.376236, 0.0, 0.0, 0.0, 1.0],
                [-0.0, 0.0, 1.0, -2.2e-05, 1.0, -0.0, 0.0, 2.137482, 0.0, 1.0, -0.0, 0.380564, 0.0, 0.0, 0.0, 1.0],
                [-0.0, 0.0, 1.0, -2.2e-05, 1.0, -0.0, 0.0, 2.15195, 0.0, 1.0, -0.0, 0.384891, 0.0, 0.0, 0.0, 1.0],
                [-0.0, 0.0, 1.0, -2.2e-05, 1.0, -0.0, 0.0, 2.163505, 0.0, 1.0, -0.0, 0.389219, 0.0, 0.0, 0.0, 1.0],
                [-0.0, 0.0, 1.0, -2.2e-05, 1.0, -0.0, 0.0, 2.176081, 0.0, 1.0, -0.0, 0.398716, 0.0, 0.0, 0.0, 1.0],
                [-0.0, 0.0, 1.0, -2.2e-05, 1.0, -0.0, 0.0, 2.188657, 0.0, 1.0, -0.0, 0.408213, 0.0, 0.0, 0.0, 1.0],
                [-0.0, 0.0, 1.0, -2.2e-05, 1.0, -0.0, 0.0, 2.201233, 0.0, 1.0, -0.0, 0.417711, 0.0, 0.0, 0.0, 1.0],
                [-0.0, 0.0, 1.0, -2.2e-05, 1.0, -0.0, 0.0, 2.21381, 0.0, 1.0, -0.0, 0.427208, 0.0, 0.0, 0.0, 1.0],
                [-0.0, 0.0, 1.0, -2.2e-05, 1.0, -0.0, 0.0, 2.226386, 0.0, 1.0, -0.0, 0.436706, 0.0, 0.0, 0.0, 1.0],
                [-0.0, 0.0, 1.0, -2.2e-05, 1.0, -0.0, 0.0, 2.237849, 0.0, 1.0, -0.0, 0.446203, 0.0, 0.0, 0.0, 1.0],
                [-0.0, 0.0, 1.0, -2.2e-05, 1.0, -0.0, 0.0, 2.249313, 0.0, 1.0, -0.0, 0.4557, 0.0, 0.0, 0.0, 1.0],
                [-0.0, 0.0, 1.0, -2.2e-05, 1.0, -0.0, 0.0, 2.26262, 0.0, 1.0, -0.0, 0.465198, 0.0, 0.0, 0.0, 1.0],
                [-0.0, 0.0, 1.0, -2.2e-05, 1.0, -0.0, 0.0, 2.279426, 0.0, 1.0, -0.0, 0.474695, 0.0, 0.0, 0.0, 1.0],
                [-0.0, 0.0, 1.0, -2.2e-05, 1.0, -0.0, 0.0, 2.296232, 0.0, 1.0, -0.0, 0.484192, 0.0, 0.0, 0.0, 1.0],
                [-0.0, 0.0, 1.0, -2.2e-05, 1.0, -0.0, 0.0, 2.313038, 0.0, 1.0, -0.0, 0.49369, 0.0, 0.0, 0.0, 1.0],
                [-0.0, 0.0, 1.0, -2.2e-05, 1.0, -0.0, 0.0, 2.329844, 0.0, 1.0, -0.0, 0.503187, 0.0, 0.0, 0.0, 1.0],
                [-0.0, 0.0, 1.0, -2.2e-05, 1.0, -0.0, 0.0, 2.34665, 0.0, 1.0, -0.0, 0.512684, 0.0, 0.0, 0.0, 1.0],
                [-0.0, 0.0, 1.0, -2.2e-05, 1.0, -0.0, 0.0, 2.363456, 0.0, 1.0, -0.0, 0.522182, 0.0, 0.0, 0.0, 1.0],
                [-0.0, 0.0, 1.0, -2.2e-05, 1.0, -0.0, 0.0, 2.374811, 0.0, 1.0, -0.0, 0.531679, 0.0, 0.0, 0.0, 1.0],
                [-0.0, 0.0, 1.0, -2.2e-05, 1.0, -0.0, 0.0, 2.386167, 0.0, 1.0, -0.0, 0.541176, 0.0, 0.0, 0.0, 1.0],
                [-0.0, 0.0, 1.0, -2.2e-05, 1.0, -0.0, 0.0, 2.394381, 0.0, 1.0, -0.0, 0.550674, 0.0, 0.0, 0.0, 1.0],
                [-0.0, 0.0, 1.0, -2.2e-05, 1.0, -0.0, 0.0, 2.402595, 0.0, 1.0, -0.0, 0.560171, 0.0, 0.0, 0.0, 1.0],
                [-0.0, 0.0, 1.0, -2.2e-05, 1.0, -0.0, 0.0, 2.408045, 0.0, 1.0, -0.0, 0.569669, 0.0, 0.0, 0.0, 1.0],
                [-0.0, 0.0, 1.0, -2.2e-05, 1.0, -0.0, 0.0, 2.411435, 0.0, 1.0, -0.0, 0.579166, 0.0, 0.0, 0.0, 1.0],
                [-0.0, 0.0, 1.0, -2.2e-05, 1.0, -0.0, 0.0, 2.411602, 0.0, 1.0, -0.0, 0.579279, 0.0, 0.0, 0.0, 1.0],
                [-0.0, 0.0, 1.0, -2.2e-05, 1.0, -0.0, 0.0, 2.411768, 0.0, 1.0, -0.0, 0.579392, 0.0, 0.0, 0.0, 1.0],
                [-0.0, 0.0, 1.0, -2.2e-05, 1.0, -0.0, 0.0, 2.411935, 0.0, 1.0, -0.0, 0.579506, 0.0, 0.0, 0.0, 1.0],
                [-0.0, 0.0, 1.0, -2.2e-05, 1.0, -0.0, 0.0, 2.412101, 0.0, 1.0, -0.0, 0.579619, 0.0, 0.0, 0.0, 1.0],
                [-0.0, 0.0, 1.0, -2.2e-05, 1.0, -0.0, 0.0, 2.412268, 0.0, 1.0, -0.0, 0.579732, 0.0, 0.0, 0.0, 1.0],
                [-0.0, 0.0, 1.0, -2.2e-05, 1.0, -0.0, 0.0, 2.412435, 0.0, 1.0, -0.0, 0.579845, 0.0, 0.0, 0.0, 1.0],
                [-0.0, 0.0, 1.0, -2.2e-05, 1.0, -0.0, 0.0, 2.412601, 0.0, 1.0, -0.0, 0.579958, 0.0, 0.0, 0.0, 1.0],
                [-0.0, 0.0, 1.0, -2.2e-05, 1.0, -0.0, 0.0, 2.412601, 0.0, 1.0, -0.0, 0.580072, 0.0, 0.0, 0.0, 1.0],
                [-0.0, 0.0, 1.0, -2.2e-05, 1.0, -0.0, 0.0, 2.412601, 0.0, 1.0, -0.0, 0.580185, 0.0, 0.0, 0.0, 1.0],
                [-0.0, 0.0, 1.0, -2.2e-05, 1.0, -0.0, 0.0, 2.412601, 0.0, 1.0, -0.0, 0.580298, 0.0, 0.0, 0.0, 1.0],
                [-0.0, 0.0, 1.0, -2.2e-05, 1.0, -0.0, 0.0, 2.412601, 0.0, 1.0, -0.0, 0.580411, 0.0, 0.0, 0.0, 1.0],
                [-0.0, 0.0, 1.0, -2.2e-05, 1.0, -0.0, 0.0, 2.412601, 0.0, 1.0, -0.0, 0.580524, 0.0, 0.0, 0.0, 1.0],
                [-0.0, 0.0, 1.0, -2.2e-05, 1.0, -0.0, 0.0, 2.412601, 0.0, 1.0, -0.0, 0.580638, 0.0, 0.0, 0.0, 1.0],
                [-0.0, 0.0, 1.0, -2.2e-05, 1.0, -0.0, 0.0, 2.412601, 0.0, 1.0, -0.0, 0.580751, 0.0, 0.0, 0.0, 1.0],
                [-0.0, 0.0, 1.0, -2.2e-05, 1.0, -0.0, 0.0, 2.412601, 0.0, 1.0, -0.0, 0.580864, 0.0, 0.0, 0.0, 1.0],
                [-0.0, 0.0, 1.0, -2.2e-05, 1.0, -0.0, 0.0, 2.412601, 0.0, 1.0, -0.0, 0.580977, 0.0, 0.0, 0.0, 1.0],
                [-0.0, 0.0, 1.0, -2.2e-05, 1.0, -0.0, 0.0, 2.412601, 0.0, 1.0, -0.0, 0.58109, 0.0, 0.0, 0.0, 1.0],
                [-0.0, 0.0, 1.0, -2.2e-05, 1.0, -0.0, 0.0, 2.412601, 0.0, 1.0, -0.0, 0.581204, 0.0, 0.0, 0.0, 1.0],
                [-0.0, 0.0, 1.0, -2.2e-05, 1.0, -0.0, 0.0, 2.412601, 0.0, 1.0, -0.0, 0.581317, 0.0, 0.0, 0.0, 1.0],
                [-0.0, 0.0, 1.0, -2.2e-05, 1.0, -0.0, 0.0, 2.412601, 0.0, 1.0, -0.0, 0.58143, 0.0, 0.0, 0.0, 1.0],
                [-0.0, 0.0, 1.0, -2.2e-05, 1.0, -0.0, 0.0, 2.412601, 0.0, 1.0, -0.0, 0.581543, 0.0, 0.0, 0.0, 1.0],
                [-0.0, 0.0, 1.0, -2.2e-05, 1.0, -0.0, 0.0, 2.412601, 0.0, 1.0, -0.0, 0.581656, 0.0, 0.0, 0.0, 1.0],
                [-0.0, 0.0, 1.0, -2.2e-05, 1.0, -0.0, 0.0, 2.412601, 0.0, 1.0, -0.0, 0.58177, 0.0, 0.0, 0.0, 1.0],
                [-0.0, 0.0, 1.0, -2.2e-05, 1.0, -0.0, 0.0, 2.412601, 0.0, 1.0, -0.0, 0.581883, 0.0, 0.0, 0.0, 1.0],
                [-0.0, 0.0, 1.0, -2.2e-05, 1.0, -0.0, 0.0, 2.412601, 0.0, 1.0, -0.0, 0.581996, 0.0, 0.0, 0.0, 1.0],
                [-0.0, 0.0, 1.0, -2.2e-05, 1.0, -0.0, 0.0, 2.412601, 0.0, 1.0, -0.0, 0.582109, 0.0, 0.0, 0.0, 1.0],
                [-0.0, 0.0, 1.0, -2.2e-05, 1.0, -0.0, 0.0, 2.412601, 0.0, 1.0, -0.0, 0.582222, 0.0, 0.0, 0.0, 1.0],
                [-0.0, 0.0, 1.0, -2.2e-05, 1.0, -0.0, 0.0, 2.412601, 0.0, 1.0, -0.0, 0.582336, 0.0, 0.0, 0.0, 1.0],
                [-0.0, 0.0, 1.0, -2.2e-05, 1.0, -0.0, 0.0, 2.412601, 0.0, 1.0, -0.0, 0.582449, 0.0, 0.0, 0.0, 1.0],
                [-0.0, 0.0, 1.0, -2.2e-05, 1.0, -0.0, 0.0, 2.412601, 0.0, 1.0, -0.0, 0.582562, 0.0, 0.0, 0.0, 1.0],
                [-0.0, 0.0, 1.0, -2.2e-05, 1.0, -0.0, 0.0, 2.412601, 0.0, 1.0, -0.0, 0.582675, 0.0, 0.0, 0.0, 1.0],
                [-0.0, 0.0, 1.0, -2.2e-05, 1.0, -0.0, 0.0, 2.412601, 0.0, 1.0, -0.0, 0.582788, 0.0, 0.0, 0.0, 1.0],
                [-0.0, 0.0, 1.0, -2.2e-05, 1.0, -0.0, 0.0, 2.412601, 0.0, 1.0, -0.0, 0.582902, 0.0, 0.0, 0.0, 1.0],
                [-0.0, 0.0, 1.0, -2.2e-05, 1.0, -0.0, 0.0, 2.412601, 0.0, 1.0, -0.0, 0.583015, 0.0, 0.0, 0.0, 1.0],
                [-0.0, 0.0, 1.0, -2.2e-05, 1.0, -0.0, 0.0, 2.412601, 0.0, 1.0, -0.0, 0.583128, 0.0, 0.0, 0.0, 1.0],
                [-0.0, 0.0, 1.0, -2.2e-05, 1.0, -0.0, 0.0, 2.412601, 0.0, 1.0, -0.0, 0.583241, 0.0, 0.0, 0.0, 1.0],
                [-0.0, 0.0, 1.0, -2.2e-05, 1.0, -0.0, 0.0, 2.412601, 0.0, 1.0, -0.0, 0.583354, 0.0, 0.0, 0.0, 1.0],
                [-0.0, 0.0, 1.0, -2.2e-05, 1.0, -0.0, 0.0, 2.412601, 0.0, 1.0, -0.0, 0.583468, 0.0, 0.0, 0.0, 1.0],
                [-0.0, 0.0, 1.0, -2.2e-05, 1.0, -0.0, 0.0, 2.412601, 0.0, 1.0, -0.0, 0.583581, 0.0, 0.0, 0.0, 1.0],
                [-0.0, 0.0, 1.0, -2.2e-05, 1.0, -0.0, 0.0, 2.412601, 0.0, 1.0, -0.0, 0.583694, 0.0, 0.0, 0.0, 1.0],
                [-0.0, 0.0, 1.0, -2.2e-05, 1.0, -0.0, 0.0, 2.412601, 0.0, 1.0, -0.0, 0.583807, 0.0, 0.0, 0.0, 1.0],
                [-0.0, 0.0, 1.0, -2.2e-05, 1.0, -0.0, 0.0, 2.412601, 0.0, 1.0, -0.0, 0.58392, 0.0, 0.0, 0.0, 1.0],
                [-0.0, 0.0, 1.0, -2.2e-05, 1.0, -0.0, 0.0, 2.412601, 0.0, 1.0, -0.0, 0.584034, 0.0, 0.0, 0.0, 1.0],
                [-0.0, 0.0, 1.0, -2.2e-05, 1.0, -0.0, 0.0, 2.412601, 0.0, 1.0, -0.0, 0.584147, 0.0, 0.0, 0.0, 1.0],
                [-0.0, 0.0, 1.0, -2.2e-05, 1.0, -0.0, 0.0, 2.412601, 0.0, 1.0, -0.0, 0.58426, 0.0, 0.0, 0.0, 1.0],
                [-0.0, 0.0, 1.0, -2.2e-05, 1.0, -0.0, 0.0, 2.412601, 0.0, 1.0, -0.0, 0.584373, 0.0, 0.0, 0.0, 1.0],
                [-0.0, 0.0, 1.0, -2.2e-05, 1.0, -0.0, 0.0, 2.412601, 0.0, 1.0, -0.0, 0.584486, 0.0, 0.0, 0.0, 1.0],
                [-0.0, 0.0, 1.0, -2.2e-05, 1.0, -0.0, 0.0, 2.412601, 0.0, 1.0, -0.0, 0.5846, 0.0, 0.0, 0.0, 1.0],
                [-0.0, 0.0, 1.0, -2.2e-05, 1.0, -0.0, 0.0, 2.412601, 0.0, 1.0, -0.0, 0.584713, 0.0, 0.0, 0.0, 1.0],
                [-0.0, 0.0, 1.0, -2.2e-05, 1.0, -0.0, 0.0, 2.412601, 0.0, 1.0, -0.0, 0.584826, 0.0, 0.0, 0.0, 1.0],
                [-0.0, 0.0, 1.0, -2.2e-05, 1.0, -0.0, 0.0, 2.412601, 0.0, 1.0, -0.0, 0.584939, 0.0, 0.0, 0.0, 1.0],
                [-0.0, 0.0, 1.0, -2.2e-05, 1.0, -0.0, 0.0, 2.412601, 0.0, 1.0, -0.0, 0.585052, 0.0, 0.0, 0.0, 1.0],
                [-0.0, 0.0, 1.0, -2.2e-05, 1.0, -0.0, 0.0, 2.412601, 0.0, 1.0, -0.0, 0.585166, 0.0, 0.0, 0.0, 1.0],
                [-0.0, 0.0, 1.0, -2.2e-05, 1.0, -0.0, 0.0, 2.412601, 0.0, 1.0, -0.0, 0.585279, 0.0, 0.0, 0.0, 1.0],
                [-0.0, 0.0, 1.0, -2.2e-05, 1.0, -0.0, 0.0, 2.412601, 0.0, 1.0, -0.0, 0.585392, 0.0, 0.0, 0.0, 1.0],
                [-0.0, 0.0, 1.0, -2.2e-05, 1.0, -0.0, 0.0, 2.412601, 0.0, 1.0, -0.0, 0.585505, 0.0, 0.0, 0.0, 1.0],
                [-0.0, 0.0, 1.0, -2.2e-05, 1.0, -0.0, 0.0, 2.412601, 0.0, 1.0, -0.0, 0.585618, 0.0, 0.0, 0.0, 1.0],
                [-0.0, 0.0, 1.0, -2.2e-05, 1.0, -0.0, 0.0, 2.412601, 0.0, 1.0, -0.0, 0.585732, 0.0, 0.0, 0.0, 1.0],
                [-0.0, 0.0, 1.0, -2.2e-05, 1.0, -0.0, 0.0, 2.412601, 0.0, 1.0, -0.0, 0.585845, 0.0, 0.0, 0.0, 1.0],
                [-0.0, 0.0, 1.0, -2.2e-05, 1.0, -0.0, 0.0, 2.412601, 0.0, 1.0, -0.0, 0.585958, 0.0, 0.0, 0.0, 1.0],
                [-0.0, 0.0, 1.0, -2.2e-05, 1.0, -0.0, 0.0, 2.412601, 0.0, 1.0, -0.0, 0.586071, 0.0, 0.0, 0.0, 1.0],
                [-0.0, 0.0, 1.0, -2.2e-05, 1.0, -0.0, 0.0, 2.412601, 0.0, 1.0, -0.0, 0.586185, 0.0, 0.0, 0.0, 1.0],
                [-0.0, 0.0, 1.0, -2.2e-05, 1.0, -0.0, 0.0, 2.412601, 0.0, 1.0, -0.0, 0.586298, 0.0, 0.0, 0.0, 1.0],
                [-0.0, 0.0, 1.0, -2.2e-05, 1.0, -0.0, 0.0, 2.412601, 0.0, 1.0, -0.0, 0.586411, 0.0, 0.0, 0.0, 1.0],
                [-0.0, 0.0, 1.0, -2.2e-05, 1.0, -0.0, 0.0, 2.412601, 0.0, 1.0, -0.0, 0.586524, 0.0, 0.0, 0.0, 1.0],
                [-0.0, 0.0, 1.0, -2.2e-05, 1.0, -0.0, 0.0, 2.412601, 0.0, 1.0, -0.0, 0.586637, 0.0, 0.0, 0.0, 1.0],
                [-0.0, 0.0, 1.0, -2.2e-05, 1.0, -0.0, 0.0, 2.412601, 0.0, 1.0, -0.0, 0.586751, 0.0, 0.0, 0.0, 1.0],
                [-0.0, 0.0, 1.0, -2.2e-05, 1.0, -0.0, 0.0, 2.412601, 0.0, 1.0, -0.0, 0.586864, 0.0, 0.0, 0.0, 1.0],
                [-0.0, 0.0, 1.0, -2.2e-05, 1.0, -0.0, 0.0, 2.412601, 0.0, 1.0, -0.0, 0.586977, 0.0, 0.0, 0.0, 1.0],
                [-0.0, 0.0, 1.0, -2.2e-05, 1.0, -0.0, 0.0, 2.412601, 0.0, 1.0, -0.0, 0.58709, 0.0, 0.0, 0.0, 1.0],
                [-0.0, 0.0, 1.0, -2.2e-05, 1.0, -0.0, 0.0, 2.412601, 0.0, 1.0, -0.0, 0.587203, 0.0, 0.0, 0.0, 1.0],
                [-0.0, 0.0, 1.0, -2.2e-05, 1.0, -0.0, 0.0, 2.412601, 0.0, 1.0, -0.0, 0.587317, 0.0, 0.0, 0.0, 1.0],
                [-0.0, 0.0, 1.0, -2.2e-05, 1.0, -0.0, 0.0, 2.412601, 0.0, 1.0, -0.0, 0.58743, 0.0, 0.0, 0.0, 1.0],
                [-0.0, 0.0, 1.0, -2.2e-05, 1.0, -0.0, 0.0, 2.412601, 0.0, 1.0, -0.0, 0.587543, 0.0, 0.0, 0.0, 1.0],
                [-0.0, 0.0, 1.0, -2.2e-05, 1.0, -0.0, 0.0, 2.412601, 0.0, 1.0, -0.0, 0.587656, 0.0, 0.0, 0.0, 1.0],
                [-0.0, 0.0, 1.0, -2.2e-05, 1.0, -0.0, 0.0, 2.412601, 0.0, 1.0, -0.0, 0.587769, 0.0, 0.0, 0.0, 1.0],
                [-0.0, 0.0, 1.0, -2.2e-05, 1.0, -0.0, 0.0, 2.412601, 0.0, 1.0, -0.0, 0.58867, 0.0, 0.0, 0.0, 1.0],
                [-0.0, 0.0, 1.0, -2.2e-05, 1.0, -0.0, 0.0, 2.412601, 0.0, 1.0, -0.0, 0.58957, 0.0, 0.0, 0.0, 1.0],
                [-0.0, 0.0, 1.0, -2.2e-05, 1.0, -0.0, 0.0, 2.412601, 0.0, 1.0, -0.0, 0.59047, 0.0, 0.0, 0.0, 1.0],
                [-0.0, 0.0, 1.0, -2.2e-05, 1.0, -0.0, 0.0, 2.412601, 0.0, 1.0, -0.0, 0.59137, 0.0, 0.0, 0.0, 1.0],
                [-0.0, 0.0, 1.0, -2.2e-05, 1.0, -0.0, 0.0, 2.412601, 0.0, 1.0, -0.0, 0.592271, 0.0, 0.0, 0.0, 1.0],
                [-0.0, 0.0, 1.0, -2.2e-05, 1.0, -0.0, 0.0, 2.412601, 0.0, 1.0, -0.0, 0.593171, 0.0, 0.0, 0.0, 1.0],
                [-0.0, 0.0, 1.0, -2.2e-05, 1.0, -0.0, 0.0, 2.412601, 0.0, 1.0, -0.0, 0.594071, 0.0, 0.0, 0.0, 1.0],
                [-0.0, 0.0, 1.0, -2.2e-05, 1.0, -0.0, 0.0, 2.412601, 0.0, 1.0, -0.0, 0.594971, 0.0, 0.0, 0.0, 1.0],
                [-0.0, 0.0, 1.0, -2.2e-05, 1.0, -0.0, 0.0, 2.412601, 0.0, 1.0, -0.0, 0.595872, 0.0, 0.0, 0.0, 1.0],
                [-0.0, 0.0, 1.0, -2.2e-05, 1.0, -0.0, 0.0, 2.412601, 0.0, 1.0, -0.0, 0.596772, 0.0, 0.0, 0.0, 1.0],
                [-0.0, 0.0, 1.0, -2.2e-05, 1.0, -0.0, 0.0, 2.412601, 0.0, 1.0, -0.0, 0.597672, 0.0, 0.0, 0.0, 1.0],
                [-0.0, 0.0, 1.0, -2.2e-05, 1.0, -0.0, 0.0, 2.412601, 0.0, 1.0, -0.0, 0.598573, 0.0, 0.0, 0.0, 1.0],
                [-0.0, 0.0, 1.0, -2.2e-05, 1.0, -0.0, 0.0, 2.412601, 0.0, 1.0, -0.0, 0.599473, 0.0, 0.0, 0.0, 1.0],
                [-0.0, 0.0, 1.0, -2.2e-05, 1.0, -0.0, 0.0, 2.412601, 0.0, 1.0, -0.0, 0.600373, 0.0, 0.0, 0.0, 1.0],
                [-0.0, 0.0, 1.0, -2.2e-05, 1.0, -0.0, 0.0, 2.412601, 0.0, 1.0, -0.0, 0.601273, 0.0, 0.0, 0.0, 1.0],
                [-0.0, 0.0, 1.0, -2.2e-05, 1.0, -0.0, 0.0, 2.412601, 0.0, 1.0, -0.0, 0.602174, 0.0, 0.0, 0.0, 1.0],
                [-0.0, 0.0, 1.0, -2.2e-05, 1.0, -0.0, 0.0, 2.412601, 0.0, 1.0, -0.0, 0.603074, 0.0, 0.0, 0.0, 1.0],
                [-0.0, 0.0, 1.0, -2.2e-05, 1.0, -0.0, 0.0, 2.412601, 0.0, 1.0, -0.0, 0.603974, 0.0, 0.0, 0.0, 1.0],
                [-0.0, 0.0, 1.0, -2.2e-05, 1.0, -0.0, 0.0, 2.412601, 0.0, 1.0, -0.0, 0.604874, 0.0, 0.0, 0.0, 1.0],
                [-0.0, 0.0, 1.0, -2.2e-05, 1.0, -0.0, 0.0, 2.412601, 0.0, 1.0, -0.0, 0.604053, 0.0, 0.0, 0.0, 1.0],
                [-0.0, 0.0, 1.0, -2.2e-05, 1.0, -0.0, 0.0, 2.412601, 0.0, 1.0, -0.0, 0.603232, 0.0, 0.0, 0.0, 1.0],
                [-0.0, 0.0, 1.0, -2.2e-05, 1.0, -0.0, 0.0, 2.412601, 0.0, 1.0, -0.0, 0.60241, 0.0, 0.0, 0.0, 1.0],
                [-0.0, 0.0, 1.0, -2.2e-05, 1.0, -0.0, 0.0, 2.412601, 0.0, 1.0, -0.0, 0.601589, 0.0, 0.0, 0.0, 1.0],
                [-0.0, 0.0, 1.0, -2.2e-05, 1.0, -0.0, 0.0, 2.412601, 0.0, 1.0, -0.0, 0.600767, 0.0, 0.0, 0.0, 1.0],
                [-0.0, 0.0, 1.0, -2.2e-05, 1.0, -0.0, 0.0, 2.412601, 0.0, 1.0, -0.0, 0.599946, 0.0, 0.0, 0.0, 1.0],
                [-0.0, 0.0, 1.0, -2.2e-05, 1.0, -0.0, 0.0, 2.412601, 0.0, 1.0, -0.0, 0.599124, 0.0, 0.0, 0.0, 1.0],
                [-0.0, 0.0, 1.0, -2.2e-05, 1.0, -0.0, 0.0, 2.412601, 0.0, 1.0, -0.0, 0.598303, 0.0, 0.0, 0.0, 1.0],
                [-0.0, 0.0, 1.0, -2.2e-05, 1.0, -0.0, 0.0, 2.412601, 0.0, 1.0, -0.0, 0.597481, 0.0, 0.0, 0.0, 1.0],
                [-0.0, 0.0, 1.0, -2.2e-05, 1.0, -0.0, 0.0, 2.412601, 0.0, 1.0, -0.0, 0.59666, 0.0, 0.0, 0.0, 1.0],
                [-0.0, 0.0, 1.0, -2.2e-05, 1.0, -0.0, 0.0, 2.412601, 0.0, 1.0, -0.0, 0.595839, 0.0, 0.0, 0.0, 1.0],
                [-0.0, 0.0, 1.0, -2.2e-05, 1.0, -0.0, 0.0, 2.412601, 0.0, 1.0, -0.0, 0.595017, 0.0, 0.0, 0.0, 1.0],
                [-0.0, 0.0, 1.0, -2.2e-05, 1.0, -0.0, 0.0, 2.412601, 0.0, 1.0, -0.0, 0.594196, 0.0, 0.0, 0.0, 1.0],
                [-0.0, 0.0, 1.0, -2.2e-05, 1.0, -0.0, 0.0, 2.412601, 0.0, 1.0, -0.0, 0.593374, 0.0, 0.0, 0.0, 1.0],
                [-0.0, 0.0, 1.0, -2.2e-05, 1.0, -0.0, 0.0, 2.412601, 0.0, 1.0, -0.0, 0.592553, 0.0, 0.0, 0.0, 1.0],
                [-0.0, 0.0, 1.0, -2.2e-05, 1.0, -0.0, 0.0, 2.412601, 0.0, 1.0, -0.0, 0.591731, 0.0, 0.0, 0.0, 1.0],
                [-0.0, 0.0, 1.0, -2.2e-05, 1.0, -0.0, 0.0, 2.412601, 0.0, 1.0, -0.0, 0.591731, 0.0, 0.0, 0.0, 1.0],
                [-0.0, 0.0, 1.0, -2.2e-05, 1.0, -0.0, 0.0, 2.412601, 0.0, 1.0, -0.0, 0.591731, 0.0, 0.0, 0.0, 1.0],
                [-0.0, 0.0, 1.0, -2.2e-05, 1.0, -0.0, 0.0, 2.412601, 0.0, 1.0, -0.0, 0.591731, 0.0, 0.0, 0.0, 1.0],
                [-0.0, 0.0, 1.0, -2.2e-05, 1.0, -0.0, 0.0, 2.412601, 0.0, 1.0, -0.0, 0.59048, 0.0, 0.0, 0.0, 1.0],
                [-0.0, 0.0, 1.0, -2.2e-05, 1.0, -0.0, 0.0, 2.412601, 0.0, 1.0, -0.0, 0.59048, 0.0, 0.0, 0.0, 1.0]
            ]
        },
        {
            "name": "Thigh_R",
            "time": [0.0, 0.0167, 0.0333, 0.05, 0.0667, 0.0833, 0.1, 0.1167, 0.1333, 0.15, 0.1667, 0.1833, 0.2, 0.2167, 0.2333, 0.25, 0.2667, 0.2833, 0.3, 0.3167, 0.3333, 0.35, 0.3667, 0.3833, 0.4, 0.4167, 0.4333, 0.45, 0.4667, 0.4833, 0.5, 0.5167, 0.5333, 0.55, 0.5667, 0.5833, 0.6, 0.6167, 0.6333, 0.65, 0.6667, 0.6833, 0.7, 0.7167, 0.7333, 0.75, 0.7667, 0.7833, 0.8, 0.8167, 0.8333, 0.85, 0.8667, 0.8833, 0.9, 0.9167, 0.9333, 0.95, 0.9667, 0.9833, 1.0, 1.0167, 1.0333, 1.05, 1.0667, 1.0833, 1.1, 1.1167, 1.1333, 1.15, 1.1667, 1.1833, 1.2, 1.2167, 1.2333, 1.25, 1.2667, 1.2833, 1.3, 1.3167, 1.3333, 1.35, 1.3667, 1.3833, 1.4, 1.4167, 1.4333, 1.45, 1.4667, 1.4833, 1.5, 1.5167, 1.5333, 1.55, 1.5667, 1.5833, 1.6, 1.6167, 1.6333, 1.65, 1.6667, 1.6833, 1.7, 1.7167, 1.7333, 1.75, 1.7667, 1.7833, 1.8, 1.8167, 1.8333, 1.85, 1.8667, 1.8833, 1.9, 1.9167, 1.9333, 1.95, 1.9667, 1.9833, 2.0, 2.0167, 2.0333, 2.05, 2.0667, 2.0833, 2.1, 2.1167, 2.1333, 2.15, 2.1667, 2.1833, 2.2, 2.2167, 2.2333, 2.25, 2.2667, 2.2833, 2.3, 2.3167, 2.3333, 2.35, 2.3667, 2.3833, 2.4, 2.4167, 2.4333, 2.45, 2.4667, 2.4833, 2.5, 2.5167, 2.5333, 2.55, 2.5667, 2.5833, 2.6, 2.6167, 2.6333, 2.65, 2.6667, 2.6833, 2.7, 2.7167, 2.7333, 2.75, 2.7667, 2.7833, 2.8, 2.8167, 2.8333, 2.85, 2.8667, 2.8833, 2.9, 2.9167, 2.9333, 2.95, 2.9667, 2.9833, 3.0, 3.0167, 3.0333, 3.05, 3.0667, 3.0833, 3.1, 3.1167, 3.1333, 3.15, 3.1667, 3.1833, 3.2, 3.2167, 3.2333, 3.25, 3.2667, 3.2833, 3.3, 3.3167, 3.3333, 3.35, 3.3667],
            "transform": [
                [0.824598, 0.41467, -0.384821, 0.129811, 0.560289, -0.504603, 0.656851, 0.098165, 0.078194, -0.75725, -0.648429, 0.033707, 0.0, 0.0, 0.0, 1.0],
                [0.811849, 0.313959, -0.492273, 0.083889, 0.559114, -0.660938, 0.500553, 0.097584, -0.168209, -0.68161, -0.71212, 0.037628, 0.0, 0.0, 0.0, 1.0],
                [0.736837, 0.662572, -0.134429, 0.037966, 0.471951, -0.361727, 0.804, 0.097002, 0.484081, -0.655862, -0.579235, 0.04155, 0.0, 0.0, 0.0, 1.0],
                [0.307353, 0.949761, 0.059075, -0.007957, 0.124562, -0.1017, 0.986986, 0.09642, 0.943409, -0.295995, -0.149562, 0.045472, 0.0, 0.0, 0.0, 1.0],
                [0.033946, 0.986878, 0.157871, -0.05388, 0.035177, -0.159044, 0.986645, 0.095839, 0.998805, -0.027939, -0.040114, 0.049393, 0.0, 0.0, 0.0, 1.0],
                [-0.250962, 0.953875, 0.164755, -0.099803, -0.047457, -0.182121, 0.98213, 0.095257, 0.966834, 0.238659, 0.090973, 0.053315, 0.0, 0.0, 0.0, 1.0],
                [-0.500092, 0.851081, 0.159911, -0.145726, -0.081142, -0.229901, 0.969826, 0.094675, 0.862163, 0.472028, 0.184029, 0.057236, 0.0, 0.0, 0.0, 1.0],
                [-0.709244, 0.69607, 0.111631, -0.132827, -0.119337, -0.274611, 0.954122, 0.092344, 0.69479, 0.663384, 0.277832, 0.049259, 0.0, 0.0, 0.0, 1.0],
                [-0.861224, 0.504898, 0.058077, -0.119929, -0.122182, -0.31661, 0.940654, 0.090013, 0.493321, 0.803019, 0.33436, 0.041282, 0.0, 0.0, 0.0, 1.0],
                [-0.958276, 0.285672, -0.009951, -0.10703, -0.118032, -0.363747, 0.92399, 0.087682, 0.260338, 0.886613, 0.382287, 0.033305, 0.0, 0.0, 0.0, 1.0],
                [-0.990552, 0.133401, -0.031801, -0.094132, -0.082441, -0.393923, 0.915439, 0.085351, 0.109593, 0.909413, 0.401198, 0.025327, 0.0, 0.0, 0.0, 1.0],
                [-0.998994, -0.03608, -0.026675, -0.081233, -0.008827, -0.424861, 0.905216, 0.08302, -0.043993, 0.904541, 0.424114, 0.01735, 0.0, 0.0, 0.0, 1.0],
                [-0.948499, -0.29124, 0.124624, -0.068335, 0.230998, -0.366665, 0.90122, 0.080689, -0.216776, 0.883594, 0.415056, 0.009373, 0.0, 0.0, 0.0, 1.0],
                [-0.93194, -0.359801, 0.045087, -0.055436, 0.198446, -0.401996, 0.893879, 0.078358, -0.303493, 0.841989, 0.446037, 0.001395, 0.0, 0.0, 0.0, 1.0],
                [-0.878536, -0.476386, -0.035106, -0.042538, 0.181848, -0.401506, 0.897622, 0.076026, -0.44171, 0.78221, 0.439367, -0.006582, 0.0, 0.0, 0.0, 1.0],
                [-0.717681, -0.696323, 0.008412, -0.029639, 0.349214, -0.349422, 0.869457, 0.073695, -0.602483, 0.62693, 0.493938, -0.014559, 0.0, 0.0, 0.0, 1.0],
                [-0.483538, -0.839506, -0.247837, -0.016741, 0.181093, -0.372957, 0.910005, 0.071364, -0.856387, 0.39514, 0.332367, -0.022536, 0.0, 0.0, 0.0, 1.0],
                [-0.15352, -0.906043, -0.394359, -0.003842, 0.033459, -0.403628, 0.914311, 0.069033, -0.98758, 0.127171, 0.09228, -0.030514, 0.0, 0.0, 0.0, 1.0],
                [0.132112, -0.664246, -0.735748, 0.009057, 0.069566, -0.734212, 0.675348, 0.066702, -0.988791, -0.140404, -0.05079, -0.038491, 0.0, 0.0, 0.0, 1.0],
                [0.387358, -0.255301, -0.885876, 0.021955, 0.127705, -0.936773, 0.325808, 0.064371, -0.913042, -0.239335, -0.330263, -0.046468, 0.0, 0.0, 0.0, 1.0],
                [0.667492, 0.145433, -0.730277, 0.034853, 0.32472, -0.939426, 0.109719, 0.06204, -0.670083, -0.310372, -0.674284, -0.054446, 0.0, 0.0, 0.0, 1.0],
                [0.766239, 0.516461, -0.382292, 0.047752, 0.538072, -0.840931, -0.057587, 0.059709, -0.351222, -0.161574, -0.922246, -0.062423, 0.0, 0.0, 0.0, 1.0],
                [0.776503, 0.536419, -0.330604, 0.06065, 0.557037, -0.829629, -0.037772, 0.057378, -0.29454, -0.154829, -0.943014, -0.0704, 0.0, 0.0, 0.0, 1.0],
                [0.78095, 0.559, -0.278636, 0.073549, 0.578067, -0.815823, -0.016523, 0.055047, -0.236554, -0.148166, -0.960255, -0.078378, 0.0, 0.0, 0.0, 1.0],
                [0.809254, 0.567731, -0.150964, 0.086447, 0.582287, -0.809217, 0.078175, 0.052716, -0.077781, -0.151168, -0.985444, -0.086355, 0.0, 0.0, 0.0, 1.0],
                [0.809238, 0.586974, -0.024435, 0.099346, 0.581486, -0.794358, 0.1757, 0.050384, 0.083721, -0.156392, -0.984141, -0.094332, 0.0, 0.0, 0.0, 1.0],
                [0.816437, 0.574279, 0.060287, 0.099675, 0.522338, -0.779008, 0.346859, 0.049988, 0.246158, -0.251699, -0.935978, -0.066528, 0.0, 0.0, 0.0, 1.0],
                [0.758812, 0.646569, 0.078453, 0.100005, 0.521683, -0.67548, 0.521129, 0.049592, 0.389938, -0.354512, -0.849865, -0.038724, 0.0, 0.0, 0.0, 1.0],
                [0.725759, 0.64797, 0.231109, 0.100335, 0.284549, -0.588597, 0.756695, 0.049196, 0.626345, -0.483417, -0.611557, -0.010921, 0.0, 0.0, 0.0, 1.0],
                [0.669505, 0.710889, 0.215411, 0.100664, 0.084901, -0.36133, 0.928565, 0.0488, 0.73794, -0.603391, -0.302268, 0.016883, 0.0, 0.0, 0.0, 1.0],
                [0.595811, 0.784525, 0.171849, 0.100994, 0.085304, -0.274583, 0.957772, 0.048404, 0.798582, -0.555992, -0.230523, 0.044687, 0.0, 0.0, 0.0, 1.0],
                [0.515957, 0.850359, 0.103347, 0.101323, 0.091383, -0.174597, 0.98039, 0.048008, 0.851727, -0.496395, -0.167793, 0.072491, 0.0, 0.0, 0.0, 1.0],
                [0.496361, 0.863829, 0.086184, 0.101653, 0.087763, -0.1487, 0.98498, 0.047612, 0.863669, -0.481343, -0.149621, 0.100295, 0.0, 0.0, 0.0, 1.0],
                [0.478785, 0.875133, 0.070061, 0.101983, 0.082976, -0.124552, 0.988737, 0.047216, 0.874003, -0.46758, -0.132248, 0.128099, 0.0, 0.0, 0.0, 1.0],
                [0.490196, 0.868677, 0.071489, 0.099988, 0.080133, -0.126587, 0.988713, 0.051374, 0.867921, -0.478935, -0.131663, 0.128255, 0.0, 0.0, 0.0, 1.0],
                [0.5015, 0.862062, 0.073137, 0.097993, 0.077108, -0.128736, 0.988676, 0.055531, 0.861715, -0.490182, -0.131034, 0.128411, 0.0, 0.0, 0.0, 1.0],
                [0.494912, 0.864865, 0.084104, 0.095998, 0.071354, -0.136911, 0.98801, 0.059689, 0.866009, -0.482977, -0.129471, 0.128567, 0.0, 0.0, 0.0, 1.0],
                [0.48808, 0.867698, 0.094238, 0.094003, 0.066023, -0.144368, 0.987319, 0.063847, 0.870299, -0.475669, -0.127751, 0.128723, 0.0, 0.0, 0.0, 1.0],
                [0.477341, 0.872086, 0.107769, 0.092009, 0.059537, -0.154459, 0.986204, 0.068005, 0.8767, -0.46434, -0.125652, 0.128878, 0.0, 0.0, 0.0, 1.0],
                [0.466252, 0.876519, 0.119688, 0.090014, 0.053868, -0.163172, 0.985126, 0.072163, 0.883011, -0.45287, -0.123296, 0.129034, 0.0, 0.0, 0.0, 1.0],
                [0.455743, 0.880046, 0.133491, 0.088019, 0.048975, -0.174535, 0.983433, 0.076321, 0.888764, -0.441655, -0.122643, 0.12919, 0.0, 0.0, 0.0, 1.0],
                [0.444976, 0.883628, 0.145604, 0.086024, 0.044916, -0.184404, 0.981824, 0.080478, 0.894416, -0.430349, -0.121745, 0.129346, 0.0, 0.0, 0.0, 1.0],
                [0.439012, 0.884517, 0.157799, 0.084029, 0.043626, -0.196406, 0.979551, 0.084636, 0.897422, -0.423151, -0.124813, 0.129502, 0.0, 0.0, 0.0, 1.0],
                [0.43295, 0.885511, 0.168601, 0.082035, 0.043015, -0.207122, 0.977369, 0.088794, 0.900392, -0.4159, -0.127764, 0.129658, 0.0, 0.0, 0.0, 1.0],
                [0.436195, 0.882066, 0.178034, 0.08004, 0.047892, -0.220323, 0.974251, 0.092952, 0.898577, -0.416438, -0.138348, 0.129814, 0.0, 0.0, 0.0, 1.0],
                [0.439425, 0.878715, 0.186461, 0.078045, 0.053197, -0.232668, 0.9711, 0.09711, 0.896703, -0.416807, -0.148985, 0.12997, 0.0, 0.0, 0.0, 1.0],
                [0.441388, 0.875676, 0.195884, 0.07605, 0.057027, -0.245233, 0.967786, 0.101267, 0.895503, -0.415999, -0.15818, 0.130126, 0.0, 0.0, 0.0, 1.0],
                [0.443356, 0.872705, 0.204511, 0.074055, 0.061205, -0.257103, 0.964444, 0.105425, 0.894255, -0.415075, -0.167402, 0.130282, 0.0, 0.0, 0.0, 1.0],
                [0.438173, 0.872738, 0.215255, 0.072061, 0.062863, -0.268633, 0.961189, 0.109583, 0.896691, -0.407636, -0.172571, 0.130438, 0.0, 0.0, 0.0, 1.0],
                [0.432994, 0.872753, 0.225436, 0.067172, 0.064809, -0.279591, 0.957929, 0.110046, 0.899065, -0.400168, -0.177623, 0.131491, 0.0, 0.0, 0.0, 1.0],
                [0.430042, 0.871935, 0.234085, 0.062283, 0.069, -0.290271, 0.954454, 0.11051, 0.900168, -0.394304, -0.184993, 0.132545, 0.0, 0.0, 0.0, 1.0],
                [0.427116, 0.871096, 0.242418, 0.057394, 0.07338, -0.300613, 0.950919, 0.110973, 0.901215, -0.388365, -0.192318, 0.133598, 0.0, 0.0, 0.0, 1.0],
                [0.417573, 0.873271, 0.251066, 0.052506, 0.07579, -0.30882, 0.948096, 0.111436, 0.905478, -0.376871, -0.19514, 0.134652, 0.0, 0.0, 0.0, 1.0],
                [0.408012, 0.875283, 0.259631, 0.047617, 0.07831, -0.316883, 0.945226, 0.1119, 0.909613, -0.365332, -0.197835, 0.135706, 0.0, 0.0, 0.0, 1.0],
                [0.384365, 0.882997, 0.26941, 0.042729, 0.074055, -0.320379, 0.944391, 0.112363, 0.920207, -0.34304, -0.188533, 0.136759, 0.0, 0.0, 0.0, 1.0],
                [0.360488, 0.890028, 0.279108, 0.03784, 0.069697, -0.324093, 0.943455, 0.112826, 0.930157, -0.320652, -0.178864, 0.137813, 0.0, 0.0, 0.0, 1.0],
                [0.341753, 0.894631, 0.287826, 0.032951, 0.066317, -0.32846, 0.942187, 0.11329, 0.937448, -0.302908, -0.171581, 0.138867, 0.0, 0.0, 0.0, 1.0],
                [0.32291, 0.898755, 0.296599, 0.028063, 0.062845, -0.333057, 0.94081, 0.113753, 0.944341, -0.285157, -0.16403, 0.13992, 0.0, 0.0, 0.0, 1.0],
                [0.30852, 0.898776, 0.31148, 0.023174, 0.057487, -0.344473, 0.937035, 0.114216, 0.94948, -0.271188, -0.157945, 0.140974, 0.0, 0.0, 0.0, 1.0],
                [0.294137, 0.898432, 0.326044, 0.018285, 0.052181, -0.355722, 0.933134, 0.11468, 0.954338, -0.257456, -0.151512, 0.142028, 0.0, 0.0, 0.0, 1.0],
                [0.284035, 0.891571, 0.352742, 0.013396, 0.045407, -0.37999, 0.923876, 0.115143, 0.957739, -0.246396, -0.148414, 0.143081, 0.0, 0.0, 0.0, 1.0],
                [0.273964, 0.884199, 0.378337, 0.008508, 0.038667, -0.403197, 0.914296, 0.115606, 0.960963, -0.235855, -0.144651, 0.144135, 0.0, 0.0, 0.0, 1.0],
                [0.266238, 0.871282, 0.412294, 0.003619, 0.033244, -0.435778, 0.89944, 0.11607, 0.963335, -0.225758, -0.144986, 0.145189, 0.0, 0.0, 0.0, 1.0],
                [0.258472, 0.857609, 0.444637, -0.001269, 0.027583, -0.466642, 0.884016, 0.116533, 0.965625, -0.21623, -0.14427, 0.146242, 0.0, 0.0, 0.0, 1.0],
                [0.251324, 0.839284, 0.482121, -0.006158, 0.024146, -0.50339, 0.863722, 0.116997, 0.967602, -0.205433, -0.146779, 0.147296, 0.0, 0.0, 0.0, 1.0],
                [0.244112, 0.819839, 0.517953, -0.011047, 0.020072, -0.538269, 0.842534, 0.11746, 0.96954, -0.195276, -0.147854, 0.14835, 0.0, 0.0, 0.0, 1.0],
                [0.237776, 0.79616, 0.556412, -0.015935, 0.019619, -0.576661, 0.816748, 0.117923, 0.971123, -0.183286, -0.152736, 0.149403, 0.0, 0.0, 0.0, 1.0],
                [0.23141, 0.77095, 0.59337, -0.020824, 0.018076, -0.613228, 0.7897, 0.118387, 0.972689, -0.172018, -0.155843, 0.150457, 0.0, 0.0, 0.0, 1.0],
                [0.227501, 0.742548, 0.629974, -0.025713, 0.021424, -0.650599, 0.75912, 0.11885, 0.973543, -0.159204, -0.16392, 0.151511, 0.0, 0.0, 0.0, 1.0],
                [0.223669, 0.712287, 0.665298, -0.030602, 0.023331, -0.686309, 0.726936, 0.119313, 0.974387, -0.147071, -0.170124, 0.152564, 0.0, 0.0, 0.0, 1.0],
                [0.223849, 0.679618, 0.698579, -0.03549, 0.028336, -0.721004, 0.692352, 0.119777, 0.974212, -0.135187, -0.180653, 0.153618, 0.0, 0.0, 0.0, 1.0],
                [0.224075, 0.645089, 0.730515, -0.040379, 0.031659, -0.753998, 0.656115, 0.12024, 0.974058, -0.123891, -0.189374, 0.154672, 0.0, 0.0, 0.0, 1.0],
                [0.224709, 0.611801, 0.758424, -0.045268, 0.035892, -0.782998, 0.620989, 0.120703, 0.973765, -0.11232, -0.197906, 0.155725, 0.0, 0.0, 0.0, 1.0],
                [0.225364, 0.577024, 0.785019, -0.050156, 0.038748, -0.810419, 0.584569, 0.121167, 0.973504, -0.101323, -0.204998, 0.156779, 0.0, 0.0, 0.0, 1.0],
                [0.226199, 0.542057, 0.809327, -0.055045, 0.042162, -0.835532, 0.547823, 0.12163, 0.973169, -0.089794, -0.211851, 0.157833, 0.0, 0.0, 0.0, 1.0],
                [0.227217, 0.505813, 0.832182, -0.059934, 0.044744, -0.859053, 0.509928, 0.122093, 0.972816, -0.078629, -0.217823, 0.158886, 0.0, 0.0, 0.0, 1.0],
                [0.227701, 0.478985, 0.847777, -0.064822, 0.047585, -0.875083, 0.481631, 0.122557, 0.972568, -0.069326, -0.22205, 0.15994, 0.0, 0.0, 0.0, 1.0],
                [0.228212, 0.451468, 0.86261, -0.05847, 0.049581, -0.89023, 0.452806, 0.121905, 0.972349, -0.060566, -0.225545, 0.156037, 0.0, 0.0, 0.0, 1.0],
                [0.228917, 0.431825, 0.872425, -0.052117, 0.052399, -0.900391, 0.431918, 0.121252, 0.972035, -0.053159, -0.228741, 0.152133, 0.0, 0.0, 0.0, 1.0],
                [0.229598, 0.411874, 0.881842, -0.045764, 0.054712, -0.910077, 0.410815, 0.1206, 0.971747, -0.046074, -0.231486, 0.14823, 0.0, 0.0, 0.0, 1.0],
                [0.230898, 0.396876, 0.888356, -0.039412, 0.058151, -0.917026, 0.394569, 0.119948, 0.971239, -0.039446, -0.234818, 0.144327, 0.0, 0.0, 0.0, 1.0],
                [0.232273, 0.381826, 0.894572, -0.033059, 0.061829, -0.923663, 0.378188, 0.119296, 0.970684, -0.032532, -0.23815, 0.140424, 0.0, 0.0, 0.0, 1.0],
                [0.233995, 0.383425, 0.893439, -0.026706, 0.065337, -0.923076, 0.379031, 0.118644, 0.970041, -0.030316, -0.241047, 0.13652, 0.0, 0.0, 0.0, 1.0],
