{
    "animation": [
        {
            "name": "Root",
            "time": [0.0, 0.0167, 0.0333, 0.05, 0.0667, 0.0833, 0.1, 0.1167, 0.1333, 0.15, 0.1667, 0.1833, 0.2, 0.2167, 0.2333, 0.25, 0.2667, 0.2833, 0.3, 0.3167, 0.3333, 0.35, 0.3667, 0.3833, 0.4, 0.4167, 0.4333, 0.45, 0.4667, 0.4833, 0.5, 0.5167, 0.5333, 0.55, 0.5667],
            "transform": [
                [-0.0, 0.0, 0.999999, -2.2e-05, 0.999999, -0.0, 0.0, 4.6e-05, 0.0, 1.0, -0.0, 0.524752, 0.0, 0.0, 0.0, 1.0],
                [-0.0, 0.0, 0.999999, -2.2e-05, 0.999999, -0.0, 0.0, 4.6e-05, 0.0, 1.0, -0.0, 0.524752, 0.0, 0.0, 0.0, 1.0],
                [-0.0, 0.0, 0.999999, -2.2e-05, 0.999999, -0.0, 0.0, 4.6e-05, 0.0, 1.0, -0.0, 0.524752, 0.0, 0.0, 0.0, 1.0],
                [-0.0, 0.0, 0.999999, -2.2e-05, 0.999999, -0.0, 0.0, 4.6e-05, 0.0, 1.0, -0.0, 0.524752, 0.0, 0.0, 0.0, 1.0],
                [-0.0, 0.0, 0.999999, -2.2e-05, 0.999999, -0.0, 0.0, 4.6e-05, 0.0, 1.0, -0.0, 0.524752, 0.0, 0.0, 0.0, 1.0],
                [-0.0, 0.0, 0.999999, -2.2e-05, 0.999999, -0.0, 0.0, 4.6e-05, 0.0, 1.0, -0.0, 0.524752, 0.0, 0.0, 0.0, 1.0],
                [-0.0, 0.0, 0.999999, -2.2e-05, 0.999999, -0.0, 0.0, 4.6e-05, 0.0, 1.0, -0.0, 0.524752, 0.0, 0.0, 0.0, 1.0],
                [-0.0, 0.0, 0.999999, -2.2e-05, 0.999999, -0.0, 0.0, 4.6e-05, 0.0, 1.0, -0.0, 0.524752, 0.0, 0.0, 0.0, 1.0],
                [-0.0, 0.0, 0.999999, -2.2e-05, 0.999999, -0.0, 0.0, 4.6e-05, 0.0, 1.0, -0.0, 0.524752, 0.0, 0.0, 0.0, 1.0],
                [-0.0, 0.0, 0.999999, -2.2e-05, 0.999999, -0.0, 0.0, 4.6e-05, 0.0, 1.0, -0.0, 0.524752, 0.0, 0.0, 0.0, 1.0],
                [-0.0, 0.0, 0.999999, -2.2e-05, 0.999999, -0.0, 0.0, 4.6e-05, 0.0, 1.0, -0.0, 0.524752, 0.0, 0.0, 0.0, 1.0],
                [-0.0, 0.0, 0.999999, -2.2e-05, 0.999999, -0.0, 0.0, 4.6e-05, 0.0, 1.0, -0.0, 0.524752, 0.0, 0.0, 0.0, 1.0],
                [-0.0, 0.0, 0.999999, -2.2e-05, 0.999999, -0.0, 0.0, 4.6e-05, 0.0, 1.0, -0.0, 0.524752, 0.0, 0.0, 0.0, 1.0],
                [-0.0, 0.0, 0.999999, -2.2e-05, 0.999999, -0.0, 0.0, 4.6e-05, 0.0, 1.0, -0.0, 0.524752, 0.0, 0.0, 0.0, 1.0],
                [-0.0, 0.0, 0.999999, -2.2e-05, 0.999999, -0.0, 0.0, 4.6e-05, 0.0, 1.0, -0.0, 0.524752, 0.0, 0.0, 0.0, 1.0],
                [-0.0, 0.0, 0.999999, -2.2e-05, 0.999999, -0.0, 0.0, 4.6e-05, 0.0, 1.0, -0.0, 0.524752, 0.0, 0.0, 0.0, 1.0],
                [-0.0, 0.0, 0.999999, -2.2e-05, 0.999999, -0.0, 0.0, 4.6e-05, 0.0, 1.0, -0.0, 0.524752, 0.0, 0.0, 0.0, 1.0],
                [-0.0, 0.0, 0.999999, -2.2e-05, 0.999999, -0.0, 0.0, 4.6e-05, 0.0, 1.0, -0.0, 0.524752, 0.0, 0.0, 0.0, 1.0],
                [-0.0, 0.0, 0.999999, -2.2e-05, 0.999999, -0.0, 0.0, 4.6e-05, 0.0, 1.0, -0.0, 0.524752, 0.0, 0.0, 0.0, 1.0],
                [-0.0, 0.0, 0.999999, -2.2e-05, 0.999999, -0.0, 0.0, 4.6e-05, 0.0, 1.0, -0.0, 0.524752, 0.0, 0.0, 0.0, 1.0],
                [-0.0, 0.0, 0.999999, -2.2e-05, 0.999999, -0.0, 0.0, 4.6e-05, 0.0, 1.0, -0.0, 0.524752, 0.0, 0.0, 0.0, 1.0],
                [-0.0, 0.0, 0.999999, -2.2e-05, 0.999999, -0.0, 0.0, 4.6e-05, 0.0, 1.0, -0.0, 0.524752, 0.0, 0.0, 0.0, 1.0],
                [-0.0, 0.0, 0.999999, -2.2e-05, 0.999999, -0.0, 0.0, 4.6e-05, 0.0, 1.0, -0.0, 0.524752, 0.0, 0.0, 0.0, 1.0],
                [-0.0, 0.0, 0.999999, -2.2e-05, 0.999999, -0.0, 0.0, 4.6e-05, 0.0, 1.0, -0.0, 0.524752, 0.0, 0.0, 0.0, 1.0],
                [-0.0, 0.0, 0.999999, -2.2e-05, 0.999999, -0.0, 0.0, 4.6e-05, 0.0, 1.0, -0.0, 0.524752, 0.0, 0.0, 0.0, 1.0],
                [-0.0, 0.0, 0.999999, -2.2e-05, 0.999999, -0.0, 0.0, 4.6e-05, 0.0, 1.0, -0.0, 0.524752, 0.0, 0.0, 0.0, 1.0],
                [-0.0, 0.0, 0.999999, -2.2e-05, 0.999999, -0.0, 0.0, 4.6e-05, 0.0, 1.0, -0.0, 0.524752, 0.0, 0.0, 0.0, 1.0],
                [-0.0, 0.0, 0.999999, -2.2e-05, 0.999999, -0.0, 0.0, 4.6e-05, 0.0, 1.0, -0.0, 0.524752, 0.0, 0.0, 0.0, 1.0],
                [-0.0, 0.0, 0.999999, -2.2e-05, 0.999999, -0.0, 0.0, 4.6e-05, 0.0, 1.0, -0.0, 0.524752, 0.0, 0.0, 0.0, 1.0],
                [-0.0, 0.0, 0.999999, -2.2e-05, 0.999999, -0.0, 0.0, 4.6e-05, 0.0, 1.0, -0.0, 0.524752, 0.0, 0.0, 0.0, 1.0],
                [-0.0, 0.0, 0.999999, -2.2e-05, 0.999999, -0.0, 0.0, 4.6e-05, 0.0, 1.0, -0.0, 0.524752, 0.0, 0.0, 0.0, 1.0],
                [-0.0, 0.0, 0.999999, -2.2e-05, 0.999999, -0.0, 0.0, 4.6e-05, 0.0, 1.0, -0.0, 0.524752, 0.0, 0.0, 0.0, 1.0],
                [-0.0, 0.0, 0.999999, -2.2e-05, 0.999999, -0.0, 0.0, 4.6e-05, 0.0, 1.0, -0.0, 0.524752, 0.0, 0.0, 0.0, 1.0],
                [-0.0, 0.0, 0.999999, -2.2e-05, 0.999999, -0.0, 0.0, 4.6e-05, 0.0, 1.0, -0.0, 0.524752, 0.0, 0.0, 0.0, 1.0],
                [-0.0, 0.0, 0.999999, -2.2e-05, 0.999999, -0.0, 0.0, 4.6e-05, 0.0, 1.0, -0.0, 0.524752, 0.0, 0.0, 0.0, 1.0]
            ]
        },
        {
            "name": "Thigh_R",
            "time": [0.0, 0.0167, 0.0333, 0.05, 0.0667, 0.0833, 0.1, 0.1167, 0.1333, 0.15, 0.1667, 0.1833, 0.2, 0.2167, 0.2333, 0.25, 0.2667, 0.2833, 0.3, 0.3167, 0.3333, 0.35, 0.3667, 0.3833, 0.4, 0.4167, 0.4333, 0.45, 0.4667, 0.4833, 0.5, 0.5167, 0.5333, 0.55, 0.5667],
            "transform": [
                [0.038779, 0.795014, 0.605351, -0.042025, -0.060346, -0.602838, 0.795578, 0.098195, 0.997425, -0.067383, 0.024598, 0.129244, 0.0, 0.0, 0.0, 1.0],
                [0.102107, 0.898718, 0.426478, -0.042025, -0.043837, -0.424237, 0.90449, 0.098195, 0.993808, -0.11105, -0.00392, 0.129244, 0.0, 0.0, 0.0, 1.0],
                [0.145927, 0.91932, 0.365455, -0.042025, 0.002319, -0.369727, 0.929137, 0.098195, 0.989293, -0.134738, -0.056086, 0.129244, 0.0, 0.0, 0.0, 1.0],
                [0.128452, 0.898233, 0.420334, -0.042025, 0.023603, -0.426495, 0.904182, 0.098195, 0.991435, -0.106223, -0.075985, 0.129244, 0.0, 0.0, 0.0, 1.0],
                [0.064931, 0.768259, 0.636839, -0.042025, -0.013343, -0.637461, 0.770368, 0.098195, 0.997801, -0.058517, -0.03114, 0.129244, 0.0, 0.0, 0.0, 1.0],
                [0.013456, 0.631264, 0.775452, -0.042025, -0.064581, -0.773355, 0.630676, 0.098195, 0.997822, -0.058565, 0.030361, 0.129244, 0.0, 0.0, 0.0, 1.0],
                [-0.033337, 0.491995, 0.86996, -0.042025, -0.105158, -0.86734, 0.486483, 0.098195, 0.993897, -0.075265, 0.080652, 0.129244, 0.0, 0.0, 0.0, 1.0],
                [-0.054152, 0.492195, 0.868799, -0.042025, -0.126135, -0.866479, 0.483018, 0.098195, 0.990534, -0.083429, 0.109004, 0.129244, 0.0, 0.0, 0.0, 1.0],
                [-0.113269, 0.576489, 0.809216, -0.042025, -0.14471, -0.815346, 0.560599, 0.098195, 0.98297, -0.053603, 0.175777, 0.129244, 0.0, 0.0, 0.0, 1.0],
                [-0.143604, 0.56029, 0.815754, -0.042025, -0.143487, -0.827376, 0.543012, 0.098195, 0.979179, -0.039071, 0.199209, 0.129244, 0.0, 0.0, 0.0, 1.0],
                [-0.160838, 0.504305, 0.848415, -0.042025, -0.136128, -0.862727, 0.487005, 0.098195, 0.977549, -0.037164, 0.207409, 0.129244, 0.0, 0.0, 0.0, 1.0],
                [-0.170413, 0.411969, 0.895121, -0.042025, -0.123321, -0.910184, 0.395423, 0.098195, 0.977626, -0.043002, 0.205911, 0.129244, 0.0, 0.0, 0.0, 1.0],
                [-0.1785, 0.282855, 0.942407, -0.042025, -0.106806, -0.9577, 0.267215, 0.098195, 0.978126, -0.052956, 0.20116, 0.129244, 0.0, 0.0, 0.0, 1.0],
                [-0.186965, 0.097904, 0.977476, -0.042025, -0.091186, -0.992456, 0.081963, 0.098195, 0.978126, -0.073807, 0.194481, 0.129244, 0.0, 0.0, 0.0, 1.0],
                [-0.191146, -0.142784, 0.971121, -0.042025, -0.071219, -0.984739, -0.158803, 0.098195, 0.978975, -0.099516, 0.17806, 0.129244, 0.0, 0.0, 0.0, 1.0],
                [-0.12498, -0.289086, 0.94911, -0.042025, -0.077138, -0.950884, -0.299784, 0.098195, 0.989157, -0.110679, 0.096542, 0.129244, 0.0, 0.0, 0.0, 1.0],
                [-0.107692, -0.340419, 0.934087, -0.042025, -0.072769, -0.934332, -0.348897, 0.098195, 0.991518, -0.105546, 0.075848, 0.129244, 0.0, 0.0, 0.0, 1.0],
                [0.119142, -0.564388, 0.816867, -0.042025, -0.24546, -0.813933, -0.526558, 0.098195, 0.962058, -0.137773, -0.235508, 0.129244, 0.0, 0.0, 0.0, 1.0],
                [0.26372, -0.642963, 0.719064, -0.042025, -0.426389, -0.746373, -0.511, 0.098195, 0.865243, -0.171839, -0.470985, 0.129244, 0.0, 0.0, 0.0, 1.0],
                [0.193598, -0.681533, 0.705715, -0.042025, -0.407276, -0.710244, -0.574178, 0.098195, 0.892551, -0.176261, -0.415073, 0.129244, 0.0, 0.0, 0.0, 1.0],
                [-0.022346, -0.682444, 0.730597, -0.042025, -0.268656, -0.699801, -0.661894, 0.098195, 0.962977, -0.21107, -0.167705, 0.129244, 0.0, 0.0, 0.0, 1.0],
                [-0.11781, -0.639525, 0.759691, -0.042025, -0.183812, -0.737755, -0.649563, 0.098195, 0.975877, -0.216165, -0.030637, 0.129244, 0.0, 0.0, 0.0, 1.0],
                [-0.141611, -0.581692, 0.800988, -0.042025, -0.206473, -0.773991, -0.598588, 0.098195, 0.968151, -0.250148, -0.010497, 0.129244, 0.0, 0.0, 0.0, 1.0],
                [-0.161965, -0.531058, 0.831713, -0.042025, -0.221222, -0.801848, -0.555069, 0.098195, 0.961681, -0.273894, 0.01239, 0.129244, 0.0, 0.0, 0.0, 1.0],
                [-0.183572, -0.474126, 0.861108, -0.042025, -0.218794, -0.834313, -0.506015, 0.098195, 0.958348, -0.281295, 0.04942, 0.129244, 0.0, 0.0, 0.0, 1.0],
                [-0.196834, -0.394155, 0.897719, -0.042025, -0.210274, -0.877355, -0.431318, 0.098195, 0.957623, -0.273665, 0.089812, 0.129244, 0.0, 0.0, 0.0, 1.0],
                [-0.22535, -0.17654, 0.95815, -0.042025, -0.190764, -0.956416, -0.221086, 0.098195, 0.95542, -0.232602, 0.181851, 0.129244, 0.0, 0.0, 0.0, 1.0],
                [-0.247249, 0.146481, 0.957816, -0.042025, -0.195553, -0.975711, 0.098738, 0.098195, 0.949014, -0.162891, 0.269887, 0.129244, 0.0, 0.0, 0.0, 1.0],
                [-0.173659, 0.258363, 0.950311, -0.042025, -0.199109, -0.954256, 0.223051, 0.098195, 0.964468, -0.15048, 0.217157, 0.129244, 0.0, 0.0, 0.0, 1.0],
                [-0.115183, 0.301306, 0.946545, -0.042025, -0.186082, -0.942564, 0.277394, 0.098195, 0.97576, -0.144184, 0.164635, 0.129244, 0.0, 0.0, 0.0, 1.0],
                [-0.082652, 0.385327, 0.919072, -0.042025, -0.175247, -0.913477, 0.36722, 0.098195, 0.98105, -0.130713, 0.143027, 0.129244, 0.0, 0.0, 0.0, 1.0],
                [-0.039999, 0.477952, 0.877475, -0.042025, -0.143908, -0.871778, 0.468289, 0.098195, 0.988783, -0.107545, 0.103651, 0.129244, 0.0, 0.0, 0.0, 1.0],
                [-0.012345, 0.636661, 0.771046, -0.042025, -0.097983, -0.768165, 0.632712, 0.098195, 0.995112, -0.067739, 0.071864, 0.129244, 0.0, 0.0, 0.0, 1.0],
                [-0.004199, 0.736649, 0.676263, -0.042025, -0.067138, -0.674952, 0.734802, 0.098195, 0.997735, -0.042317, 0.052291, 0.129244, 0.0, 0.0, 0.0, 1.0],
                [-0.004199, 0.736649, 0.676263, -0.042025, -0.067138, -0.674952, 0.734802, 0.098195, 0.997735, -0.042317, 0.052291, 0.129244, 0.0, 0.0, 0.0, 1.0]
            ]
        },
        {
            "name": "Leg_R",
            "time": [0.0, 0.0167, 0.0333, 0.05, 0.0667, 0.0833, 0.1, 0.1167, 0.1333, 0.15, 0.1667, 0.1833, 0.2, 0.2167, 0.2333, 0.25, 0.2667, 0.2833, 0.3, 0.3167, 0.3333, 0.35, 0.3667, 0.3833, 0.4, 0.4167, 0.4333, 0.45, 0.4667, 0.4833, 0.5, 0.5167, 0.5333, 0.55, 0.5667],
            "transform": [
                [0.999999, -0.0, -0.0, 0.0, 0.0, -0.447305, 0.894381, 0.37472, -0.0, -0.894383, -0.447305, -0.0, 0.0, 0.0, 0.0, 1.0],
                [0.999999, -0.0, -0.0, -0.0, 0.0, -0.263713, 0.964601, 0.37472, -0.0, -0.964603, -0.263713, -0.0, 0.0, 0.0, 0.0, 1.0],
                [0.999999, -0.0, 0.0, -0.0, -0.0, -0.003766, 0.999993, 0.37472, -0.0, -0.999994, -0.003766, -0.0, 0.0, 0.0, 0.0, 1.0],
                [0.999999, 0.0, -0.0, -0.0, 0.0, 0.403142, 0.915137, 0.37472, 0.0, -0.915138, 0.403142, -0.0, 0.0, 0.0, 0.0, 1.0],
                [0.999999, 0.0, 0.0, -0.0, -0.0, 0.807245, 0.590217, 0.37472, -0.0, -0.590217, 0.807245, 0.0, 0.0, 0.0, 0.0, 1.0],
                [0.999999, 0.0, 0.0, -0.0, -0.0, 0.94363, 0.331002, 0.37472, -0.0, -0.331002, 0.943631, 0.0, 0.0, 0.0, 0.0, 1.0],
                [0.999999, 0.0, 0.0, 0.0, -0.0, 0.97965, 0.200712, 0.37472, -0.0, -0.200712, 0.979651, -0.0, 0.0, 0.0, 0.0, 1.0],
                [0.999999, -0.0, 0.0, 0.0, 0.0, 0.940629, 0.339437, 0.37472, -0.0, -0.339437, 0.940629, 0.0, 0.0, 0.0, 0.0, 1.0],
                [0.999999, 0.0, 0.0, -0.0, -0.0, 0.777848, 0.628453, 0.37472, -0.0, -0.628453, 0.777848, 0.0, 0.0, 0.0, 0.0, 1.0],
                [0.999999, 0.0, 0.0, -0.0, -0.0, 0.667424, 0.744678, 0.37472, -0.0, -0.744679, 0.667424, -0.0, 0.0, 0.0, 0.0, 1.0],
                [0.999999, -0.0, 0.0, -0.0, 0.0, 0.611689, 0.791099, 0.37472, -0.0, -0.791099, 0.611688, 0.0, 0.0, 0.0, 0.0, 1.0],
                [0.999999, -0.0, 0.0, -0.0, -0.0, 0.602815, 0.797881, 0.37472, -0.0, -0.797882, 0.602814, 0.0, 0.0, 0.0, 0.0, 1.0],
                [0.999999, -0.0, 0.0, -0.0, -0.0, 0.633204, 0.773986, 0.37472, -0.0, -0.773986, 0.633203, 0.0, 0.0, 0.0, 0.0, 1.0],
                [0.999999, -0.0, 0.0, 0.0, -0.0, 0.740098, 0.6725, 0.37472, -0.0, -0.6725, 0.740097, -0.0, 0.0, 0.0, 0.0, 1.0],
                [0.999999, 0.0, 0.0, 0.0, -0.0, 0.889988, 0.455985, 0.37472, -0.0, -0.455985, 0.889988, 0.0, 0.0, 0.0, 0.0, 1.0],
                [0.999999, 0.0, -0.0, -0.0, -0.0, 0.943491, 0.331397, 0.37472, 0.0, -0.331397, 0.943492, 0.0, 0.0, 0.0, 0.0, 1.0],
                [0.999999, 0.0, 0.0, -0.0, -0.0, 0.90575, 0.423812, 0.37472, 0.0, -0.423812, 0.905751, -0.0, 0.0, 0.0, 0.0, 1.0],
                [0.999999, 0.0, 0.0, 0.0, -0.0, 0.965556, 0.260197, 0.37472, -0.0, -0.260197, 0.965556, 0.0, 0.0, 0.0, 0.0, 1.0],
                [0.999999, 0.0, 0.0, -0.0, -0.0, 0.953139, 0.302534, 0.37472, -0.0, -0.302533, 0.953139, -0.0, 0.0, 0.0, 0.0, 1.0],
                [0.999999, 0.0, 0.0, -0.0, -0.0, 0.911948, 0.410308, 0.37472, 0.0, -0.410308, 0.911948, -0.0, 0.0, 0.0, 0.0, 1.0],
                [0.999999, -0.0, 0.0, -0.0, -0.0, 0.776311, 0.630351, 0.37472, -0.0, -0.630352, 0.77631, -0.0, 0.0, 0.0, 0.0, 1.0],
                [0.999999, 0.0, -0.0, -0.0, 0.0, 0.558861, 0.829261, 0.37472, 0.0, -0.829262, 0.558861, 0.0, 0.0, 0.0, 0.0, 1.0],
                [0.999999, 0.0, -0.0, -0.0, 0.0, 0.30962, 0.95086, 0.37472, 0.0, -0.950862, 0.309619, 0.0, 0.0, 0.0, 0.0, 1.0],
                [0.999999, -1e-06, 0.0, -0.0, -0.0, 0.159298, 0.98723, 0.37472, -1e-06, -0.987232, 0.159298, -0.0, 0.0, 0.0, 0.0, 1.0],
                [0.999999, -0.0, -0.0, 0.0, 0.0, -0.020034, 0.999799, 0.37472, -0.0, -0.9998, -0.020034, -0.0, 0.0, 0.0, 0.0, 1.0],
                [0.999999, 0.0, 0.0, -0.0, -0.0, -0.202805, 0.979219, 0.37472, 0.0, -0.97922, -0.202805, 0.0, 0.0, 0.0, 0.0, 1.0],
                [0.999999, -0.0, -0.0, 0.0, 0.0, -0.523107, 0.852267, 0.37472, -0.0, -0.852268, -0.523106, 0.0, 0.0, 0.0, 0.0, 1.0],
                [0.999999, -0.0, -0.0, 0.0, 0.0, -0.772141, 0.635451, 0.37472, -0.0, -0.635452, -0.772141, 0.0, 0.0, 0.0, 0.0, 1.0],
                [0.999999, -0.0, -0.0, -0.0, -0.0, -0.800015, 0.599981, 0.37472, -0.0, -0.599981, -0.800015, -0.0, 0.0, 0.0, 0.0, 1.0],
                [0.999999, -0.0, -0.0, 0.0, 0.0, -0.774822, 0.632181, 0.37472, -0.0, -0.632181, -0.774822, -0.0, 0.0, 0.0, 0.0, 1.0],
                [0.999999, -0.0, -0.0, 0.0, -0.0, -0.752614, 0.658463, 0.37472, -0.0, -0.658463, -0.752614, 0.0, 0.0, 0.0, 0.0, 1.0],
                [0.999999, -0.0, -0.0, 0.0, -0.0, -0.710819, 0.703376, 0.37472, -0.0, -0.703376, -0.710819, 0.0, 0.0, 0.0, 0.0, 1.0],
                [0.999999, -0.0, -0.0, 0.0, 0.0, -0.674165, 0.738581, 0.37472, -0.0, -0.738582, -0.674165, -0.0, 0.0, 0.0, 0.0, 1.0],
                [0.999999, 0.0, -0.0, -0.0, 0.0, -0.570342, 0.821408, 0.37472, -0.0, -0.821408, -0.570342, 0.0, 0.0, 0.0, 0.0, 1.0],
                [0.999999, 0.0, -0.0, -0.0, 0.0, -0.570342, 0.821408, 0.37472, -0.0, -0.821408, -0.570342, 0.0, 0.0, 0.0, 0.0, 1.0]
            ]
        },
        {
            "name": "Knee_R",
            "time": [0.0, 0.5667],
            "transform": [
                [1.0, 0.0, -0.0, 0.0, -0.0, 1e-06, -1.0, 0.37472, -0.0, 1.0, 1e-06, -0.0, 0.0, 0.0, 0.0, 1.0],
                [1.0, 0.0, -0.0, -0.0, -0.0, 1e-06, -1.0, 0.37472, -0.0, 1.0, 1e-06, 0.0, 0.0, 0.0, 0.0, 1.0]
            ]
        },
        {
            "name": "Thigh_L",
            "time": [0.0, 0.0167, 0.0333, 0.05, 0.0667, 0.0833, 0.1, 0.1167, 0.1333, 0.15, 0.1667, 0.1833, 0.2, 0.2167, 0.2333, 0.25, 0.2667, 0.2833, 0.3, 0.3167, 0.3333, 0.35, 0.3667, 0.3833, 0.4, 0.4167, 0.4333, 0.45, 0.4667, 0.4833, 0.5, 0.5167, 0.5333, 0.55, 0.5667],
            "transform": [
                [0.359816, -0.457229, 0.813311, 0.008857, -0.102061, -0.885754, -0.452799, 0.074822, 0.927422, 0.079918, -0.365373, -0.136908, 0.0, 0.0, 0.0, 1.0],
                [0.333093, -0.531134, 0.779068, 0.008857, -0.117592, -0.843204, -0.524579, 0.074822, 0.935531, 0.083123, -0.343322, -0.136908, 0.0, 0.0, 0.0, 1.0],
                [0.279228, -0.599191, 0.750335, 0.008857, -0.105243, -0.795808, -0.596336, 0.074822, 0.954438, 0.087547, -0.285272, -0.136908, 0.0, 0.0, 0.0, 1.0],
                [0.241414, -0.601843, 0.761253, 0.008857, -0.076957, -0.79386, -0.603214, 0.074822, 0.967364, 0.087042, -0.237964, -0.136908, 0.0, 0.0, 0.0, 1.0],
                [0.192936, -0.575191, 0.794942, 0.008857, -0.032932, -0.813505, -0.580627, 0.074822, 0.980657, 0.085846, -0.175896, -0.136908, 0.0, 0.0, 0.0, 1.0],
                [0.147422, -0.555142, 0.818588, 0.008857, 0.030059, -0.824736, -0.564722, 0.074822, 0.988615, 0.107859, -0.104896, -0.136908, 0.0, 0.0, 0.0, 1.0],
                [0.12908, -0.460375, 0.87829, 0.008857, 0.096835, -0.875617, -0.473203, 0.074822, 0.986893, 0.146131, -0.068444, -0.136908, 0.0, 0.0, 0.0, 1.0],
                [0.122893, -0.339674, 0.93248, 0.008857, 0.14673, -0.923059, -0.355578, 0.074822, 0.981511, 0.180522, -0.063597, -0.136908, 0.0, 0.0, 0.0, 1.0],
                [0.133557, -0.212934, 0.967896, 0.008857, 0.12719, -0.964888, -0.229821, 0.074822, 0.982844, 0.153802, -0.101784, -0.136908, 0.0, 0.0, 0.0, 1.0],
                [0.166126, -0.102849, 0.980727, 0.008857, 0.125337, -0.98428, -0.124452, 0.074822, 0.978105, 0.143597, -0.150623, -0.136908, 0.0, 0.0, 0.0, 1.0],
                [0.199261, 0.000703, 0.979946, 0.008857, 0.109116, -0.9938, -0.021474, 0.074822, 0.97385, 0.111208, -0.198102, -0.136908, 0.0, 0.0, 0.0, 1.0],
                [0.133495, 0.166407, 0.976979, 0.008857, 0.0976, -0.98322, 0.154133, 0.074822, 0.98623, 0.074778, -0.147496, -0.136908, 0.0, 0.0, 0.0, 1.0],
                [0.042298, 0.349099, 0.936131, 0.008857, 0.10652, -0.933207, 0.343194, 0.074822, 0.993408, 0.085201, -0.076659, -0.136908, 0.0, 0.0, 0.0, 1.0],
                [-0.061374, 0.509472, 0.858296, 0.008857, 0.117566, -0.850244, 0.513096, 0.074822, 0.991165, 0.132398, -0.007714, -0.136908, 0.0, 0.0, 0.0, 1.0],
                [-0.115095, 0.675223, 0.728581, 0.008857, 0.09096, -0.723212, 0.684612, 0.074822, 0.989179, 0.145068, 0.021819, -0.136908, 0.0, 0.0, 0.0, 1.0],
                [-0.131835, 0.798211, 0.587777, 0.008857, 0.038687, -0.588359, 0.807675, 0.074822, 0.990514, 0.12922, 0.046685, -0.136908, 0.0, 0.0, 0.0, 1.0],
                [-0.121668, 0.88176, 0.455743, 0.008857, 0.004206, -0.458693, 0.888585, 0.074822, 0.99256, 0.11003, 0.052099, -0.136908, 0.0, 0.0, 0.0, 1.0],
                [-0.150693, 0.926912, 0.343702, 0.008857, -0.007239, -0.348699, 0.937207, 0.074822, 0.988552, 0.138744, 0.059256, -0.136908, 0.0, 0.0, 0.0, 1.0],
                [-0.172315, 0.935754, 0.307696, 0.008857, -0.034993, -0.317987, 0.947449, 0.074822, 0.984418, 0.152493, 0.087539, -0.136908, 0.0, 0.0, 0.0, 1.0],
                [-0.113179, 0.9283, 0.354197, 0.008857, -0.039041, -0.360368, 0.931993, 0.074822, 0.992805, 0.091655, 0.077028, -0.136908, 0.0, 0.0, 0.0, 1.0],
                [0.019489, 0.894186, 0.447276, 0.008857, 0.010521, -0.447521, 0.894212, 0.074822, 0.999753, -0.012721, -0.018129, -0.136908, 0.0, 0.0, 0.0, 1.0],
                [0.102499, 0.778525, 0.619191, 0.008857, 0.089639, -0.627167, 0.77371, 0.074822, 0.990684, -0.023801, -0.13407, -0.136908, 0.0, 0.0, 0.0, 1.0],
                [0.158195, 0.618722, 0.769519, 0.008857, 0.143872, -0.785461, 0.601959, 0.074822, 0.976868, 0.015486, -0.213273, -0.136908, 0.0, 0.0, 0.0, 1.0],
                [0.181181, 0.49454, 0.850061, 0.008857, 0.160724, -0.867638, 0.470507, 0.074822, 0.970226, 0.051379, -0.236684, -0.136908, 0.0, 0.0, 0.0, 1.0],
                [0.16478, 0.449559, 0.877921, 0.008857, 0.159488, -0.890522, 0.426074, 0.074822, 0.973349, 0.06981, -0.218439, -0.136908, 0.0, 0.0, 0.0, 1.0],
                [0.127393, 0.560964, 0.817981, 0.008857, 0.149785, -0.826125, 0.543218, 0.074822, 0.980475, 0.053319, -0.189266, -0.136908, 0.0, 0.0, 0.0, 1.0],
                [0.136158, 0.598471, 0.78949, 0.008857, 0.155419, -0.79995, 0.579593, 0.074822, 0.978418, 0.043786, -0.201933, -0.136908, 0.0, 0.0, 0.0, 1.0],
                [0.174324, 0.572021, 0.801501, 0.008857, 0.154925, -0.819762, 0.551354, 0.074822, 0.972422, 0.028059, -0.231525, -0.136908, 0.0, 0.0, 0.0, 1.0],
                [0.223637, 0.517908, 0.825687, 0.008856, 0.143231, -0.855411, 0.497755, 0.074822, 0.964089, 0.006947, -0.265482, -0.136908, 0.0, 0.0, 0.0, 1.0],
                [0.281015, 0.421823, 0.86203, 0.008856, 0.112033, -0.906506, 0.407062, 0.074822, 0.95314, -0.017815, -0.302, -0.136908, 0.0, 0.0, 0.0, 1.0],
                [0.338989, 0.281926, 0.897555, 0.008857, 0.064738, -0.958775, 0.276704, 0.074822, 0.938558, -0.035693, -0.343265, -0.136908, 0.0, 0.0, 0.0, 1.0],
                [0.385646, 0.10194, 0.916998, 0.008857, 0.008027, -0.994213, 0.107148, 0.074822, 0.92261, -0.033961, -0.384232, -0.136908, 0.0, 0.0, 0.0, 1.0],
                [0.393724, -0.090373, 0.914775, 0.008857, -0.044724, -0.995863, -0.079134, 0.074822, 0.918138, -0.009755, -0.396136, -0.136908, 0.0, 0.0, 0.0, 1.0],
                [0.378719, -0.255013, 0.889686, 0.008857, -0.076364, -0.966625, -0.244558, 0.074822, 0.922354, 0.024679, -0.385553, -0.136908, 0.0, 0.0, 0.0, 1.0],
                [0.378719, -0.255013, 0.889686, 0.008857, -0.076364, -0.966625, -0.244558, 0.074822, 0.922354, 0.024679, -0.385553, -0.136908, 0.0, 0.0, 0.0, 1.0]
            ]
        },
        {
            "name": "Leg_L",
            "time": [0.0, 0.0167, 0.0333, 0.05, 0.0667, 0.0833, 0.1, 0.1167, 0.1333, 0.15, 0.1667, 0.1833, 0.2, 0.2167, 0.2333, 0.25, 0.2667, 0.2833, 0.3, 0.3167, 0.3333, 0.35, 0.3667, 0.3833, 0.4, 0.4167, 0.4333, 0.45, 0.4667, 0.4833, 0.5, 0.5167, 0.5333, 0.55, 0.5667],
            "transform": [
                [0.999998, -0.0, -0.0, -0.0, 0.0, 0.953187, 0.302377, 0.37472, 0.0, -0.302375, 0.953192, 0.0, 0.0, 0.0, 0.0, 1.0],
                [0.999998, -0.0, -0.0, 0.0, 0.0, 0.936858, 0.349705, 0.37472, -0.0, -0.349704, 0.936863, -0.0, 0.0, 0.0, 0.0, 1.0],
                [0.999998, -0.0, 0.0, 0.0, 0.0, 0.889251, 0.457418, 0.37472, 0.0, -0.457416, 0.889255, 0.0, 0.0, 0.0, 0.0, 1.0],
                [0.999998, -0.0, -0.0, 0.0, 0.0, 0.740186, 0.672403, 0.37472, 0.0, -0.672401, 0.740189, -0.0, 0.0, 0.0, 0.0, 1.0],
                [0.999998, -0.0, -0.0, 0.0, 0.0, 0.428583, 0.903504, 0.37472, -0.0, -0.903503, 0.428583, -0.0, 0.0, 0.0, 0.0, 1.0],
                [0.999998, 0.0, -0.0, 0.0, 0.0, 0.141081, 0.989999, 0.37472, 0.0, -0.989999, 0.141081, -0.0, 0.0, 0.0, 0.0, 1.0],
                [0.999998, 0.0, -0.0, -0.0, 0.0, -0.105873, 0.99438, 0.37472, 0.0, -0.994381, -0.105873, 0.0, 0.0, 0.0, 0.0, 1.0],
                [0.999998, 0.0, -0.0, 0.0, 0.0, -0.351897, 0.936039, 0.37472, 0.0, -0.936039, -0.351897, -0.0, 0.0, 0.0, 0.0, 1.0],
                [0.999998, -0.0, -0.0, 0.0, 0.0, -0.558087, 0.829783, 0.37472, -0.0, -0.829783, -0.558088, -0.0, 0.0, 0.0, 0.0, 1.0],
                [0.999998, 0.0, -0.0, 0.0, 0.0, -0.692635, 0.72129, 0.37472, 0.0, -0.721288, -0.692637, 0.0, 0.0, 0.0, 0.0, 1.0],
                [0.999998, 0.0, -0.0, -0.0, 0.0, -0.800167, 0.599778, 0.37472, -0.0, -0.599776, -0.80017, -0.0, 0.0, 0.0, 0.0, 1.0],
                [0.999998, 0.0, -0.0, -0.0, 0.0, -0.796849, 0.604179, 0.37472, -0.0, -0.604177, -0.796852, 0.0, 0.0, 0.0, 0.0, 1.0],
                [0.999998, 0.0, 0.0, 0.0, 0.0, -0.799462, 0.600716, 0.37472, 0.0, -0.600714, -0.799465, -0.0, 0.0, 0.0, 0.0, 1.0],
                [0.999998, -0.0, -0.0, 0.0, -0.0, -0.729162, 0.684342, 0.37472, -0.0, -0.68434, -0.729165, -0.0, 0.0, 0.0, 0.0, 1.0],
                [0.999998, -0.0, -0.0, -0.0, 0.0, -0.618173, 0.786043, 0.37472, -0.0, -0.786042, -0.618174, 0.0, 0.0, 0.0, 0.0, 1.0],
                [0.999998, 0.0, -0.0, 0.0, 0.0, -0.548277, 0.836298, 0.37472, 0.0, -0.836297, -0.548278, -0.0, 0.0, 0.0, 0.0, 1.0],
                [0.999998, 0.0, -0.0, 0.0, 0.0, -0.502123, 0.864797, 0.37472, 0.0, -0.864796, -0.502124, 0.0, 0.0, 0.0, 0.0, 1.0],
                [0.999998, 0.0, -0.0, 0.0, 0.0, -0.40031, 0.916381, 0.37472, 0.0, -0.91638, -0.40031, -0.0, 0.0, 0.0, 0.0, 1.0],
                [0.999998, 0.0, -0.0, 0.0, 0.0, -0.22244, 0.974947, 0.37472, 0.0, -0.974947, -0.22244, 0.0, 0.0, 0.0, 0.0, 1.0],
                [0.999998, 0.0, -0.0, 0.0, 0.0, 0.012506, 0.999922, 0.37472, 0.0, -0.999923, 0.012506, 0.0, 0.0, 0.0, 0.0, 1.0],
                [0.999998, -0.0, -0.0, 0.0, 0.0, 0.415474, 0.909606, 0.37472, 0.0, -0.909606, 0.415474, 0.0, 0.0, 0.0, 0.0, 1.0],
                [0.999998, -0.0, -0.0, -0.0, 0.0, 0.7585, 0.651673, 0.37472, 0.0, -0.651672, 0.758502, -0.0, 0.0, 0.0, 0.0, 1.0],
                [0.999998, 0.0, -0.0, 0.0, -0.0, 0.944532, 0.328417, 0.37472, 0.0, -0.328415, 0.944536, 0.0, 0.0, 0.0, 0.0, 1.0],
                [0.999998, -0.0, -0.0, 0.0, 0.0, 0.987137, 0.159864, 0.37472, 0.0, -0.159863, 0.987142, -0.0, 0.0, 0.0, 0.0, 1.0],
                [0.999999, -0.0, -0.0, -0.0, 0.0, 0.985222, 0.171274, 0.37472, 0.0, -0.171273, 0.985227, -0.0, 0.0, 0.0, 0.0, 1.0],
                [0.999998, -0.0, -0.0, 0.0, 0.0, 0.849815, 0.52708, 0.37472, 0.0, -0.527078, 0.849819, 0.0, 0.0, 0.0, 0.0, 1.0],
                [0.999998, -0.0, -0.0, -0.0, 0.0, 0.683027, 0.730395, 0.37472, -0.0, -0.730393, 0.683028, -0.0, 0.0, 0.0, 0.0, 1.0],
                [0.999998, -0.0, -0.0, -0.0, 0.0, 0.578222, 0.815881, 0.37472, -0.0, -0.815879, 0.578223, 0.0, 0.0, 0.0, 0.0, 1.0],
                [0.999998, -0.0, -0.0, -0.0, 0.0, 0.506407, 0.862295, 0.37472, -0.0, -0.862294, 0.506408, 0.0, 0.0, 0.0, 0.0, 1.0],
                [0.999998, 0.0, -0.0, 0.0, 0.0, 0.479667, 0.877451, 0.37472, 0.0, -0.877451, 0.479667, 0.0, 0.0, 0.0, 0.0, 1.0],
                [0.999998, -0.0, -0.0, 0.0, 0.0, 0.509746, 0.860326, 0.37472, 0.0, -0.860325, 0.509747, -0.0, 0.0, 0.0, 0.0, 1.0],
                [0.999998, -0.0, -0.0, 0.0, 0.0, 0.608667, 0.793427, 0.37472, -0.0, -0.793426, 0.608668, 0.0, 0.0, 0.0, 0.0, 1.0],
                [0.999999, 0.0, -0.0, -0.0, 0.0, 0.744771, 0.667321, 0.37472, 0.0, -0.667319, 0.744773, 0.0, 0.0, 0.0, 0.0, 1.0],
                [0.999999, -0.0, -0.0, 0.0, 0.0, 0.834328, 0.551269, 0.37472, 0.0, -0.551267, 0.834331, -0.0, 0.0, 0.0, 0.0, 1.0],
                [0.999999, -0.0, -0.0, 0.0, 0.0, 0.834328, 0.551269, 0.37472, 0.0, -0.551267, 0.834331, -0.0, 0.0, 0.0, 0.0, 1.0]
            ]
        },
        {
            "name": "Knee_L",
            "time": [0.0, 0.5667],
            "transform": [
                [1.0, 0.0, -0.0, -0.0, -0.0, 1e-06, -1.0, 0.37472, -0.0, 1.0, 1e-06, 0.0, 0.0, 0.0, 0.0, 1.0],
                [1.0, 0.0, -0.0, 0.0, -0.0, 1e-06, -1.0, 0.37472, -0.0, 1.0, 1e-06, -0.0, 0.0, 0.0, 0.0, 1.0]
            ]
        },
        {
            "name": "Torso",
            "time": [0.0, 0.0167, 0.0333, 0.05, 0.0667, 0.0833, 0.1, 0.1167, 0.1333, 0.15, 0.1667, 0.1833, 0.2, 0.2167, 0.2333, 0.25, 0.2667, 0.2833, 0.3, 0.3167, 0.3333, 0.35, 0.3667, 0.3833, 0.4, 0.4167, 0.4333, 0.45, 0.4667, 0.4833, 0.5, 0.5167, 0.5333, 0.55, 0.5667],
            "transform": [
                [0.178677, 0.655402, -0.733839, 0.0, -0.016282, 0.747708, 0.663826, 0.05, 0.983773, -0.106663, 0.14427, -0.0, 0.0, 0.0, 0.0, 1.0],
                [0.16268, 0.642661, -0.748678, 0.0, 0.00252, 0.758512, 0.651652, 0.05, 0.986676, -0.107897, 0.121776, -0.0, 0.0, 0.0, 0.0, 1.0],
                [0.146414, 0.632023, -0.760991, 0.0, 0.014516, 0.767825, 0.640493, 0.05, 0.989118, -0.104823, 0.103246, -0.0, 0.0, 0.0, 0.0, 1.0],
                [0.121949, 0.625698, -0.770472, 0.0, 0.017325, 0.774805, 0.63196, 0.05, 0.992385, -0.090415, 0.083647, -0.0, 0.0, 0.0, 0.0, 1.0],
                [0.090462, 0.620889, -0.778659, 0.0, 0.016223, 0.780842, 0.624516, 0.05, 0.995768, -0.069127, 0.060564, -0.0, 0.0, 0.0, 0.0, 1.0],
                [0.053044, 0.614122, -0.787425, 0.0, 0.020151, 0.787715, 0.615707, 0.05, 0.998389, -0.048528, 0.029409, -0.0, 0.0, 0.0, 0.0, 1.0],
                [0.015582, 0.612324, -0.790452, 0.0, 0.026374, 0.79002, 0.612511, 0.05, 0.999531, -0.030392, -0.003839, -0.0, 0.0, 0.0, 0.0, 1.0],
                [-0.024197, 0.615009, -0.788147, 0.0, 0.035718, 0.788405, 0.614116, 0.05, 0.999069, -0.013291, -0.041044, -0.0, 0.0, 0.0, 0.0, 1.0],
                [-0.060878, 0.625994, -0.777446, 0.0, 0.050475, 0.779824, 0.623958, 0.05, 0.996869, -0.001256, -0.079071, -0.0, 0.0, 0.0, 0.0, 1.0],
                [-0.091774, 0.642248, -0.760981, 0.0, 0.088196, 0.766445, 0.636224, 0.05, 0.991867, -0.008727, -0.126984, -0.0, 0.0, 0.0, 0.0, 1.0],
                [-0.118233, 0.662698, -0.739492, 0.0, 0.122143, 0.748766, 0.651481, 0.05, 0.985445, -0.013297, -0.169473, -0.0, 0.0, 0.0, 0.0, 1.0],
                [-0.142786, 0.673429, -0.725329, 0.0, 0.138886, 0.739219, 0.658986, 0.05, 0.979961, -0.006644, -0.19908, -0.0, 0.0, 0.0, 0.0, 1.0],
                [-0.157519, 0.67397, -0.721768, 0.0, 0.132312, 0.738705, 0.660912, 0.05, 0.978612, 0.008607, -0.205535, -0.0, 0.0, 0.0, 0.0, 1.0],
                [-0.166703, 0.669115, -0.724219, 0.0, 0.112869, 0.742617, 0.660135, 0.05, 0.979527, 0.028305, -0.199319, -0.0, 0.0, 0.0, 0.0, 1.0],
                [-0.170206, 0.657138, -0.7343, 0.0, 0.086139, 0.752242, 0.653229, 0.05, 0.981637, 0.047932, -0.184641, -0.0, 0.0, 0.0, 0.0, 1.0],
                [-0.169295, 0.643799, -0.74623, 0.0, 0.052457, 0.761972, 0.64548, 0.05, 0.984169, 0.070131, -0.16277, -0.0, 0.0, 0.0, 0.0, 1.0],
                [-0.159502, 0.629382, -0.760549, 0.0, 0.014022, 0.771777, 0.635735, 0.05, 0.987099, 0.090737, -0.131925, -0.0, 0.0, 0.0, 0.0, 1.0],
                [-0.141506, 0.61445, -0.77616, 0.0, -0.021648, 0.781941, 0.622974, 0.05, 0.989701, 0.104957, -0.097348, -0.0, 0.0, 0.0, 0.0, 1.0],
                [-0.116199, 0.600494, -0.79114, 0.0, -0.055255, 0.791393, 0.608803, 0.05, 0.991688, 0.114456, -0.058779, -0.0, 0.0, 0.0, 0.0, 1.0],
                [-0.085315, 0.583784, -0.807412, 0.0, -0.082031, 0.803499, 0.589624, 0.05, 0.992972, 0.116536, -0.020662, -0.0, 0.0, 0.0, 0.0, 1.0],
                [-0.043161, 0.565307, -0.823749, 0.0, -0.095442, 0.818412, 0.566647, 0.05, 0.994499, 0.103077, 0.018631, -0.0, 0.0, 0.0, 0.0, 1.0],
                [-0.003054, 0.548491, -0.836149, 0.0, -0.094837, 0.832225, 0.546264, 0.05, 0.995488, 0.080966, 0.049476, -0.0, 0.0, 0.0, 0.0, 1.0],
                [0.03861, 0.536885, -0.84277, 0.0, -0.095534, 0.841518, 0.531712, 0.05, 0.994677, 0.059984, 0.083782, -0.0, 0.0, 0.0, 0.0, 1.0],
                [0.078336, 0.531367, -0.843511, 0.0, -0.103578, 0.845869, 0.523234, 0.05, 0.991532, 0.046381, 0.1213, -0.0, 0.0, 0.0, 0.0, 1.0],
                [0.114149, 0.535396, -0.83685, 0.0, -0.113846, 0.843856, 0.52435, 0.05, 0.986919, 0.035418, 0.157278, -0.0, 0.0, 0.0, 0.0, 1.0],
                [0.147359, 0.549629, -0.822308, 0.0, -0.121427, 0.835147, 0.536452, 0.05, 0.981602, 0.020799, 0.189806, -0.0, 0.0, 0.0, 0.0, 1.0],
                [0.176432, 0.566933, -0.804646, 0.0, -0.137931, 0.823643, 0.550076, 0.05, 0.974601, 0.013934, 0.223515, -0.0, 0.0, 0.0, 0.0, 1.0],
                [0.196317, 0.595442, -0.779042, 0.0, -0.166314, 0.80321, 0.572005, 0.05, 0.966333, 0.017272, 0.256714, -0.0, 0.0, 0.0, 0.0, 1.0],
                [0.212624, 0.625534, -0.750664, 0.0, -0.172993, 0.780192, 0.601141, 0.05, 0.961699, 0.002043, 0.274101, -0.0, 0.0, 0.0, 0.0, 1.0],
                [0.22388, 0.646892, -0.728976, 0.0, -0.159637, 0.762199, 0.627348, 0.05, 0.961455, -0.024079, 0.273909, -0.0, 0.0, 0.0, 0.0, 1.0],
                [0.227102, 0.660489, -0.715665, 0.0, -0.13743, 0.749247, 0.647872, 0.05, 0.964126, -0.048779, 0.260927, -0.0, 0.0, 0.0, 0.0, 1.0],
                [0.222877, 0.666896, -0.711036, 0.0, -0.105722, 0.741615, 0.66244, 0.05, 0.969097, -0.07247, 0.235794, -0.0, 0.0, 0.0, 0.0, 1.0],
                [0.213354, 0.669092, -0.711894, 0.0, -0.072519, 0.737507, 0.671433, 0.05, 0.97428, -0.091627, 0.205872, -0.0, 0.0, 0.0, 0.0, 1.0],
                [0.197267, 0.66702, -0.718448, 0.0, -0.044329, 0.738167, 0.673157, 0.05, 0.979347, -0.100944, 0.175185, -0.0, 0.0, 0.0, 0.0, 1.0],
                [0.197267, 0.66702, -0.718448, 0.0, -0.044329, 0.738167, 0.673157, 0.05, 0.979347, -0.100944, 0.175185, -0.0, 0.0, 0.0, 0.0, 1.0]
            ]
        },
        {
            "name": "Chest",
            "time": [0.0, 0.0167, 0.0333, 0.05, 0.0667, 0.0833, 0.1, 0.1167, 0.1333, 0.15, 0.1667, 0.1833, 0.2, 0.2167, 0.2333, 0.25, 0.2667, 0.2833, 0.3, 0.3167, 0.3333, 0.35, 0.3667, 0.3833, 0.4, 0.4167, 0.4333, 0.45, 0.4667, 0.4833, 0.5, 0.5167, 0.5333, 0.55, 0.5667],
            "transform": [
                [0.934381, 0.186259, -0.303714, 0.0, -0.117328, 0.965775, 0.231322, 0.3, 0.336406, -0.180509, 0.924255, 0.0, 0.0, 0.0, 0.0, 1.0],
                [0.911768, 0.234791, -0.336976, -0.0, -0.152947, 0.955571, 0.25197, 0.3, 0.381166, -0.178199, 0.90717, 0.0, 0.0, 0.0, 0.0, 1.0],
                [0.893372, 0.263331, -0.364067, -0.0, -0.170611, 0.948384, 0.267315, 0.3, 0.415669, -0.176698, 0.892186, 0.0, 0.0, 0.0, 0.0, 1.0],
                [0.885213, 0.271059, -0.378057, 0.0, -0.171918, 0.945783, 0.275567, 0.3, 0.432256, -0.17894, 0.883819, 0.0, 0.0, 0.0, 0.0, 1.0],
                [0.887882, 0.2683, -0.37374, 0.0, -0.168872, 0.945702, 0.277718, 0.3, 0.42796, -0.183466, 0.88498, 0.0, 0.0, 0.0, 0.0, 1.0],
                [0.900383, 0.260867, -0.348226, -0.0, -0.166837, 0.946152, 0.277417, 0.3, 0.401844, -0.191684, 0.895421, -0.0, 0.0, 0.0, 0.0, 1.0],
                [0.915622, 0.254122, -0.311545, 0.0, -0.170316, 0.947108, 0.271987, 0.3, 0.364186, -0.195976, 0.910473, 0.0, 0.0, 0.0, 0.0, 1.0],
                [0.934786, 0.235535, -0.265896, 0.0, -0.16603, 0.951464, 0.259129, 0.3, 0.314025, -0.198083, 0.928521, 0.0, 0.0, 0.0, 0.0, 1.0],
                [0.954434, 0.214565, -0.207411, -0.0, -0.163317, 0.95725, 0.238741, 0.3, 0.24977, -0.193989, 0.948674, -0.0, 0.0, 0.0, 0.0, 1.0],
                [0.969452, 0.207169, -0.131322, -0.0, -0.174189, 0.958413, 0.226057, 0.3, 0.172693, -0.196276, 0.965221, -0.0, 0.0, 0.0, 0.0, 1.0],
                [0.98099, 0.18249, -0.066014, -0.0, -0.165417, 0.964193, 0.207286, 0.3, 0.101478, -0.192426, 0.97605, -0.0, 0.0, 0.0, 0.0, 1.0],
                [0.989665, 0.143393, 0.001957, 0.0, -0.141012, 0.970569, 0.195214, 0.3, 0.026093, -0.193472, 0.980758, 0.0, 0.0, 0.0, 0.0, 1.0],
                [0.993609, 0.097251, 0.057313, 0.0, -0.106427, 0.976298, 0.188451, 0.3, -0.037628, -0.193346, 0.980409, 0.0, 0.0, 0.0, 0.0, 1.0],
                [0.993626, 0.044827, 0.103443, 0.0, -0.063428, 0.980837, 0.184212, 0.3, -0.093203, -0.189599, 0.977428, -0.0, 0.0, 0.0, 0.0, 1.0],
                [0.99002, -0.011494, 0.140467, -0.0, -0.016272, 0.98068, 0.194934, 0.3, -0.139994, -0.195273, 0.970706, 0.0, 0.0, 0.0, 0.0, 1.0],
                [0.982561, -0.072237, 0.171343, -0.0, 0.034601, 0.976391, 0.21322, 0.3, -0.182701, -0.203573, 0.961862, 0.0, 0.0, 0.0, 0.0, 1.0],
                [0.969546, -0.13464, 0.204586, 0.0, 0.084305, 0.967755, 0.237362, 0.3, -0.229948, -0.212885, 0.949634, 0.0, 0.0, 0.0, 0.0, 1.0],
                [0.952621, -0.191966, 0.235933, -0.0, 0.127133, 0.955967, 0.264501, 0.3, -0.276321, -0.221974, 0.93508, 0.0, 0.0, 0.0, 0.0, 1.0],
                [0.935002, -0.235111, 0.265509, 0.0, 0.155742, 0.944819, 0.288199, 0.3, -0.318618, -0.228116, 0.920025, 0.0, 0.0, 0.0, 0.0, 1.0],
                [0.920487, -0.262316, 0.289646, 0.0, 0.167731, 0.934675, 0.313442, 0.3, -0.352947, -0.239937, 0.904355, 0.0, 0.0, 0.0, 0.0, 1.0],
                [0.915552, -0.262021, 0.30514, 0.0, 0.153101, 0.928603, 0.338016, 0.3, -0.371922, -0.262754, 0.8903, 0.0, 0.0, 0.0, 0.0, 1.0],
                [0.918938, -0.253054, 0.30252, 0.0, 0.137232, 0.924251, 0.356268, 0.3, -0.36976, -0.285872, 0.884056, 0.0, 0.0, 0.0, 0.0, 1.0],
                [0.928292, -0.241795, 0.282508, -0.0, 0.128505, 0.921515, 0.366462, 0.3, -0.348945, -0.30388, 0.886507, -0.0, 0.0, 0.0, 0.0, 1.0],
                [0.940467, -0.235105, 0.245456, -0.0, 0.133793, 0.919941, 0.368518, 0.3, -0.312447, -0.313738, 0.89663, -0.0, 0.0, 0.0, 0.0, 1.0],
                [0.953912, -0.230176, 0.192541, -0.0, 0.147983, 0.918986, 0.365463, 0.3, -0.261064, -0.320127, 0.910694, 0.0, 0.0, 0.0, 0.0, 1.0],
                [0.968691, -0.212448, 0.128471, 0.0, 0.156485, 0.924193, 0.348393, 0.3, -0.192747, -0.317381, 0.928503, 0.0, 0.0, 0.0, 0.0, 1.0],
                [0.979835, -0.194093, 0.047461, 0.0, 0.16795, 0.928697, 0.330625, 0.3, -0.108249, -0.315986, 0.942568, 0.0, 0.0, 0.0, 0.0, 1.0],
                [0.982381, -0.18353, -0.035313, 0.0, 0.185151, 0.929905, 0.317795, 0.3, -0.025487, -0.318733, 0.947501, 0.0, 0.0, 0.0, 0.0, 1.0],
                [0.985191, -0.140028, -0.09896, -0.0, 0.163971, 0.938159, 0.30491, 0.3, 0.050145, -0.316621, 0.947226, -0.0, 0.0, 0.0, 0.0, 1.0],
                [0.985481, -0.082159, -0.148589, -0.0, 0.123222, 0.948143, 0.292983, 0.3, 0.116812, -0.307039, 0.944501, 0.0, 0.0, 0.0, 0.0, 1.0],
                [0.982686, -0.025749, -0.183488, -0.0, 0.078149, 0.955501, 0.284444, 0.3, 0.167999, -0.293858, 0.940969, 0.0, 0.0, 0.0, 0.0, 1.0],
                [0.977955, 0.030594, -0.206567, -0.0, 0.027702, 0.961458, 0.273548, 0.3, 0.206975, -0.273239, 0.939415, -0.0, 0.0, 0.0, 0.0, 1.0],
                [0.96861, 0.083494, -0.23415, -0.0, -0.023418, 0.968366, 0.248428, 0.3, 0.247486, -0.235146, 0.939924, 0.0, 0.0, 0.0, 0.0, 1.0],
                [0.953784, 0.132573, -0.269671, -0.0, -0.071207, 0.97157, 0.225787, 0.3, 0.291938, -0.196149, 0.936108, 0.0, 0.0, 0.0, 0.0, 1.0],
                [0.953784, 0.132573, -0.269671, -0.0, -0.071207, 0.97157, 0.225787, 0.3, 0.291938, -0.196149, 0.936108, 0.0, 0.0, 0.0, 0.0, 1.0]
            ]
        },
        {
            "name": "Head",
            "time": [0.0, 0.0167, 0.0333, 0.05, 0.0667, 0.0833, 0.1, 0.1167, 0.1333, 0.15, 0.1667, 0.1833, 0.2, 0.2167, 0.2333, 0.25, 0.2667, 0.2833, 0.3, 0.3167, 0.3333, 0.35, 0.3667, 0.3833, 0.4, 0.4167, 0.4333, 0.45, 0.4667, 0.4833, 0.5, 0.5167, 0.5333, 0.55, 0.5667],
            "transform": [
                [0.981559, 0.071454, 0.177294, -0.0, -0.013156, 0.950559, -0.310262, 0.4, -0.190697, 0.302207, 0.933974, -0.0, 0.0, 0.0, 0.0, 1.0],
                [0.964968, 0.042777, 0.258852, -0.0, 0.035419, 0.956345, -0.290083, 0.4, -0.25996, 0.289089, 0.921331, -0.0, 0.0, 0.0, 0.0, 1.0],
                [0.950701, 0.033807, 0.308257, -0.0, 0.056953, 0.958095, -0.280728, 0.4, -0.30483, 0.284444, 0.90894, -0.0, 0.0, 0.0, 0.0, 1.0],
                [0.941196, 0.030293, 0.336498, -0.0, 0.068481, 0.958193, -0.277804, 0.4, -0.330845, 0.284511, 0.899775, -0.0, 0.0, 0.0, 0.0, 1.0],
                [0.935149, 0.01536, 0.35392, 0.0, 0.087408, 0.958165, -0.272539, 0.4, -0.3433, 0.2858, 0.894687, -0.0, 0.0, 0.0, 0.0, 1.0],
                [0.9322, -0.003872, 0.361921, 0.0, 0.108023, 0.957345, -0.267992, 0.4, -0.345445, 0.288917, 0.892858, -0.0, 0.0, 0.0, 0.0, 1.0],
                [0.932704, -0.025648, 0.359728, 0.0, 0.128196, 0.9559, -0.264234, 0.4, -0.337086, 0.292567, 0.894862, 0.0, 0.0, 0.0, 0.0, 1.0],
                [0.935196, -0.038668, 0.35201, -0.0, 0.140247, 0.953185, -0.267895, 0.4, -0.325171, 0.299902, 0.896841, -0.0, 0.0, 0.0, 0.0, 1.0],
