{
    "animation": [
        {
            "name": "Root",
            "time": [0.0, 0.0167, 0.0333, 0.05, 0.0667, 0.0833, 0.1, 0.1167, 0.1333, 0.15, 0.1667, 0.1833, 0.2, 0.2167, 0.2333, 0.25, 0.2667, 0.2833, 0.3, 0.3167, 0.3333, 0.35, 0.3667, 0.3833, 0.4, 0.4167, 0.4333, 0.45, 0.4667, 0.4833, 0.5, 0.5167, 0.5333, 0.55, 0.5667, 0.5833, 0.6, 0.6167, 0.6333, 0.65, 0.6667, 0.6833, 0.7, 0.7167, 0.7333, 0.75, 0.7667, 0.7833, 0.8, 0.8167, 0.8333, 0.85, 0.8667, 0.8833, 0.9, 0.9167, 0.9333, 0.95, 0.9667, 0.9833, 1.0, 1.0167],
            "transform": [
                [-0.0, 0.0, 0.999999, -2.2e-05, 0.999999, -0.0, 0.0, 4e-05, 0.0, 1.0, -0.0, 0.554962, 0.0, 0.0, 0.0, 1.0],
                [-0.0, 0.0, 0.999999, -2.2e-05, 0.999999, -0.0, 0.0, 4e-05, 0.0, 1.0, -0.0, 0.554962, 0.0, 0.0, 0.0, 1.0],
                [-0.0, 0.0, 0.999999, -2.2e-05, 0.999999, -0.0, 0.0, 4e-05, 0.0, 1.0, -0.0, 0.554962, 0.0, 0.0, 0.0, 1.0],
                [-0.0, 0.0, 0.999999, -2.2e-05, 0.999999, -0.0, 0.0, 4e-05, 0.0, 1.0, -0.0, 0.554962, 0.0, 0.0, 0.0, 1.0],
                [-0.0, 0.0, 0.999999, -2.2e-05, 0.999999, -0.0, 0.0, 4e-05, 0.0, 1.0, -0.0, 0.554962, 0.0, 0.0, 0.0, 1.0],
                [-0.0, 0.0, 0.999999, -2.2e-05, 0.999999, -0.0, 0.0, 4e-05, 0.0, 1.0, -0.0, 0.554962, 0.0, 0.0, 0.0, 1.0],
                [-0.0, 0.0, 0.999999, -2.2e-05, 0.999999, -0.0, 0.0, 4e-05, 0.0, 1.0, -0.0, 0.554962, 0.0, 0.0, 0.0, 1.0],
                [-0.0, 0.0, 0.999999, -2.2e-05, 0.999999, -0.0, 0.0, 4e-05, 0.0, 1.0, -0.0, 0.554962, 0.0, 0.0, 0.0, 1.0],
                [-0.0, 0.0, 0.999999, -2.2e-05, 0.999999, -0.0, 0.0, 4e-05, 0.0, 1.0, -0.0, 0.554962, 0.0, 0.0, 0.0, 1.0],
                [-0.0, 0.0, 0.999999, -2.2e-05, 0.999999, -0.0, 0.0, 4e-05, 0.0, 1.0, -0.0, 0.554962, 0.0, 0.0, 0.0, 1.0],
                [-0.0, 0.0, 0.999999, -2.2e-05, 0.999999, -0.0, 0.0, 4e-05, 0.0, 1.0, -0.0, 0.554962, 0.0, 0.0, 0.0, 1.0],
                [-0.0, 0.0, 0.999999, -2.2e-05, 0.999999, -0.0, 0.0, 4e-05, 0.0, 1.0, -0.0, 0.554962, 0.0, 0.0, 0.0, 1.0],
                [-0.0, 0.0, 0.999999, -2.2e-05, 0.999999, -0.0, 0.0, 4e-05, 0.0, 1.0, -0.0, 0.554962, 0.0, 0.0, 0.0, 1.0],
                [-0.0, 0.0, 0.999999, -2.2e-05, 0.999999, -0.0, 0.0, 4e-05, 0.0, 1.0, -0.0, 0.554962, 0.0, 0.0, 0.0, 1.0],
                [-0.0, 0.0, 0.999999, -2.2e-05, 0.999999, -0.0, 0.0, 4e-05, 0.0, 1.0, -0.0, 0.554962, 0.0, 0.0, 0.0, 1.0],
                [-0.0, 0.0, 0.999999, -2.2e-05, 0.999999, -0.0, 0.0, 4e-05, 0.0, 1.0, -0.0, 0.554962, 0.0, 0.0, 0.0, 1.0],
                [-0.0, 0.0, 0.999999, -2.2e-05, 0.999999, -0.0, 0.0, 4e-05, 0.0, 1.0, -0.0, 0.554962, 0.0, 0.0, 0.0, 1.0],
                [-0.0, 0.0, 0.999999, -2.2e-05, 0.999999, -0.0, 0.0, 4e-05, 0.0, 1.0, -0.0, 0.554962, 0.0, 0.0, 0.0, 1.0],
                [-0.0, 0.0, 0.999999, -2.2e-05, 0.999999, -0.0, 0.0, 4e-05, 0.0, 1.0, -0.0, 0.554962, 0.0, 0.0, 0.0, 1.0],
                [-0.0, 0.0, 0.999999, -2.2e-05, 0.999999, -0.0, 0.0, 4e-05, 0.0, 1.0, -0.0, 0.554962, 0.0, 0.0, 0.0, 1.0],
                [-0.0, 0.0, 0.999999, -2.2e-05, 0.999999, -0.0, 0.0, 4e-05, 0.0, 1.0, -0.0, 0.554962, 0.0, 0.0, 0.0, 1.0],
                [-0.0, 0.0, 0.999999, -2.2e-05, 0.999999, -0.0, 0.0, 4e-05, 0.0, 1.0, -0.0, 0.554962, 0.0, 0.0, 0.0, 1.0],
                [-0.0, 0.0, 0.999999, -2.2e-05, 0.999999, -0.0, 0.0, 4e-05, 0.0, 1.0, -0.0, 0.554962, 0.0, 0.0, 0.0, 1.0],
                [-0.0, 0.0, 0.999999, -2.2e-05, 0.999999, -0.0, 0.0, 4e-05, 0.0, 1.0, -0.0, 0.554962, 0.0, 0.0, 0.0, 1.0],
                [-0.0, 0.0, 0.999999, -2.2e-05, 0.999999, -0.0, 0.0, 4e-05, 0.0, 1.0, -0.0, 0.554962, 0.0, 0.0, 0.0, 1.0],
                [-0.0, 0.0, 0.999999, -2.2e-05, 0.999999, -0.0, 0.0, 4e-05, 0.0, 1.0, -0.0, 0.554962, 0.0, 0.0, 0.0, 1.0],
                [-0.0, 0.0, 0.999999, -2.2e-05, 0.999999, -0.0, 0.0, 4e-05, 0.0, 1.0, -0.0, 0.554962, 0.0, 0.0, 0.0, 1.0],
                [-0.0, 0.0, 0.999999, -2.2e-05, 0.999999, -0.0, 0.0, 4e-05, 0.0, 1.0, -0.0, 0.554962, 0.0, 0.0, 0.0, 1.0],
                [-0.0, 0.0, 0.999999, -2.2e-05, 0.999999, -0.0, 0.0, 4e-05, 0.0, 1.0, -0.0, 0.554962, 0.0, 0.0, 0.0, 1.0],
                [-0.0, 0.0, 0.999999, -2.2e-05, 0.999999, -0.0, 0.0, 4e-05, 0.0, 1.0, -0.0, 0.554962, 0.0, 0.0, 0.0, 1.0],
                [-0.0, 0.0, 0.999999, -2.2e-05, 0.999999, -0.0, 0.0, 4e-05, 0.0, 1.0, -0.0, 0.554962, 0.0, 0.0, 0.0, 1.0],
                [-0.0, 0.0, 0.999999, -2.2e-05, 0.999999, -0.0, 0.0, 4e-05, 0.0, 1.0, -0.0, 0.554962, 0.0, 0.0, 0.0, 1.0],
                [-0.0, 0.0, 0.999999, -2.2e-05, 0.999999, -0.0, 0.0, 4e-05, 0.0, 1.0, -0.0, 0.554962, 0.0, 0.0, 0.0, 1.0],
                [-0.0, 0.0, 0.999999, -2.2e-05, 0.999999, -0.0, 0.0, 4e-05, 0.0, 1.0, -0.0, 0.554962, 0.0, 0.0, 0.0, 1.0],
                [-0.0, 0.0, 0.999999, -2.2e-05, 0.999999, -0.0, 0.0, 4e-05, 0.0, 1.0, -0.0, 0.554962, 0.0, 0.0, 0.0, 1.0],
                [-0.0, 0.0, 0.999999, -2.2e-05, 0.999999, -0.0, 0.0, 4e-05, 0.0, 1.0, -0.0, 0.554962, 0.0, 0.0, 0.0, 1.0],
                [-0.0, 0.0, 0.999999, -2.2e-05, 0.999999, -0.0, 0.0, 4e-05, 0.0, 1.0, -0.0, 0.554962, 0.0, 0.0, 0.0, 1.0],
                [-0.0, 0.0, 0.999999, -2.2e-05, 0.999999, -0.0, 0.0, 4e-05, 0.0, 1.0, -0.0, 0.554962, 0.0, 0.0, 0.0, 1.0],
                [-0.0, 0.0, 0.999999, -2.2e-05, 0.999999, -0.0, 0.0, 4e-05, 0.0, 1.0, -0.0, 0.554962, 0.0, 0.0, 0.0, 1.0],
                [-0.0, 0.0, 0.999999, -2.2e-05, 0.999999, -0.0, 0.0, 4e-05, 0.0, 1.0, -0.0, 0.554962, 0.0, 0.0, 0.0, 1.0],
                [-0.0, 0.0, 0.999999, -2.2e-05, 0.999999, -0.0, 0.0, 4e-05, 0.0, 1.0, -0.0, 0.554962, 0.0, 0.0, 0.0, 1.0],
                [-0.0, 0.0, 0.999999, -2.2e-05, 0.999999, -0.0, 0.0, 4e-05, 0.0, 1.0, -0.0, 0.554962, 0.0, 0.0, 0.0, 1.0],
                [-0.0, 0.0, 0.999999, -2.2e-05, 0.999999, -0.0, 0.0, 4e-05, 0.0, 1.0, -0.0, 0.554962, 0.0, 0.0, 0.0, 1.0],
                [-0.0, 0.0, 0.999999, -2.2e-05, 0.999999, -0.0, 0.0, 4e-05, 0.0, 1.0, -0.0, 0.554962, 0.0, 0.0, 0.0, 1.0],
                [-0.0, 0.0, 0.999999, -2.2e-05, 0.999999, -0.0, 0.0, 4e-05, 0.0, 1.0, -0.0, 0.554962, 0.0, 0.0, 0.0, 1.0],
                [-0.0, 0.0, 0.999999, -2.2e-05, 0.999999, -0.0, 0.0, 4e-05, 0.0, 1.0, -0.0, 0.554962, 0.0, 0.0, 0.0, 1.0],
                [-0.0, 0.0, 0.999999, -2.2e-05, 0.999999, -0.0, 0.0, 4e-05, 0.0, 1.0, -0.0, 0.554962, 0.0, 0.0, 0.0, 1.0],
                [-0.0, 0.0, 0.999999, -2.2e-05, 0.999999, -0.0, 0.0, 4e-05, 0.0, 1.0, -0.0, 0.554962, 0.0, 0.0, 0.0, 1.0],
                [-0.0, 0.0, 0.999999, -2.2e-05, 0.999999, -0.0, 0.0, 4e-05, 0.0, 1.0, -0.0, 0.554962, 0.0, 0.0, 0.0, 1.0],
                [-0.0, 0.0, 0.999999, -2.2e-05, 0.999999, -0.0, 0.0, 4e-05, 0.0, 1.0, -0.0, 0.554962, 0.0, 0.0, 0.0, 1.0],
                [-0.0, 0.0, 0.999999, -2.2e-05, 0.999999, -0.0, 0.0, 4e-05, 0.0, 1.0, -0.0, 0.554962, 0.0, 0.0, 0.0, 1.0],
                [-0.0, 0.0, 0.999999, -2.2e-05, 0.999999, -0.0, 0.0, 4e-05, 0.0, 1.0, -0.0, 0.554962, 0.0, 0.0, 0.0, 1.0],
                [-0.0, 0.0, 0.999999, -2.2e-05, 0.999999, -0.0, 0.0, 4e-05, 0.0, 1.0, -0.0, 0.554962, 0.0, 0.0, 0.0, 1.0],
                [-0.0, 0.0, 0.999999, -2.2e-05, 0.999999, -0.0, 0.0, 4e-05, 0.0, 1.0, -0.0, 0.554962, 0.0, 0.0, 0.0, 1.0],
                [-0.0, 0.0, 0.999999, -2.2e-05, 0.999999, -0.0, 0.0, 4e-05, 0.0, 1.0, -0.0, 0.554962, 0.0, 0.0, 0.0, 1.0],
                [-0.0, 0.0, 0.999999, -2.2e-05, 0.999999, -0.0, 0.0, 4e-05, 0.0, 1.0, -0.0, 0.554962, 0.0, 0.0, 0.0, 1.0],
                [-0.0, 0.0, 0.999999, -2.2e-05, 0.999999, -0.0, 0.0, 4e-05, 0.0, 1.0, -0.0, 0.554962, 0.0, 0.0, 0.0, 1.0],
                [-0.0, 0.0, 0.999999, -2.2e-05, 0.999999, -0.0, 0.0, 4e-05, 0.0, 1.0, -0.0, 0.554962, 0.0, 0.0, 0.0, 1.0],
                [-0.0, 0.0, 0.999999, -2.2e-05, 0.999999, -0.0, 0.0, 4e-05, 0.0, 1.0, -0.0, 0.554962, 0.0, 0.0, 0.0, 1.0],
                [-0.0, 0.0, 0.999999, -2.2e-05, 0.999999, -0.0, 0.0, 4e-05, 0.0, 1.0, -0.0, 0.554962, 0.0, 0.0, 0.0, 1.0],
                [-0.0, 0.0, 0.999999, -2.2e-05, 0.999999, -0.0, 0.0, 4e-05, 0.0, 1.0, -0.0, 0.554962, 0.0, 0.0, 0.0, 1.0],
                [-0.0, 0.0, 0.999999, -2.2e-05, 0.999999, -0.0, 0.0, 4e-05, 0.0, 1.0, -0.0, 0.554962, 0.0, 0.0, 0.0, 1.0]
            ]
        },
        {
            "name": "Thigh_R",
            "time": [0.0, 0.0167, 0.0333, 0.05, 0.0667, 0.0833, 0.1, 0.1167, 0.1333, 0.15, 0.1667, 0.1833, 0.2, 0.2167, 0.2333, 0.25, 0.2667, 0.2833, 0.3, 0.3167, 0.3333, 0.35, 0.3667, 0.3833, 0.4, 0.4167, 0.4333, 0.45, 0.4667, 0.4833, 0.5, 0.5167, 0.5333, 0.55, 0.5667, 0.5833, 0.6, 0.6167, 0.6333, 0.65, 0.6667, 0.6833, 0.7, 0.7167, 0.7333, 0.75, 0.7667, 0.7833, 0.8, 0.8167, 0.8333, 0.85, 0.8667, 0.8833, 0.9, 0.9167, 0.9333, 0.95, 0.9667, 0.9833, 1.0, 1.0167],
            "transform": [
                [-0.034268, 0.495675, 0.867832, -0.015387, -0.004064, -0.868405, 0.495841, 0.058238, 0.999405, 0.013465, 0.031772, 0.115925, 0.0, 0.0, 0.0, 1.0],
                [-0.022356, 0.518188, 0.854975, -0.015387, -0.011758, -0.855267, 0.518056, 0.058238, 0.999682, 0.001529, 0.025213, 0.115925, 0.0, 0.0, 0.0, 1.0],
                [-0.007915, 0.541764, 0.840494, -0.015387, -0.016194, -0.84048, 0.541602, 0.058238, 0.999838, -0.009324, 0.015426, 0.115925, 0.0, 0.0, 0.0, 1.0],
                [0.007997, 0.560737, 0.827956, -0.015387, -0.018257, -0.827763, 0.560782, 0.058238, 0.999802, -0.0196, 0.003617, 0.115925, 0.0, 0.0, 0.0, 1.0],
                [0.022958, 0.575818, 0.817256, -0.015387, -0.018165, -0.817097, 0.576215, 0.058238, 0.999572, -0.028074, -0.008299, 0.115925, 0.0, 0.0, 0.0, 1.0],
                [0.036555, 0.589613, 0.806859, -0.015387, -0.014546, -0.807, 0.590374, 0.058238, 0.999226, -0.033318, -0.020924, 0.115925, 0.0, 0.0, 0.0, 1.0],
                [0.045419, 0.604735, 0.795131, -0.015387, -0.011665, -0.795578, 0.60574, 0.058238, 0.998901, -0.036787, -0.02908, 0.115925, 0.0, 0.0, 0.0, 1.0],
                [0.052768, 0.621578, 0.781574, -0.015387, -0.006662, -0.782429, 0.622706, 0.058238, 0.998585, -0.038066, -0.037146, 0.115925, 0.0, 0.0, 0.0, 1.0],
                [0.058252, 0.62697, 0.776863, -0.015387, -0.00486, -0.777998, 0.628249, 0.058238, 0.998291, -0.040373, -0.042273, 0.115925, 0.0, 0.0, 0.0, 1.0],
                [0.062182, 0.620018, 0.782121, -0.015387, -0.005244, -0.783424, 0.621467, 0.058238, 0.998052, -0.042745, -0.045463, 0.115925, 0.0, 0.0, 0.0, 1.0],
                [0.064119, 0.59111, 0.804039, -0.015387, -0.007461, -0.805391, 0.592698, 0.058238, 0.997915, -0.044002, -0.047231, 0.115925, 0.0, 0.0, 0.0, 1.0],
                [0.06699, 0.566275, 0.82149, -0.015387, -0.012338, -0.822807, 0.568188, 0.058238, 0.997678, -0.048198, -0.048134, 0.115925, 0.0, 0.0, 0.0, 1.0],
                [0.071117, 0.58075, 0.81097, -0.015387, -0.018722, -0.812109, 0.583207, 0.058238, 0.997293, -0.056659, -0.046882, 0.115925, 0.0, 0.0, 0.0, 1.0],
                [0.070592, 0.59558, 0.800188, -0.015387, -0.025758, -0.800834, 0.598333, 0.058238, 0.997173, -0.062849, -0.041192, 0.115925, 0.0, 0.0, 0.0, 1.0],
                [0.072555, 0.609064, 0.789796, -0.015387, -0.032317, -0.790032, 0.612214, 0.058238, 0.996841, -0.069943, -0.037638, 0.115925, 0.0, 0.0, 0.0, 1.0],
                [0.075801, 0.616446, 0.783741, -0.015387, -0.038704, -0.783592, 0.62007, 0.058238, 0.996372, -0.077335, -0.035538, 0.115925, 0.0, 0.0, 0.0, 1.0],
                [0.078321, 0.603932, 0.793179, -0.015387, -0.045161, -0.792658, 0.607993, 0.058238, 0.995905, -0.083439, -0.034807, 0.115925, 0.0, 0.0, 0.0, 1.0],
                [0.079627, 0.580024, 0.810699, -0.015387, -0.051686, -0.809785, 0.584446, 0.058238, 0.995485, -0.088439, -0.034501, 0.115925, 0.0, 0.0, 0.0, 1.0],
                [0.078594, 0.547583, 0.833053, -0.015387, -0.058132, -0.831699, 0.552176, 0.058238, 0.995211, -0.091825, -0.033535, 0.115925, 0.0, 0.0, 0.0, 1.0],
                [0.077519, 0.503714, 0.860386, -0.015387, -0.06538, -0.858557, 0.508533, 0.058238, 0.994846, -0.095673, -0.033622, 0.115925, 0.0, 0.0, 0.0, 1.0],
                [0.077121, 0.471027, 0.878742, -0.015387, -0.071872, -0.876448, 0.476104, 0.058238, 0.994429, -0.099874, -0.033739, 0.115925, 0.0, 0.0, 0.0, 1.0],
                [0.077096, 0.434576, 0.89733, -0.015387, -0.077463, -0.894678, 0.439947, 0.058238, 0.99401, -0.103428, -0.035313, 0.115925, 0.0, 0.0, 0.0, 1.0],
                [0.075201, 0.390195, 0.917656, -0.015387, -0.08187, -0.91474, 0.395664, 0.058238, 0.993802, -0.104883, -0.036844, 0.115925, 0.0, 0.0, 0.0, 1.0],
                [0.07059, 0.339947, 0.937792, -0.015387, -0.085216, -0.934646, 0.34522, 0.058238, 0.993859, -0.104284, -0.037007, 0.115925, 0.0, 0.0, 0.0, 1.0],
                [0.062879, 0.287632, 0.955675, -0.015387, -0.08828, -0.952214, 0.292398, 0.058238, 0.99411, -0.102753, -0.034482, 0.115925, 0.0, 0.0, 0.0, 1.0],
                [0.051507, 0.233592, 0.97097, -0.015387, -0.090001, -0.967219, 0.237464, 0.058238, 0.994609, -0.099619, -0.028795, 0.115925, 0.0, 0.0, 0.0, 1.0],
                [0.037879, 0.18836, 0.98137, -0.015387, -0.090648, -0.977378, 0.191093, 0.058238, 0.995163, -0.096197, -0.019948, 0.115925, 0.0, 0.0, 0.0, 1.0],
                [0.022538, 0.146266, 0.988989, -0.015387, -0.09007, -0.984921, 0.147717, 0.058238, 0.995681, -0.092407, -0.009024, 0.115925, 0.0, 0.0, 0.0, 1.0],
                [0.007209, 0.099047, 0.995057, -0.015387, -0.088665, -0.991101, 0.099296, 0.058238, 0.996036, -0.088943, 0.001637, 0.115925, 0.0, 0.0, 0.0, 1.0],
                [-0.009623, 0.046142, 0.998889, -0.015387, -0.086237, -0.995252, 0.045143, 0.058238, 0.996229, -0.085706, 0.013556, 0.115925, 0.0, 0.0, 0.0, 1.0],
                [-0.026903, -0.01116, 0.999576, -0.015387, -0.082761, -0.996481, -0.013352, 0.058238, 0.996207, -0.083085, 0.025885, 0.115925, 0.0, 0.0, 0.0, 1.0],
                [-0.044139, -0.054607, 0.997532, -0.015387, -0.077742, -0.99529, -0.057924, 0.058238, 0.995997, -0.080106, 0.039686, 0.115925, 0.0, 0.0, 0.0, 1.0],
                [-0.061516, -0.09467, 0.993607, -0.015387, -0.07152, -0.992515, -0.098994, 0.058238, 0.995541, -0.077152, 0.054285, 0.115925, 0.0, 0.0, 0.0, 1.0],
                [-0.07668, -0.123993, 0.989316, -0.015387, -0.065896, -0.989438, -0.129115, 0.058238, 0.994876, -0.075092, 0.0677, 0.115925, 0.0, 0.0, 0.0, 1.0],
                [-0.090513, -0.157589, 0.983348, -0.015387, -0.059987, -0.984746, -0.163334, 0.058238, 0.994088, -0.073771, 0.079679, 0.115925, 0.0, 0.0, 0.0, 1.0],
                [-0.10297, -0.187513, 0.97685, -0.015387, -0.053132, -0.979632, -0.193647, 0.058238, 0.993265, -0.071842, 0.09091, 0.115925, 0.0, 0.0, 0.0, 1.0],
                [-0.114885, -0.220463, 0.968606, -0.015387, -0.046176, -0.972824, -0.226899, 0.058238, 0.992306, -0.070793, 0.101582, 0.115925, 0.0, 0.0, 0.0, 1.0],
                [-0.126462, -0.255252, 0.958569, -0.015387, -0.037306, -0.96442, -0.261731, 0.058238, 0.99127, -0.068859, 0.11244, 0.115925, 0.0, 0.0, 0.0, 1.0],
                [-0.136479, -0.286298, 0.948371, -0.015387, -0.028162, -0.955821, -0.292599, 0.058238, 0.990243, -0.066642, 0.122387, 0.115925, 0.0, 0.0, 0.0, 1.0],
                [-0.143824, -0.317802, 0.937186, -0.015387, -0.019384, -0.945946, -0.323746, 0.058238, 0.989414, -0.064728, 0.12989, 0.115925, 0.0, 0.0, 0.0, 1.0],
                [-0.148814, -0.348417, 0.925452, -0.015387, -0.010265, -0.935278, -0.353766, 0.058238, 0.988813, -0.062145, 0.135606, 0.115925, 0.0, 0.0, 0.0, 1.0],
                [-0.15063, -0.372847, 0.915585, -0.015387, -0.002473, -0.926008, -0.377498, 0.058238, 0.988588, -0.059127, 0.138563, 0.115925, 0.0, 0.0, 0.0, 1.0],
                [-0.150158, -0.387149, 0.909708, -0.015387, 0.003765, -0.920359, -0.391059, 0.058238, 0.988656, -0.055296, 0.139656, 0.115925, 0.0, 0.0, 0.0, 1.0],
                [-0.148358, -0.413563, 0.898308, -0.015387, 0.0086, -0.908865, -0.417003, 0.058238, 0.988897, -0.05414, 0.138394, 0.115925, 0.0, 0.0, 0.0, 1.0],
                [-0.144881, -0.417704, 0.896958, -0.015387, 0.011747, -0.907185, -0.420568, 0.058238, 0.98938, -0.050395, 0.136341, 0.115925, 0.0, 0.0, 0.0, 1.0],
                [-0.139322, -0.411602, 0.900652, -0.015387, 0.014174, -0.910259, -0.413799, 0.058238, 0.990146, -0.044885, 0.132653, 0.115925, 0.0, 0.0, 0.0, 1.0],
                [-0.130889, -0.380589, 0.915435, -0.015387, 0.014485, -0.924015, -0.382085, 0.058237, 0.991292, -0.03675, 0.126456, 0.115925, 0.0, 0.0, 0.0, 1.0],
                [-0.120149, -0.326076, 0.937678, -0.015387, 0.014236, -0.944989, -0.326793, 0.058238, 0.992654, -0.025915, 0.118182, 0.115925, 0.0, 0.0, 0.0, 1.0],
                [-0.107296, -0.253461, 0.961377, -0.015387, 0.010978, -0.967203, -0.253771, 0.058238, 0.994167, -0.016674, 0.106559, 0.115925, 0.0, 0.0, 0.0, 1.0],
                [-0.096621, -0.168103, 0.981023, -0.015387, 0.008277, -0.985737, -0.168095, 0.058238, 0.995288, -0.008121, 0.096634, 0.115925, 0.0, 0.0, 0.0, 1.0],
                [-0.08747, -0.085415, 0.992499, -0.015387, 0.005617, -0.996345, -0.08525, 0.058238, 0.996152, -0.001882, 0.08763, 0.115925, 0.0, 0.0, 0.0, 1.0],
                [-0.081442, -0.015775, 0.996554, -0.015387, 0.005167, -0.999869, -0.015405, 0.058238, 0.996665, 0.003895, 0.081513, 0.115925, 0.0, 0.0, 0.0, 1.0],
                [-0.078835, 0.038995, 0.996125, -0.015387, 0.006664, -0.999193, 0.039643, 0.058238, 0.996866, 0.009764, 0.078511, 0.115925, 0.0, 0.0, 0.0, 1.0],
                [-0.078868, 0.096066, 0.992246, -0.015387, 0.009249, -0.995233, 0.09709, 0.058238, 0.996843, 0.016835, 0.077604, 0.115925, 0.0, 0.0, 0.0, 1.0],
                [-0.079669, 0.155326, 0.984646, -0.015386, 0.011536, -0.987576, 0.156722, 0.058238, 0.996755, 0.023845, 0.076888, 0.115925, 0.0, 0.0, 0.0, 1.0],
                [-0.079732, 0.214594, 0.973444, -0.015387, 0.011811, -0.976281, 0.216187, 0.058238, 0.996747, 0.028735, 0.075307, 0.115925, 0.0, 0.0, 0.0, 1.0],
                [-0.076989, 0.269161, 0.960013, -0.015387, 0.009936, -0.962617, 0.270688, 0.058238, 0.996983, 0.030379, 0.071436, 0.115925, 0.0, 0.0, 0.0, 1.0],
                [-0.072215, 0.314908, 0.946371, -0.015387, 0.006683, -0.948675, 0.316184, 0.058238, 0.997367, 0.029158, 0.066404, 0.115925, 0.0, 0.0, 0.0, 1.0],
                [-0.065553, 0.364227, 0.929001, -0.015387, 0.00308, -0.930926, 0.365198, 0.058238, 0.997845, 0.026801, 0.059903, 0.115925, 0.0, 0.0, 0.0, 1.0],
                [-0.057064, 0.409231, 0.910645, -0.015387, -0.000607, -0.912146, 0.409867, 0.058238, 0.998371, 0.022837, 0.052299, 0.115925, 0.0, 0.0, 0.0, 1.0],
                [-0.045953, 0.45184, 0.890915, -0.015387, -0.003749, -0.89193, 0.45216, 0.058238, 0.998937, 0.017439, 0.04268, 0.115925, 0.0, 0.0, 0.0, 1.0],
                [-0.045953, 0.45184, 0.890915, -0.015387, -0.003749, -0.89193, 0.45216, 0.058238, 0.998937, 0.017439, 0.04268, 0.115925, 0.0, 0.0, 0.0, 1.0]
            ]
        },
        {
            "name": "Leg_R",
            "time": [0.0, 0.0167, 0.0333, 0.05, 0.0667, 0.0833, 0.1, 0.1167, 0.1333, 0.15, 0.1667, 0.1833, 0.2, 0.2167, 0.2333, 0.25, 0.2667, 0.2833, 0.3, 0.3167, 0.3333, 0.35, 0.3667, 0.3833, 0.4, 0.4167, 0.4333, 0.45, 0.4667, 0.4833, 0.5, 0.5167, 0.5333, 0.55, 0.5667, 0.5833, 0.6, 0.6167, 0.6333, 0.65, 0.6667, 0.6833, 0.7, 0.7167, 0.7333, 0.75, 0.7667, 0.7833, 0.8, 0.8167, 0.8333, 0.85, 0.8667, 0.8833, 0.9, 0.9167, 0.9333, 0.95, 0.9667, 0.9833, 1.0, 1.0167],
            "transform": [
                [0.999999, -0.0, -0.0, 0.0, 0.0, 0.343414, 0.939184, 0.37472, -0.0, -0.939185, 0.343414, -0.0, 0.0, 0.0, 0.0, 1.0],
                [0.999999, -0.0, -0.0, -0.0, 0.0, 0.390978, 0.9204, 0.37472, -0.0, -0.920401, 0.390978, -0.0, 0.0, 0.0, 0.0, 1.0],
                [0.999999, -0.0, -0.0, -0.0, 0.0, 0.450858, 0.892596, 0.37472, 0.0, -0.892597, 0.450857, 0.0, 0.0, 0.0, 0.0, 1.0],
                [0.999999, -0.0, -0.0, 0.0, 0.0, 0.52096, 0.853581, 0.37472, -0.0, -0.853582, 0.520959, -0.0, 0.0, 0.0, 0.0, 1.0],
                [0.999999, -0.0, -0.0, -0.0, 0.0, 0.592706, 0.805419, 0.37472, -0.0, -0.80542, 0.592706, -0.0, 0.0, 0.0, 0.0, 1.0],
                [0.999999, -0.0, -0.0, 0.0, 0.0, 0.658114, 0.75292, 0.37472, -0.0, -0.75292, 0.658113, 0.0, 0.0, 0.0, 0.0, 1.0],
                [0.999999, -0.0, -0.0, -0.0, 0.0, 0.713901, 0.700248, 0.37472, 0.0, -0.700249, 0.7139, 0.0, 0.0, 0.0, 0.0, 1.0],
                [0.999999, -0.0, -0.0, -0.0, 0.0, 0.768334, 0.64005, 0.37472, 0.0, -0.64005, 0.768334, 0.0, 0.0, 0.0, 0.0, 1.0],
                [0.999999, -0.0, -0.0, -0.0, 0.0, 0.82542, 0.564519, 0.37472, 0.0, -0.56452, 0.82542, -0.0, 0.0, 0.0, 0.0, 1.0],
                [0.999999, -0.0, -0.0, 0.0, 0.0, 0.880425, 0.474187, 0.37472, 0.0, -0.474187, 0.880425, -0.0, 0.0, 0.0, 0.0, 1.0],
                [0.999999, -0.0, -0.0, 0.0, 0.0, 0.940817, 0.338917, 0.37472, -0.0, -0.338917, 0.940817, -0.0, 0.0, 0.0, 0.0, 1.0],
                [0.999999, -0.0, -0.0, -0.0, 0.0, 0.962845, 0.270056, 0.37472, 0.0, -0.270056, 0.962845, -0.0, 0.0, 0.0, 0.0, 1.0],
                [0.999999, -0.0, -0.0, -0.0, 0.0, 0.942923, 0.333013, 0.37472, 0.0, -0.333013, 0.942923, -0.0, 0.0, 0.0, 0.0, 1.0],
                [0.999999, -0.0, -0.0, 0.0, 0.0, 0.910857, 0.412724, 0.37472, 0.0, -0.412724, 0.910857, 0.0, 0.0, 0.0, 0.0, 1.0],
                [0.999999, -0.0, -0.0, 0.0, 0.0, 0.866469, 0.499232, 0.37472, 0.0, -0.499232, 0.866468, 0.0, 0.0, 0.0, 0.0, 1.0],
                [0.999999, -0.0, -0.0, 0.0, 0.0, 0.821829, 0.569735, 0.37472, 0.0, -0.569736, 0.821829, 0.0, 0.0, 0.0, 0.0, 1.0],
                [0.999999, -0.0, -0.0, 0.0, 0.0, 0.797579, 0.603216, 0.37472, 0.0, -0.603216, 0.797578, 0.0, 0.0, 0.0, 0.0, 1.0],
                [0.999999, -0.0, -0.0, -0.0, 0.0, 0.791641, 0.610987, 0.37472, -0.0, -0.610987, 0.791641, -0.0, 0.0, 0.0, 0.0, 1.0],
                [0.999999, -0.0, -0.0, -0.0, 0.0, 0.801173, 0.598434, 0.37472, -0.0, -0.598434, 0.801172, -0.0, 0.0, 0.0, 0.0, 1.0],
                [0.999999, -0.0, -0.0, 0.0, 0.0, 0.817446, 0.576006, 0.37472, 0.0, -0.576006, 0.817446, 0.0, 0.0, 0.0, 0.0, 1.0],
                [0.999999, -0.0, -0.0, 0.0, 0.0, 0.816185, 0.577791, 0.37472, -0.0, -0.577791, 0.816185, -0.0, 0.0, 0.0, 0.0, 1.0],
                [0.999999, -0.0, -0.0, 0.0, 0.0, 0.816856, 0.576843, 0.37472, 0.0, -0.576843, 0.816855, 0.0, 0.0, 0.0, 0.0, 1.0],
                [0.999999, -0.0, -0.0, -0.0, 0.0, 0.82664, 0.562732, 0.37472, 0.0, -0.562732, 0.82664, -0.0, 0.0, 0.0, 0.0, 1.0],
                [0.999999, -0.0, -0.0, 0.0, 0.0, 0.843344, 0.537375, 0.37472, 0.0, -0.537375, 0.843344, -0.0, 0.0, 0.0, 0.0, 1.0],
                [0.999999, -0.0, -0.0, 0.0, 0.0, 0.861517, 0.50773, 0.37472, 0.0, -0.50773, 0.861517, -0.0, 0.0, 0.0, 0.0, 1.0],
                [0.999999, -0.0, -0.0, 0.0, 0.0, 0.880698, 0.473679, 0.37472, 0.0, -0.473679, 0.880698, 0.0, 0.0, 0.0, 0.0, 1.0],
                [0.999999, 0.0, -0.0, 0.0, 0.0, 0.891205, 0.453602, 0.37472, 0.0, -0.453602, 0.891205, -0.0, 0.0, 0.0, 0.0, 1.0],
                [0.999999, -0.0, -0.0, -0.0, 0.0, 0.899226, 0.437486, 0.37472, 0.0, -0.437486, 0.899226, 0.0, 0.0, 0.0, 0.0, 1.0],
                [0.999999, -0.0, -0.0, 0.0, 0.0, 0.91145, 0.411412, 0.37472, 0.0, -0.411411, 0.91145, -0.0, 0.0, 0.0, 0.0, 1.0],
                [0.999999, -0.0, -0.0, 0.0, 0.0, 0.926859, 0.375409, 0.37472, 0.0, -0.375409, 0.926859, -0.0, 0.0, 0.0, 0.0, 1.0],
                [0.999999, -0.0, -0.0, -0.0, 0.0, 0.943629, 0.331006, 0.37472, 0.0, -0.331006, 0.943629, -0.0, 0.0, 0.0, 0.0, 1.0],
                [0.999999, -0.0, -0.0, 0.0, 0.0, 0.950306, 0.31132, 0.37472, 0.0, -0.311319, 0.950306, 0.0, 0.0, 0.0, 0.0, 1.0],
                [0.999999, -0.0, -0.0, 0.0, 0.0, 0.954106, 0.299469, 0.37472, 0.0, -0.299469, 0.954107, 0.0, 0.0, 0.0, 0.0, 1.0],
                [0.999999, 0.0, -0.0, -0.0, -0.0, 0.950924, 0.309425, 0.37472, 0.0, -0.309425, 0.950924, -0.0, 0.0, 0.0, 0.0, 1.0],
                [0.999999, -0.0, 0.0, 0.0, -0.0, 0.949856, 0.312688, 0.37472, -0.0, -0.312688, 0.949856, 0.0, 0.0, 0.0, 0.0, 1.0],
                [0.999999, 0.0, -0.0, -0.0, -0.0, 0.94796, 0.31839, 0.37472, 0.0, -0.31839, 0.94796, 0.0, 0.0, 0.0, 0.0, 1.0],
                [0.999999, -0.0, -0.0, 0.0, 0.0, 0.947407, 0.320031, 0.37472, 0.0, -0.320031, 0.947407, 0.0, 0.0, 0.0, 0.0, 1.0],
                [0.999999, 0.0, -0.0, 0.0, -0.0, 0.94828, 0.317438, 0.37472, 0.0, -0.317438, 0.948279, 0.0, 0.0, 0.0, 0.0, 1.0],
                [0.999999, 0.0, -0.0, 0.0, -0.0, 0.947491, 0.319783, 0.37472, 0.0, -0.319783, 0.947491, -0.0, 0.0, 0.0, 0.0, 1.0],
                [0.999999, -0.0, -0.0, -0.0, 0.0, 0.948256, 0.317507, 0.37472, 0.0, -0.317507, 0.948256, 0.0, 0.0, 0.0, 0.0, 1.0],
                [0.999999, 0.0, -0.0, 0.0, 0.0, 0.947254, 0.320486, 0.37472, 0.0, -0.320486, 0.947254, 0.0, 0.0, 0.0, 0.0, 1.0],
                [0.999999, 0.0, -0.0, 0.0, -0.0, 0.943836, 0.330415, 0.37472, 0.0, -0.330415, 0.943836, -0.0, 0.0, 0.0, 0.0, 1.0],
                [0.999999, -0.0, -0.0, 0.0, 0.0, 0.936117, 0.351692, 0.37472, 0.0, -0.351692, 0.936116, 0.0, 0.0, 0.0, 0.0, 1.0],
                [0.999999, -0.0, -0.0, 0.0, 0.0, 0.940173, 0.3407, 0.37472, 0.0, -0.340699, 0.940173, 0.0, 0.0, 0.0, 0.0, 1.0],
                [0.999999, 0.0, 0.0, 0.0, -0.0, 0.931784, 0.363015, 0.37472, 0.0, -0.363015, 0.931784, 0.0, 0.0, 0.0, 0.0, 1.0],
                [0.999999, -0.0, -0.0, -0.0, 0.0, 0.91378, 0.406211, 0.37472, 0.0, -0.406211, 0.91378, 0.0, 0.0, 0.0, 0.0, 1.0],
                [0.999999, -0.0, -0.0, 0.0, 0.0, 0.878768, 0.47725, 0.37472, 0.0, -0.47725, 0.878768, -0.0, 0.0, 0.0, 0.0, 1.0],
                [0.999999, -0.0, -0.0, -0.0, 0.0, 0.82188, 0.569662, 0.37472, 0.0, -0.569662, 0.82188, 0.0, 0.0, 0.0, 0.0, 1.0],
                [0.999999, -0.0, -0.0, 0.0, 0.0, 0.741948, 0.670458, 0.37472, 0.0, -0.670458, 0.741948, -0.0, 0.0, 0.0, 0.0, 1.0],
                [0.999999, -0.0, -0.0, 0.0, 0.0, 0.63722, 0.770683, 0.37472, 0.0, -0.770683, 0.637219, -0.0, 0.0, 0.0, 0.0, 1.0],
                [0.999999, -0.0, -0.0, 0.0, 0.0, 0.524398, 0.851473, 0.37472, 0.0, -0.851475, 0.524398, 0.0, 0.0, 0.0, 0.0, 1.0],
                [0.999999, -0.0, -0.0, 0.0, 0.0, 0.427615, 0.903961, 0.37472, -0.0, -0.903962, 0.427615, -0.0, 0.0, 0.0, 0.0, 1.0],
                [0.999998, -0.0, -0.0, -0.0, 0.0, 0.375729, 0.926729, 0.37472, -0.0, -0.926731, 0.375728, 0.0, 0.0, 0.0, 0.0, 1.0],
                [0.999999, -1e-06, 0.0, 0.0, 0.0, 0.331759, 0.943364, 0.37472, -1e-06, -0.943365, 0.331759, -0.0, 0.0, 0.0, 0.0, 1.0],
                [0.999999, -0.0, -0.0, 0.0, 0.0, 0.294251, 0.955728, 0.37472, -0.0, -0.955729, 0.29425, 0.0, 0.0, 0.0, 0.0, 1.0],
                [0.999999, 0.0, -0.0, -0.0, 0.0, 0.270453, 0.962733, 0.37472, 0.0, -0.962735, 0.270452, 0.0, 0.0, 0.0, 0.0, 1.0],
                [0.999999, -0.0, -0.0, 0.0, 0.0, 0.263199, 0.964741, 0.37472, 0.0, -0.964743, 0.263199, -0.0, 0.0, 0.0, 0.0, 1.0],
                [0.999998, -0.0, 0.0, -0.0, 0.0, 0.27118, 0.962528, 0.37472, -0.0, -0.96253, 0.27118, -0.0, 0.0, 0.0, 0.0, 1.0],
                [0.999999, -0.0, -0.0, -0.0, 0.0, 0.27691, 0.960896, 0.37472, -0.0, -0.960898, 0.276909, -0.0, 0.0, 0.0, 0.0, 1.0],
                [0.999999, -0.0, -0.0, 0.0, 0.0, 0.294507, 0.955649, 0.37472, -0.0, -0.955651, 0.294506, -0.0, 0.0, 0.0, 0.0, 1.0],
                [0.999999, -0.0, -0.0, 0.0, 0.0, 0.320219, 0.947343, 0.37472, -0.0, -0.947345, 0.320219, -0.0, 0.0, 0.0, 0.0, 1.0],
                [0.999999, -0.0, -0.0, 0.0, 0.0, 0.320219, 0.947343, 0.37472, -0.0, -0.947345, 0.320219, -0.0, 0.0, 0.0, 0.0, 1.0]
            ]
        },
        {
            "name": "Knee_R",
            "time": [0.0, 1.0167],
            "transform": [
                [1.0, 0.0, -0.0, 0.0, -0.0, 1e-06, -1.0, 0.37472, -0.0, 1.0, 1e-06, -0.0, 0.0, 0.0, 0.0, 1.0],
                [1.0, 0.0, -0.0, 0.0, -0.0, 1e-06, -1.0, 0.37472, -0.0, 1.0, 1e-06, -0.0, 0.0, 0.0, 0.0, 1.0]
            ]
        },
        {
            "name": "Thigh_L",
            "time": [0.0, 0.0167, 0.0333, 0.05, 0.0667, 0.0833, 0.1, 0.1167, 0.1333, 0.15, 0.1667, 0.1833, 0.2, 0.2167, 0.2333, 0.25, 0.2667, 0.2833, 0.3, 0.3167, 0.3333, 0.35, 0.3667, 0.3833, 0.4, 0.4167, 0.4333, 0.45, 0.4667, 0.4833, 0.5, 0.5167, 0.5333, 0.55, 0.5667, 0.5833, 0.6, 0.6167, 0.6333, 0.65, 0.6667, 0.6833, 0.7, 0.7167, 0.7333, 0.75, 0.7667, 0.7833, 0.8, 0.8167, 0.8333, 0.85, 0.8667, 0.8833, 0.9, 0.9167, 0.9333, 0.95, 0.9667, 0.9833, 1.0, 1.0167],
            "transform": [
                [0.074464, 0.063339, 0.99521, -0.0311, 0.049116, -0.997005, 0.059778, 0.048184, 0.996011, 0.04443, -0.077352, -0.123589, 0.0, 0.0, 0.0, 1.0],
                [0.094082, -0.008163, 0.995531, -0.0311, 0.04117, -0.999082, -0.012083, 0.048184, 0.994711, 0.042123, -0.09366, -0.123589, 0.0, 0.0, 0.0, 1.0],
                [0.117216, -0.076672, 0.990142, -0.0311, 0.032138, -0.996203, -0.080945, 0.048184, 0.992584, 0.04131, -0.114306, -0.123589, 0.0, 0.0, 0.0, 1.0],
                [0.142604, -0.136951, 0.980259, -0.0311, 0.020998, -0.989742, -0.14133, 0.048184, 0.989555, 0.040738, -0.138265, -0.123589, 0.0, 0.0, 0.0, 1.0],
                [0.166992, -0.196511, 0.966177, -0.0311, 0.008129, -0.979632, -0.200651, 0.048184, 0.985923, 0.041362, -0.161993, -0.123589, 0.0, 0.0, 0.0, 1.0],
                [0.189432, -0.254183, 0.948424, -0.0311, -0.003725, -0.966094, -0.258173, 0.048184, 0.981885, 0.045374, -0.183956, -0.123589, 0.0, 0.0, 0.0, 1.0],
                [0.208755, -0.306439, 0.928718, -0.0311, -0.016713, -0.950622, -0.309908, 0.048184, 0.977823, 0.049174, -0.203568, -0.123589, 0.0, 0.0, 0.0, 1.0],
                [0.216365, -0.338137, 0.915888, -0.0311, -0.026476, -0.939799, -0.340708, 0.048184, 0.975951, 0.049469, -0.212292, -0.123589, 0.0, 0.0, 0.0, 1.0],
                [0.220694, -0.391457, 0.89334, -0.0311, -0.035739, -0.918557, -0.393675, 0.048184, 0.974686, 0.054955, -0.21671, -0.123589, 0.0, 0.0, 0.0, 1.0],
                [0.223618, -0.398541, 0.889472, -0.0311, -0.044081, -0.915785, -0.399247, 0.048184, 0.973677, 0.05007, -0.222355, -0.123589, 0.0, 0.0, 0.0, 1.0],
                [0.224203, -0.427195, 0.875922, -0.0311, -0.053335, -0.902837, -0.426667, 0.048184, 0.97308, 0.048943, -0.225203, -0.123589, 0.0, 0.0, 0.0, 1.0],
                [0.222608, -0.447581, 0.866094, -0.0311, -0.062373, -0.893106, -0.445506, 0.048184, 0.972909, 0.045153, -0.226729, -0.123589, 0.0, 0.0, 0.0, 1.0],
                [0.21907, -0.432838, 0.874449, -0.0311, -0.070083, -0.900887, -0.428364, 0.048184, 0.973187, 0.032558, -0.227691, -0.123589, 0.0, 0.0, 0.0, 1.0],
                [0.214834, -0.456692, 0.863296, -0.0311, -0.076343, -0.889085, -0.451334, 0.048184, 0.97366, 0.031056, -0.225871, -0.123589, 0.0, 0.0, 0.0, 1.0],
                [0.210744, -0.440243, 0.872796, -0.0311, -0.082011, -0.897666, -0.432982, 0.048184, 0.974093, 0.01967, -0.225283, -0.123589, 0.0, 0.0, 0.0, 1.0],
                [0.20612, -0.426687, 0.880599, -0.0311, -0.088094, -0.904363, -0.417578, 0.048184, 0.974551, 0.008496, -0.223995, -0.123589, 0.0, 0.0, 0.0, 1.0],
                [0.197609, -0.374846, 0.905783, -0.0311, -0.089162, -0.927048, -0.364192, 0.048184, 0.976215, -0.008793, -0.216615, -0.123589, 0.0, 0.0, 0.0, 1.0],
                [0.183373, -0.289066, 0.939583, -0.0311, -0.085916, -0.956847, -0.277608, 0.048184, 0.97928, -0.029819, -0.200295, -0.123589, 0.0, 0.0, 0.0, 1.0],
                [0.167819, -0.200818, 0.965147, -0.0311, -0.084449, -0.978364, -0.188883, 0.048184, 0.982192, -0.049807, -0.181146, -0.123589, 0.0, 0.0, 0.0, 1.0],
                [0.151718, -0.113442, 0.981892, -0.0311, -0.080162, -0.991534, -0.102169, 0.048184, 0.985166, -0.06321, -0.159527, -0.123589, 0.0, 0.0, 0.0, 1.0],
                [0.138096, -0.024818, 0.990108, -0.0311, -0.075625, -0.997034, -0.014443, 0.048184, 0.987525, -0.072882, -0.139563, -0.123589, 0.0, 0.0, 0.0, 1.0],
                [0.131289, 0.051768, 0.989992, -0.0311, -0.071931, -0.995508, 0.061596, 0.048184, 0.988729, -0.079298, -0.126975, -0.123589, 0.0, 0.0, 0.0, 1.0],
                [0.128369, 0.130309, 0.983128, -0.0311, -0.067657, -0.987872, 0.139772, 0.048184, 0.989414, -0.084458, -0.117996, -0.123589, 0.0, 0.0, 0.0, 1.0],
                [0.127404, 0.205979, 0.970227, -0.0311, -0.061439, -0.974684, 0.214992, 0.048184, 0.989944, -0.087, -0.111523, -0.123589, 0.0, 0.0, 0.0, 1.0],
                [0.121878, 0.269836, 0.955162, -0.0311, -0.051025, -0.959363, 0.277532, 0.048184, 0.99123, -0.082562, -0.103157, -0.123589, 0.0, 0.0, 0.0, 1.0],
                [0.111796, 0.323269, 0.93968, -0.0311, -0.038993, -0.943455, 0.329206, 0.048184, 0.992964, -0.073444, -0.092869, -0.123589, 0.0, 0.0, 0.0, 1.0],
                [0.102754, 0.369005, 0.92373, -0.0311, -0.028315, -0.927187, 0.373534, 0.048184, 0.994302, -0.064537, -0.084824, -0.123589, 0.0, 0.0, 0.0, 1.0],
                [0.100336, 0.415095, 0.904228, -0.0311, -0.02139, -0.907707, 0.419063, 0.048184, 0.994721, -0.061388, -0.082197, -0.123589, 0.0, 0.0, 0.0, 1.0],
                [0.101429, 0.454764, 0.884818, -0.0311, -0.016357, -0.888525, 0.458542, 0.048184, 0.994706, -0.060982, -0.082684, -0.123589, 0.0, 0.0, 0.0, 1.0],
                [0.09994, 0.493545, 0.86396, -0.0311, -0.009772, -0.86778, 0.496855, 0.048184, 0.994943, -0.058099, -0.081903, -0.123589, 0.0, 0.0, 0.0, 1.0],
                [0.091566, 0.531622, 0.842019, -0.0311, -0.001628, -0.845492, 0.533988, 0.048184, 0.995796, -0.050265, -0.076553, -0.123589, 0.0, 0.0, 0.0, 1.0],
                [0.074293, 0.563258, 0.822935, -0.031101, 0.007976, -0.825527, 0.564309, 0.048184, 0.997203, -0.03536, -0.065823, -0.123589, 0.0, 0.0, 0.0, 1.0],
                [0.055673, 0.59128, 0.804544, -0.0311, 0.015522, -0.806211, 0.591427, 0.048184, 0.998326, -0.020438, -0.054062, -0.123589, 0.0, 0.0, 0.0, 1.0],
                [0.040448, 0.615074, 0.787432, -0.0311, 0.02126, -0.788431, 0.614758, 0.048184, 0.998953, -0.008125, -0.044967, -0.123589, 0.0, 0.0, 0.0, 1.0],
                [0.029499, 0.632935, 0.773644, -0.0311, 0.025647, -0.774207, 0.632415, 0.048184, 0.999233, 0.001186, -0.039072, -0.123589, 0.0, 0.0, 0.0, 1.0],
                [0.020119, 0.645196, 0.763754, -0.0311, 0.02908, -0.763965, 0.644604, 0.048184, 0.999373, 0.009242, -0.034133, -0.123589, 0.0, 0.0, 0.0, 1.0],
                [0.012002, 0.649212, 0.760514, -0.031101, 0.030234, -0.760459, 0.648684, 0.048184, 0.999469, 0.015208, -0.028755, -0.123589, 0.0, 0.0, 0.0, 1.0],
                [0.005543, 0.654125, 0.756368, -0.0311, 0.02966, -0.756157, 0.65372, 0.048184, 0.999543, 0.018811, -0.023593, -0.123589, 0.0, 0.0, 0.0, 1.0],
                [0.000245, 0.660395, 0.75092, -0.0311, 0.028708, -0.750617, 0.660116, 0.048184, 0.999586, 0.021396, -0.019142, -0.123589, 0.0, 0.0, 0.0, 1.0],
                [-0.004596, 0.660026, 0.751231, -0.0311, 0.027922, -0.750863, 0.65987, 0.048184, 0.999598, 0.024009, -0.014979, -0.123589, 0.0, 0.0, 0.0, 1.0],
                [-0.009691, 0.663307, 0.748287, -0.0311, 0.027279, -0.74787, 0.663287, 0.048184, 0.999579, 0.026841, -0.010846, -0.123589, 0.0, 0.0, 0.0, 1.0],
                [-0.015318, 0.665299, 0.746421, -0.0311, 0.0266, -0.745976, 0.665444, 0.048184, 0.999527, 0.030049, -0.00627, -0.123589, 0.0, 0.0, 0.0, 1.0],
                [-0.019511, 0.659787, 0.751201, -0.031101, 0.02708, -0.750721, 0.660066, 0.048184, 0.999441, 0.033221, -0.00322, -0.123589, 0.0, 0.0, 0.0, 1.0],
                [-0.02507, 0.653267, 0.756714, -0.0311, 0.029645, -0.756135, 0.653746, 0.048184, 0.999244, 0.038823, -0.00041, -0.123589, 0.0, 0.0, 0.0, 1.0],
                [-0.028747, 0.649189, 0.760086, -0.031101, 0.032385, -0.759398, 0.649822, 0.048184, 0.99906, 0.043297, 0.000807, -0.123589, 0.0, 0.0, 0.0, 1.0],
                [-0.032063, 0.651203, 0.758228, -0.0311, 0.03484, -0.75743, 0.651988, 0.048184, 0.998877, 0.047322, 0.001598, -0.123589, 0.0, 0.0, 0.0, 1.0],
                [-0.03584, 0.650371, 0.758772, -0.0311, 0.036727, -0.757892, 0.651348, 0.048184, 0.998681, 0.051213, 0.003276, -0.123589, 0.0, 0.0, 0.0, 1.0],
                [-0.038239, 0.641478, 0.766189, -0.0311, 0.039117, -0.765204, 0.642601, 0.048184, 0.998501, 0.054544, 0.004168, -0.123589, 0.0, 0.0, 0.0, 1.0],
                [-0.037473, 0.626322, 0.778665, -0.031101, 0.043704, -0.777441, 0.627438, 0.048184, 0.998339, 0.057543, 0.00176, -0.123589, 0.0, 0.0, 0.0, 1.0],
                [-0.036571, 0.585145, 0.810105, -0.031101, 0.048704, -0.808643, 0.586284, 0.048184, 0.998141, 0.060897, 0.001073, -0.123589, 0.0, 0.0, 0.0, 1.0],
                [-0.035738, 0.546611, 0.836625, -0.031101, 0.05648, -0.834719, 0.547775, 0.048184, 0.997762, 0.06683, -0.001041, -0.123589, 0.0, 0.0, 0.0, 1.0],
                [-0.030723, 0.519919, 0.853664, -0.0311, 0.061953, -0.851437, 0.520789, 0.048184, 0.997604, 0.068888, -0.006052, -0.123589, 0.0, 0.0, 0.0, 1.0],
                [-0.025674, 0.485528, 0.873845, -0.0311, 0.06514, -0.871465, 0.486117, 0.048184, 0.997544, 0.069404, -0.009253, -0.123589, 0.0, 0.0, 0.0, 1.0],
                [-0.01928, 0.443292, 0.89617, -0.0311, 0.067243, -0.893735, 0.443531, 0.048184, 0.997548, 0.068813, -0.012577, -0.123589, 0.0, 0.0, 0.0, 1.0],
                [-0.011179, 0.394211, 0.918953, -0.0311, 0.068695, -0.916538, 0.394009, 0.048184, 0.997573, 0.067533, -0.016834, -0.123589, 0.0, 0.0, 0.0, 1.0],
                [-0.001378, 0.342674, 0.939454, -0.0311, 0.068998, -0.937186, 0.341946, 0.048184, 0.997614, 0.065293, -0.022353, -0.123589, 0.0, 0.0, 0.0, 1.0],
                [0.01084, 0.289335, 0.957167, -0.031101, 0.068349, -0.955201, 0.287965, 0.048184, 0.997601, 0.062301, -0.03013, -0.123589, 0.0, 0.0, 0.0, 1.0],
                [0.024098, 0.233421, 0.972077, -0.0311, 0.066262, -0.970597, 0.231422, 0.048184, 0.997509, 0.058835, -0.038857, -0.123589, 0.0, 0.0, 0.0, 1.0],
                [0.037145, 0.193991, 0.9803, -0.0311, 0.063295, -0.979466, 0.191427, 0.048184, 0.997301, 0.054938, -0.048661, -0.123589, 0.0, 0.0, 0.0, 1.0],
                [0.050098, 0.155285, 0.986599, -0.0311, 0.059209, -0.986566, 0.152273, 0.048184, 0.996986, 0.050787, -0.058619, -0.123589, 0.0, 0.0, 0.0, 1.0],
                [0.062988, 0.11529, 0.991333, -0.0311, 0.054123, -0.992241, 0.111957, 0.048184, 0.996544, 0.046603, -0.06874, -0.123589, 0.0, 0.0, 0.0, 1.0],
                [0.062988, 0.11529, 0.991333, -0.0311, 0.054123, -0.992241, 0.111957, 0.048184, 0.996544, 0.046603, -0.06874, -0.123589, 0.0, 0.0, 0.0, 1.0]
            ]
        },
        {
            "name": "Leg_L",
            "time": [0.0, 0.0167, 0.0333, 0.05, 0.0667, 0.0833, 0.1, 0.1167, 0.1333, 0.15, 0.1667, 0.1833, 0.2, 0.2167, 0.2333, 0.25, 0.2667, 0.2833, 0.3, 0.3167, 0.3333, 0.35, 0.3667, 0.3833, 0.4, 0.4167, 0.4333, 0.45, 0.4667, 0.4833, 0.5, 0.5167, 0.5333, 0.55, 0.5667, 0.5833, 0.6, 0.6167, 0.6333, 0.65, 0.6667, 0.6833, 0.7, 0.7167, 0.7333, 0.75, 0.7667, 0.7833, 0.8, 0.8167, 0.8333, 0.85, 0.8667, 0.8833, 0.9, 0.9167, 0.9333, 0.95, 0.9667, 0.9833, 1.0, 1.0167],
            "transform": [
                [0.999999, -0.0, -0.0, 0.0, 0.0, 0.904376, 0.426736, 0.37472, 0.0, -0.426734, 0.90438, 0.0, 0.0, 0.0, 0.0, 1.0],
                [0.999999, -0.0, -0.0, -0.0, 0.0, 0.929176, 0.369634, 0.37472, 0.0, -0.369633, 0.929181, 0.0, 0.0, 0.0, 0.0, 1.0],
                [0.999998, -0.0, 0.0, 0.0, 0.0, 0.949385, 0.314112, 0.37472, -0.0, -0.31411, 0.949389, 0.0, 0.0, 0.0, 0.0, 1.0],
                [0.999998, -0.0, -0.0, -0.0, 0.0, 0.964679, 0.263422, 0.37472, 0.0, -0.26342, 0.964684, -0.0, 0.0, 0.0, 0.0, 1.0],
                [0.999999, -0.0, -0.0, -0.0, 0.0, 0.978155, 0.20787, 0.37472, 0.0, -0.207869, 0.97816, -0.0, 0.0, 0.0, 0.0, 1.0],
                [0.999998, -0.0, 0.0, -0.0, -0.0, 0.988434, 0.151639, 0.37472, -0.0, -0.151639, 0.988439, 0.0, 0.0, 0.0, 0.0, 1.0],
                [0.999999, 0.0, 0.0, 0.0, 0.0, 0.994513, 0.104595, 0.37472, 0.0, -0.104595, 0.994518, -0.0, 0.0, 0.0, 0.0, 1.0],
                [0.999998, -0.0, -0.0, -0.0, 0.0, 0.995127, 0.098584, 0.37472, -0.0, -0.098584, 0.995132, -0.0, 0.0, 0.0, 0.0, 1.0],
