{
    "animation": [
        {
            "name": "Root",
            "time": [0.0, 0.0333, 0.0667, 0.1, 0.1333, 0.1667, 0.2, 0.2333, 0.2667, 0.3, 0.3333, 0.3667, 0.4, 0.4333, 0.4667, 0.5, 0.5333, 0.5667, 0.6, 0.6333, 0.6667, 0.7, 0.7333, 0.7667, 0.8, 0.8333, 0.8667, 0.9, 0.9333, 0.9667, 1.0, 1.0333, 1.0667, 1.1, 1.1333, 1.1667, 1.2, 1.2333, 1.2667, 1.3, 1.3333, 1.3667, 1.4, 1.4333, 1.4667, 1.5, 1.5333, 1.5667, 1.6, 1.6333, 1.6667, 1.7, 1.7333, 1.7667, 1.8, 1.8333, 1.8667, 1.9, 1.9333, 1.9667, 2.0, 2.0333, 2.0667, 2.1, 2.1333, 2.1667, 2.2, 2.2333, 2.2667, 2.3, 2.3333, 2.3667, 2.4, 2.4333, 2.4667, 2.5, 2.5333, 2.5667, 2.6, 2.6333, 2.6667, 2.7, 2.7333, 2.7667, 2.8, 2.8333, 2.8667, 2.9, 2.9333, 2.9667, 3.0, 3.0333, 3.0667, 3.1, 3.1333, 3.1667, 3.2, 3.2333, 3.2667, 3.3, 3.3333, 3.3667, 3.4, 3.4333, 3.4667, 3.5, 3.5333, 3.5667, 3.6, 3.6333, 3.6667, 3.7, 3.7333, 3.7667, 3.8, 3.8333, 3.8667, 3.9, 3.9333, 3.9667, 4.0, 4.0333, 4.0667, 4.1, 4.1333, 4.1667, 4.2, 4.2333, 4.2667, 4.3, 4.3333, 4.3667, 4.4, 4.4333, 4.4667, 4.5],
            "transform": [
                [1.0, 0.000632, 3e-06, 0.000312, 0.0, 0.003858, -0.999993, 0.001845, -0.000632, 0.999992, 0.003858, 0.717598, 0.0, 0.0, 0.0, 1.0],
                [1.0, 0.000836, 2e-06, -0.006269, -1e-06, 0.003817, -0.999993, -0.017978, -0.000836, 0.999992, 0.003817, 0.640037, 0.0, 0.0, 0.0, 1.0],
                [0.999999, 0.001044, 2e-06, -0.012866, -2e-06, 0.003767, -0.999993, -0.040493, -0.001044, 0.999992, 0.003767, 0.56031, 0.0, 0.0, 0.0, 1.0],
                [0.999999, 0.001246, 2e-06, -0.019481, -3e-06, 0.003705, -0.999993, -0.063006, -0.001246, 0.999992, 0.003705, 0.480579, 0.0, 0.0, 0.0, 1.0],
                [0.999999, 0.001432, 4e-06, -0.026115, -2e-06, 0.003636, -0.999993, -0.082827, -0.001432, 0.999992, 0.003636, 0.403015, 0.0, 0.0, 0.0, 1.0],
                [0.999999, 0.001601, 3e-06, -0.032761, -3e-06, 0.003566, -0.999994, -0.097255, -0.001601, 0.999992, 0.003566, 0.334108, 0.0, 0.0, 0.0, 1.0],
                [0.999998, 0.001744, 5e-06, -0.039416, -2e-06, 0.003499, -0.999994, -0.103601, -0.001744, 0.999992, 0.003499, 0.276886, 0.0, 0.0, 0.0, 1.0],
                [0.999998, 0.001808, 3e-06, -0.046088, -3e-06, 0.003464, -0.999994, -0.094334, -0.001808, 0.999992, 0.003464, 0.227787, 0.0, 0.0, 0.0, 1.0],
                [0.999998, 0.001816, 4e-06, -0.052747, -2e-06, 0.00346, -0.999994, -0.063518, -0.001816, 0.999992, 0.00346, 0.209853, 0.0, 0.0, 0.0, 1.0],
                [0.999998, 0.001871, 4e-06, -0.059325, -3e-06, 0.003433, -0.999994, -0.010858, -0.001871, 0.999992, 0.003433, 0.266861, 0.0, 0.0, 0.0, 1.0],
                [0.999998, 0.002053, 4e-06, -0.067688, -3e-06, 0.003324, -0.999994, 0.093116, -0.002053, 0.999992, 0.003324, 0.514427, 0.0, 0.0, 0.0, 1.0],
                [0.999997, 0.002268, 4e-06, -0.066982, -3e-06, 0.003184, -0.999995, 0.214546, -0.002268, 0.999992, 0.003184, 0.822271, 0.0, 0.0, 0.0, 1.0],
                [0.999997, 0.002369, 4e-06, -0.041974, -4e-06, 0.003108, -0.999995, 0.308635, -0.002369, 0.999992, 0.003108, 1.01965, 0.0, 0.0, 0.0, 1.0],
                [0.999997, 0.002579, 3e-06, -0.007975, -5e-06, 0.002937, -0.999996, 0.384261, -0.002579, 0.999992, 0.002937, 1.18547, 0.0, 0.0, 0.0, 1.0],
                [0.999995, 0.003141, 4e-06, 0.029022, -3e-06, 0.002326, -0.999997, 0.433485, -0.003141, 0.999992, 0.002326, 1.36622, 0.0, 0.0, 0.0, 1.0],
                [0.999994, 0.003582, 3e-06, 0.055734, -2e-06, 0.001563, -0.999999, 0.461019, -0.003582, 0.999992, 0.001563, 1.488399, 0.0, 0.0, 0.0, 1.0],
                [0.999993, 0.00378, 3e-06, 0.0642, -1e-06, 0.000993, -1.0, 0.4782, -0.00378, 0.999992, 0.000993, 1.531277, 0.0, 0.0, 0.0, 1.0],
                [0.999992, 0.003887, 1e-06, 0.069786, -1e-06, 0.000403, -1.0, 0.493332, -0.003887, 0.999992, 0.000403, 1.562696, 0.0, 0.0, 0.0, 1.0],
                [0.999985, 0.003905, -0.003772, 0.073306, -0.003771, -0.000151, -0.999993, 0.506738, -0.003906, 0.999992, -0.000137, 1.585, 0.0, 0.0, 0.0, 1.0],
                [0.999987, 0.003858, -0.003413, 0.075429, -0.003411, -0.000624, -0.999994, 0.518737, -0.00386, 0.999992, -0.000611, 1.600535, 0.0, 0.0, 0.0, 1.0],
                [0.999988, 0.003777, -0.0032, 0.077537, -0.003196, -0.001004, -0.999995, 0.529631, -0.00378, 0.999992, -0.000992, 1.611647, 0.0, 0.0, 0.0, 1.0],
                [0.999989, 0.003688, -0.003071, 0.07964, -0.003066, -0.001292, -0.999994, 0.539718, -0.003692, 0.999992, -0.001281, 1.620683, 0.0, 0.0, 0.0, 1.0],
                [0.999989, 0.003613, -0.002996, 0.083091, -0.002991, -0.00149, -0.999994, 0.549296, -0.003618, 0.999992, -0.00148, 1.629987, 0.0, 0.0, 0.0, 1.0],
                [0.999989, 0.003556, -0.002954, 0.08789, -0.002948, -0.001622, -0.999994, 0.557317, -0.003561, 0.999992, -0.001611, 1.639729, 0.0, 0.0, 0.0, 1.0],
                [0.99999, 0.00351, -0.002926, 0.092695, -0.00292, -0.001717, -0.999994, 0.562987, -0.003515, 0.999992, -0.001707, 1.648509, 0.0, 0.0, 0.0, 1.0],
                [0.99999, 0.003477, -0.002907, 0.097507, -0.002901, -0.001783, -0.999994, 0.566982, -0.003483, 0.999992, -0.001772, 1.656324, 0.0, 0.0, 0.0, 1.0],
                [0.99999, 0.003458, -0.002896, 0.102324, -0.00289, -0.001823, -0.999994, 0.569985, -0.003463, 0.999992, -0.001813, 1.663169, 0.0, 0.0, 0.0, 1.0],
                [0.99999, 0.003444, -0.002892, 0.107143, -0.002885, -0.001846, -0.999994, 0.572674, -0.003449, 0.999992, -0.001836, 1.669042, 0.0, 0.0, 0.0, 1.0],
                [0.99999, 0.003439, -0.002887, 0.111968, -0.002881, -0.001859, -0.999994, 0.575726, -0.003444, 0.999992, -0.001849, 1.673938, 0.0, 0.0, 0.0, 1.0],
                [0.99999, 0.003435, -0.002886, 0.116792, -0.00288, -0.001863, -0.999994, 0.579823, -0.003441, 0.999992, -0.001853, 1.677854, 0.0, 0.0, 0.0, 1.0],
                [0.99999, 0.003432, -0.002886, 0.121618, -0.002879, -0.001869, -0.999994, 0.585643, -0.003438, 0.999992, -0.001859, 1.680786, 0.0, 0.0, 0.0, 1.0],
                [0.99999, 0.00343, -0.002885, 0.126443, -0.002878, -0.001875, -0.999994, 0.593866, -0.003435, 0.999992, -0.001865, 1.68273, 0.0, 0.0, 0.0, 1.0],
                [0.99999, 0.003417, -0.002879, 0.130464, -0.002872, -0.001896, -0.999994, 0.60517, -0.003423, 0.999992, -0.001886, 1.683683, 0.0, 0.0, 0.0, 1.0],
                [0.99999, 0.003396, -0.002869, 0.134481, -0.002863, -0.001935, -0.999994, 0.620233, -0.003401, 0.999992, -0.001925, 1.68364, 0.0, 0.0, 0.0, 1.0],
                [0.99999, 0.003359, -0.002855, 0.138491, -0.002849, -0.001998, -0.999994, 0.639736, -0.003364, 0.999992, -0.001988, 1.682598, 0.0, 0.0, 0.0, 1.0],
                [0.99999, 0.003315, -0.002841, 0.140853, -0.002834, -0.002073, -0.999994, 0.660918, -0.003321, 0.999992, -0.002063, 1.681885, 0.0, 0.0, 0.0, 1.0],
                [0.999991, 0.003266, -0.002826, 0.143212, -0.002819, -0.002145, -0.999994, 0.683432, -0.003272, 0.999992, -0.002136, 1.681309, 0.0, 0.0, 0.0, 1.0],
                [0.999991, 0.003211, -0.002813, 0.144319, -0.002805, -0.002228, -0.999994, 0.711575, -0.003217, 0.999992, -0.002219, 1.678593, 0.0, 0.0, 0.0, 1.0],
                [0.999991, 0.003136, -0.002797, 0.145417, -0.002789, -0.002333, -0.999993, 0.749643, -0.003142, 0.999992, -0.002324, 1.671451, 0.0, 0.0, 0.0, 1.0],
                [0.999992, 0.003029, -0.002781, 0.1465, -0.002773, -0.00247, -0.999993, 0.801931, -0.003036, 0.999992, -0.002461, 1.657605, 0.0, 0.0, 0.0, 1.0],
                [0.999992, 0.002871, -0.002769, 0.147559, -0.002761, -0.002653, -0.999993, 0.872735, -0.002878, 0.999992, -0.002645, 1.634773, 0.0, 0.0, 0.0, 1.0],
                [0.999993, 0.002624, -0.002771, 0.148578, -0.002763, -0.002896, -0.999992, 0.966349, -0.002632, 0.999992, -0.002888, 1.600675, 0.0, 0.0, 0.0, 1.0],
                [0.999994, 0.00157, -0.002967, 0.155304, -0.002961, -0.003579, -0.999989, 1.209327, -0.001581, 0.999992, -0.003574, 1.493964, 0.0, 0.0, 0.0, 1.0],
                [0.999993, 0.000199, -0.003716, 0.155577, -0.003715, -0.003903, -0.999985, 1.598077, -0.000214, 0.999992, -0.003902, 1.318169, 0.0, 0.0, 0.0, 1.0],
                [0.999993, 7e-05, -0.003834, 0.134357, -0.003834, -0.003907, -0.999985, 2.060318, -8.5e-05, 0.999992, -0.003907, 1.112147, 0.0, 0.0, 0.0, 1.0],
                [0.999993, 0.000244, -0.003679, 0.105324, -0.003678, -0.003901, -0.999986, 2.557023, -0.000258, 0.999992, -0.0039, 0.88605, 0.0, 0.0, 0.0, 1.0],
                [0.999993, 0.000372, -0.00358, 0.076259, -0.003578, -0.003892, -0.999986, 2.998331, -0.000386, 0.999992, -0.00389, 0.661757, 0.0, 0.0, 0.0, 1.0],
                [0.999999, -0.001016, 2e-06, 0.077623, -1e-06, -0.003774, -0.999993, 3.373271, 0.001016, 0.999992, -0.003774, 0.488862, 0.0, 0.0, 0.0, 1.0],
                [0.999997, -0.002312, 4e-06, 0.07928, -4e-06, -0.003152, -0.999995, 3.491207, 0.002312, 0.999992, -0.003152, 0.290692, 0.0, 0.0, 0.0, 1.0],
                [0.999997, -0.002567, 5e-06, 0.081245, -3e-06, -0.002947, -0.999996, 3.589203, 0.002567, 0.999992, -0.002947, 0.178721, 0.0, 0.0, 0.0, 1.0],
                [0.999998, -0.002028, 6e-06, 0.052094, -1e-06, -0.003341, -0.999994, 3.665445, 0.002028, 0.999992, -0.003341, 0.202082, 0.0, 0.0, 0.0, 1.0],
                [0.999999, -0.001433, 3e-06, 0.042476, -2e-06, -0.003636, -0.999993, 3.917351, 0.001433, 0.999992, -0.003636, 0.499026, 0.0, 0.0, 0.0, 1.0],
                [1.0, -0.000936, 2e-06, 0.030595, -1e-06, -0.003794, -0.999993, 4.2531, 0.000936, 0.999992, -0.003794, 0.794212, 0.0, 0.0, 0.0, 1.0],
                [1.0, -0.000408, 0.0, -0.00552, -1e-06, -0.003886, -0.999992, 4.421141, 0.000408, 0.999992, -0.003886, 0.937964, 0.0, 0.0, 0.0, 1.0],
                [0.999993, 8e-06, -0.003891, -0.044812, -0.003891, -0.003908, -0.999985, 4.537623, -2.3e-05, 0.999992, -0.003908, 1.008714, 0.0, 0.0, 0.0, 1.0],
                [0.999993, 0.000231, -0.003692, -0.072957, -0.003691, -0.003902, -0.999986, 4.647556, -0.000245, 0.999992, -0.003901, 1.059903, 0.0, 0.0, 0.0, 1.0],
                [0.999994, 0.000448, -0.003523, -0.096988, -0.003521, -0.003883, -0.999986, 4.745428, -0.000462, 0.999992, -0.003881, 1.088159, 0.0, 0.0, 0.0, 1.0],
                [0.999994, 0.000671, -0.003376, -0.121016, -0.003373, -0.00385, -0.999987, 4.828762, -0.000684, 0.999992, -0.003847, 1.072467, 0.0, 0.0, 0.0, 1.0],
                [0.999994, 0.000905, -0.003244, -0.145038, -0.00324, -0.003802, -0.999988, 4.891984, -0.000918, 0.999992, -0.003799, 0.989568, 0.0, 0.0, 0.0, 1.0],
                [0.999994, 0.001083, -0.003157, -0.169086, -0.003153, -0.003757, -0.999988, 4.940661, -0.001095, 0.999992, -0.003753, 0.862722, 0.0, 0.0, 0.0, 1.0],
                [0.999994, 0.001051, -0.003171, -0.188618, -0.003167, -0.003764, -0.999988, 4.989017, -0.001063, 0.999992, -0.003761, 0.740684, 0.0, 0.0, 0.0, 1.0],
                [1.0, -0.000127, 2e-06, -0.189035, 1e-06, -0.003907, -0.999992, 5.040695, 0.000127, 0.999992, -0.003907, 0.658953, 0.0, 0.0, 0.0, 1.0],
                [1.0, -0.00059, 2e-06, -0.142512, -0.0, -0.003863, -0.999993, 5.143223, 0.00059, 0.999992, -0.003863, 0.505555, 0.0, 0.0, 0.0, 1.0],
                [1.0, -0.000905, 1e-06, -0.085635, -2e-06, -0.003801, -0.999993, 5.287947, 0.000905, 0.999992, -0.003801, 0.567884, 0.0, 0.0, 0.0, 1.0],
                [0.999999, -0.001285, 3e-06, -0.055445, -2e-06, -0.003691, -0.999993, 5.490021, 0.001285, 0.999992, -0.003691, 0.678367, 0.0, 0.0, 0.0, 1.0],
                [0.999999, -0.001632, 4e-06, -0.029501, -2e-06, -0.003551, -0.999994, 5.704595, 0.001632, 0.999992, -0.003551, 0.798032, 0.0, 0.0, 0.0, 1.0],
                [0.999998, -0.002043, 5e-06, -0.003563, -2e-06, -0.003331, -0.999994, 5.911253, 0.002043, 0.999992, -0.003331, 0.914088, 0.0, 0.0, 0.0, 1.0],
                [0.999997, -0.002586, 3e-06, 0.027454, -5e-06, -0.00293, -0.999996, 6.089591, 0.002586, 0.999992, -0.00293, 1.013751, 0.0, 0.0, 0.0, 1.0],
                [0.999995, -0.003195, 3e-06, 0.073009, -4e-06, -0.002252, -0.999998, 6.195129, 0.003195, 0.999992, -0.002252, 1.067472, 0.0, 0.0, 0.0, 1.0],
                [0.999993, -0.003693, 3e-06, 0.125018, -2e-06, -0.001281, -0.999999, 6.231771, 0.003693, 0.999992, -0.001281, 1.091101, 0.0, 0.0, 0.0, 1.0],
                [0.999992, -0.003907, -1e-06, 0.187003, -1e-06, -5.6e-05, -1.0, 6.207453, 0.003907, 0.999992, -5.6e-05, 1.10957, 0.0, 0.0, 0.0, 1.0],
                [0.999989, -0.003675, 0.003048, 0.219537, 0.003053, 0.00133, -0.999994, 6.167933, 0.003671, 0.999992, 0.001341, 1.121824, 0.0, 0.0, 0.0, 1.0],
                [0.999993, -0.002376, 0.002784, 0.164869, 0.002791, 0.003103, -0.999991, 6.168737, 0.002367, 0.999992, 0.003109, 1.139906, 0.0, 0.0, 0.0, 1.0],
                [0.999994, -0.000417, 0.003555, 0.081887, 0.003557, 0.003884, -0.999986, 6.188271, 0.000403, 0.999992, 0.003886, 1.149453, 0.0, 0.0, 0.0, 1.0],
                [1.0, 7.4e-05, 1e-06, 0.016022, 0.0, 0.003907, -0.999992, 6.249842, -7.4e-05, 0.999992, 0.003907, 1.114381, 0.0, 0.0, 0.0, 1.0],
                [1.0, 0.000347, -1e-06, 0.007122, -2e-06, 0.003892, -0.999992, 6.311111, -0.000347, 0.999992, 0.003892, 1.005969, 0.0, 0.0, 0.0, 1.0],
                [1.0, 0.000571, 1e-06, 0.011858, -1e-06, 0.003867, -0.999993, 6.361797, -0.000571, 0.999992, 0.003867, 0.883801, 0.0, 0.0, 0.0, 1.0],
                [1.0, 0.000785, 2e-06, 0.016589, -1e-06, 0.003828, -0.999993, 6.38694, -0.000785, 0.999992, 0.003828, 0.762662, 0.0, 0.0, 0.0, 1.0],
                [1.0, 0.000951, 2e-06, 0.027059, -2e-06, 0.00379, -0.999993, 6.396417, -0.000951, 0.999992, 0.00379, 0.650138, 0.0, 0.0, 0.0, 1.0],
                [0.999999, 0.001055, 2e-06, 0.041618, -2e-06, 0.003763, -0.999993, 6.399621, -0.001055, 0.999992, 0.003763, 0.549082, 0.0, 0.0, 0.0, 1.0],
                [0.999999, 0.001134, 1e-06, 0.05806, -3e-06, 0.003741, -0.999993, 6.399401, -0.001134, 0.999992, 0.003741, 0.44802, 0.0, 0.0, 0.0, 1.0],
                [0.999999, 0.001211, 4e-06, 0.074498, -1e-06, 0.003717, -0.999993, 6.39723, -0.001211, 0.999992, 0.003717, 0.358761, 0.0, 0.0, 0.0, 1.0],
                [0.999999, 0.001316, 2e-06, 0.090951, -3e-06, 0.003681, -0.999993, 6.394586, -0.001316, 0.999992, 0.003681, 0.290815, 0.0, 0.0, 0.0, 1.0],
                [0.999999, 0.001478, 4e-06, 0.107429, -1e-06, 0.003617, -0.999993, 6.389517, -0.001478, 0.999992, 0.003617, 0.249364, 0.0, 0.0, 0.0, 1.0],
                [0.999999, 0.001672, 4e-06, 0.123925, -2e-06, 0.003532, -0.999994, 6.382017, -0.001672, 0.999992, 0.003532, 0.228198, 0.0, 0.0, 0.0, 1.0],
                [0.999998, 0.001848, 4e-06, 0.139185, -2e-06, 0.003444, -0.999994, 6.376474, -0.001848, 0.999992, 0.003444, 0.220337, 0.0, 0.0, 0.0, 1.0],
                [0.999998, 0.001951, 3e-06, 0.151476, -4e-06, 0.003388, -0.999994, 6.377277, -0.001951, 0.999992, 0.003388, 0.219599, 0.0, 0.0, 0.0, 1.0],
                [0.999998, 0.001991, 4e-06, 0.161071, -3e-06, 0.003364, -0.999994, 6.384962, -0.001991, 0.999992, 0.003364, 0.220427, 0.0, 0.0, 0.0, 1.0],
                [0.999998, 0.002008, 4e-06, 0.170666, -2e-06, 0.003354, -0.999994, 6.396177, -0.002008, 0.999992, 0.003354, 0.226985, 0.0, 0.0, 0.0, 1.0],
                [0.999998, 0.002006, 3e-06, 0.178736, -4e-06, 0.003353, -0.999994, 6.409466, -0.002006, 0.999992, 0.003353, 0.235581, 0.0, 0.0, 0.0, 1.0],
                [0.999998, 0.001993, 2e-06, 0.186805, -5e-06, 0.003362, -0.999994, 6.423386, -0.001993, 0.999992, 0.003362, 0.246404, 0.0, 0.0, 0.0, 1.0],
                [0.999998, 0.001972, 4e-06, 0.193032, -3e-06, 0.003375, -0.999994, 6.436482, -0.001972, 0.999992, 0.003375, 0.258474, 0.0, 0.0, 0.0, 1.0],
                [0.999998, 0.001951, 2e-06, 0.199258, -4e-06, 0.003389, -0.999994, 6.447306, -0.001951, 0.999992, 0.003389, 0.270742, 0.0, 0.0, 0.0, 1.0],
                [0.999998, 0.001928, 2e-06, 0.20311, -4e-06, 0.003399, -0.999994, 6.454408, -0.001928, 0.999992, 0.003399, 0.28329, 0.0, 0.0, 0.0, 1.0],
                [0.999998, 0.001907, 2e-06, 0.206961, -4e-06, 0.003411, -0.999994, 6.458301, -0.001907, 0.999992, 0.003411, 0.296196, 0.0, 0.0, 0.0, 1.0],
                [0.999998, 0.001883, 4e-06, 0.210812, -3e-06, 0.003426, -0.999994, 6.460654, -0.001883, 0.999992, 0.003426, 0.309539, 0.0, 0.0, 0.0, 1.0],
                [0.999998, 0.001858, 3e-06, 0.213203, -4e-06, 0.003439, -0.999994, 6.461776, -0.001858, 0.999992, 0.003439, 0.3234, 0.0, 0.0, 0.0, 1.0],
                [0.999998, 0.001828, 5e-06, 0.215595, -1e-06, 0.003456, -0.999994, 6.46197, -0.001828, 0.999992, 0.003456, 0.337566, 0.0, 0.0, 0.0, 1.0],
                [0.999998, 0.001799, 4e-06, 0.217026, -2e-06, 0.003472, -0.999994, 6.461544, -0.001799, 0.999992, 0.003472, 0.351746, 0.0, 0.0, 0.0, 1.0],
                [0.999998, 0.001769, 4e-06, 0.218457, -2e-06, 0.003488, -0.999994, 6.460797, -0.001769, 0.999992, 0.003488, 0.365903, 0.0, 0.0, 0.0, 1.0],
                [0.999998, 0.001738, 4e-06, 0.219888, -2e-06, 0.003502, -0.999994, 6.460035, -0.001738, 0.999992, 0.003502, 0.38, 0.0, 0.0, 0.0, 1.0],
                [0.999999, 0.001708, 1e-06, 0.221317, -5e-06, 0.003518, -0.999994, 6.459564, -0.001708, 0.999992, 0.003518, 0.394001, 0.0, 0.0, 0.0, 1.0],
                [0.999998, 0.001677, 4e-06, 0.222747, -1e-06, 0.00353, -0.999994, 6.459685, -0.001677, 0.999992, 0.00353, 0.40771, 0.0, 0.0, 0.0, 1.0],
                [0.999999, 0.001646, 3e-06, 0.224175, -3e-06, 0.003544, -0.999994, 6.460708, -0.001646, 0.999992, 0.003544, 0.42107, 0.0, 0.0, 0.0, 1.0],
                [0.999999, 0.001619, 2e-06, 0.225604, -4e-06, 0.00356, -0.999994, 6.462932, -0.001619, 0.999992, 0.00356, 0.434255, 0.0, 0.0, 0.0, 1.0],
                [0.999999, 0.001591, 3e-06, 0.227029, -2e-06, 0.003572, -0.999994, 6.466485, -0.001591, 0.999992, 0.003572, 0.445024, 0.0, 0.0, 0.0, 1.0],
                [0.999999, 0.001561, 3e-06, 0.229817, -2e-06, 0.003584, -0.999993, 6.471126, -0.001561, 0.999992, 0.003584, 0.455214, 0.0, 0.0, 0.0, 1.0],
                [0.999999, 0.001534, 4e-06, 0.232603, -1e-06, 0.003597, -0.999993, 6.476604, -0.001534, 0.999992, 0.003597, 0.46487, 0.0, 0.0, 0.0, 1.0],
                [0.999999, 0.001504, 3e-06, 0.235389, -2e-06, 0.003609, -0.999993, 6.482666, -0.001504, 0.999992, 0.003609, 0.474453, 0.0, 0.0, 0.0, 1.0],
                [0.999999, 0.001476, 4e-06, 0.238175, -1e-06, 0.003622, -0.999993, 6.48906, -0.001476, 0.999992, 0.003622, 0.484001, 0.0, 0.0, 0.0, 1.0],
                [0.999999, 0.001447, 3e-06, 0.238658, -2e-06, 0.003632, -0.999993, 6.495534, -0.001447, 0.999992, 0.003632, 0.493549, 0.0, 0.0, 0.0, 1.0],
                [0.999999, 0.001417, 2e-06, 0.23914, -3e-06, 0.003641, -0.999993, 6.501834, -0.001417, 0.999992, 0.003641, 0.503137, 0.0, 0.0, 0.0, 1.0],
                [0.999999, 0.001389, 3e-06, 0.236833, -2e-06, 0.003651, -0.999993, 6.50771, -0.001389, 0.999992, 0.003651, 0.513204, 0.0, 0.0, 0.0, 1.0],
                [0.999999, 0.001361, 3e-06, 0.23204, -2e-06, 0.003663, -0.999993, 6.512911, -0.001361, 0.999992, 0.003663, 0.524222, 0.0, 0.0, 0.0, 1.0],
                [0.999999, 0.001333, 2e-06, 0.223752, -3e-06, 0.003673, -0.999993, 6.518, -0.001333, 0.999992, 0.003673, 0.536293, 0.0, 0.0, 0.0, 1.0],
                [0.999999, 0.001308, 3e-06, 0.215465, -2e-06, 0.003684, -0.999993, 6.523563, -0.001308, 0.999992, 0.003684, 0.549513, 0.0, 0.0, 0.0, 1.0],
                [0.999999, 0.001283, 3e-06, 0.203934, -2e-06, 0.003693, -0.999993, 6.529379, -0.001283, 0.999992, 0.003693, 0.563381, 0.0, 0.0, 0.0, 1.0],
                [0.999999, 0.001257, 3e-06, 0.192403, -2e-06, 0.003702, -0.999993, 6.535227, -0.001257, 0.999992, 0.003702, 0.577312, 0.0, 0.0, 0.0, 1.0],
                [0.999999, 0.001231, 2e-06, 0.17888, -2e-06, 0.003711, -0.999993, 6.540884, -0.001231, 0.999992, 0.003711, 0.591271, 0.0, 0.0, 0.0, 1.0],
                [0.999999, 0.001204, 3e-06, 0.165355, -2e-06, 0.003718, -0.999993, 6.546135, -0.001204, 0.999992, 0.003718, 0.605221, 0.0, 0.0, 0.0, 1.0],
                [0.999999, 0.001179, 2e-06, 0.151832, -3e-06, 0.003727, -0.999993, 6.550752, -0.001179, 0.999992, 0.003727, 0.619128, 0.0, 0.0, 0.0, 1.0],
                [0.999999, 0.001153, 3e-06, 0.138309, -2e-06, 0.003735, -0.999993, 6.554521, -0.001153, 0.999992, 0.003735, 0.632784, 0.0, 0.0, 0.0, 1.0],
                [0.999999, 0.001123, 2e-06, 0.124781, -2e-06, 0.003742, -0.999993, 6.557215, -0.001123, 0.999992, 0.003742, 0.645459, 0.0, 0.0, 0.0, 1.0],
                [1.0, 0.001096, 2e-06, 0.112948, -2e-06, 0.003752, -0.999993, 6.558616, -0.001096, 0.999992, 0.003752, 0.65633, 0.0, 0.0, 0.0, 1.0],
                [0.999999, 0.001062, 2e-06, 0.101111, -2e-06, 0.00376, -0.999993, 6.558502, -0.001062, 0.999992, 0.00376, 0.665839, 0.0, 0.0, 0.0, 1.0],
                [0.999999, 0.001031, 1e-06, 0.090736, -3e-06, 0.00377, -0.999993, 6.55652, -0.001031, 0.999992, 0.00377, 0.674979, 0.0, 0.0, 0.0, 1.0],
                [1.0, 0.000991, 1e-06, 0.080354, -3e-06, 0.003781, -0.999993, 6.552689, -0.000991, 0.999992, 0.003781, 0.681353, 0.0, 0.0, 0.0, 1.0],
                [1.0, 0.000951, 2e-06, 0.069974, -2e-06, 0.00379, -0.999993, 6.547354, -0.000951, 0.999992, 0.00379, 0.687301, 0.0, 0.0, 0.0, 1.0],
                [1.0, 0.000908, 5e-06, 0.059589, 1e-06, 0.003803, -0.999993, 6.540866, -0.000908, 0.999992, 0.003803, 0.692824, 0.0, 0.0, 0.0, 1.0],
                [1.0, 0.000864, 2e-06, 0.050304, -2e-06, 0.003812, -0.999993, 6.533568, -0.000864, 0.999992, 0.003812, 0.697921, 0.0, 0.0, 0.0, 1.0],
                [1.0, 0.000821, 2e-06, 0.041018, -1e-06, 0.003823, -0.999993, 6.525804, -0.000821, 0.999992, 0.003823, 0.701202, 0.0, 0.0, 0.0, 1.0],
                [1.0, 0.000777, 1e-06, 0.03173, -2e-06, 0.00383, -0.999993, 6.517922, -0.000777, 0.999992, 0.00383, 0.704482, 0.0, 0.0, 0.0, 1.0],
                [1.0, 0.000737, 0.0, 0.022444, -2e-06, 0.003838, -0.999993, 6.510267, -0.000737, 0.999992, 0.003838, 0.707762, 0.0, 0.0, 0.0, 1.0],
                [1.0, 0.000697, 0.0, 0.015064, -2e-06, 0.003846, -0.999993, 6.503185, -0.000697, 0.999992, 0.003846, 0.711042, 0.0, 0.0, 0.0, 1.0],
                [1.0, 0.000666, 3e-06, 0.007688, 1e-06, 0.003853, -0.999992, 6.497023, -0.000666, 0.999992, 0.003853, 0.714321, 0.0, 0.0, 0.0, 1.0],
                [1.0, 0.000632, 2e-06, 0.000312, -0.0, 0.003858, -0.999993, 6.492128, -0.000632, 0.999992, 0.003858, 0.717598, 0.0, 0.0, 0.0, 1.0]
            ]
        },
        {
            "name": "Thigh_R",
            "time": [0.0, 0.0333, 0.0667, 0.1, 0.1333, 0.1667, 0.2, 0.2333, 0.2667, 0.3, 0.3333, 0.3667, 0.4, 0.4333, 0.4667, 0.5, 0.5333, 0.5667, 0.6, 0.6333, 0.6667, 0.7, 0.7333, 0.7667, 0.8, 0.8333, 0.8667, 0.9, 0.9333, 0.9667, 1.0, 1.0333, 1.0667, 1.1, 1.1333, 1.1667, 1.2, 1.2333, 1.2667, 1.3, 1.3333, 1.3667, 1.4, 1.4333, 1.4667, 1.5, 1.5333, 1.5667, 1.6, 1.6333, 1.6667, 1.7, 1.7333, 1.7667, 1.8, 1.8333, 1.8667, 1.9, 1.9333, 1.9667, 2.0, 2.0333, 2.0667, 2.1, 2.1333, 2.1667, 2.2, 2.2333, 2.2667, 2.3, 2.3333, 2.3667, 2.4, 2.4333, 2.4667, 2.5, 2.5333, 2.5667, 2.6, 2.6333, 2.6667, 2.7, 2.7333, 2.7667, 2.8, 2.8333, 2.8667, 2.9, 2.9333, 2.9667, 3.0, 3.0333, 3.0667, 3.1, 3.1333, 3.1667, 3.2, 3.2333, 3.2667, 3.3, 3.3333, 3.3667, 3.4, 3.4333, 3.4667, 3.5, 3.5333, 3.5667, 3.6, 3.6333, 3.6667, 3.7, 3.7333, 3.7667, 3.8, 3.8333, 3.8667, 3.9, 3.9333, 3.9667, 4.0, 4.0333, 4.0667, 4.1, 4.1333, 4.1667, 4.2, 4.2333, 4.2667, 4.3, 4.3333, 4.3667, 4.4, 4.4333, 4.4667, 4.5],
            "transform": [
                [0.860516, 0.267306, 0.433658, 0.124994, 0.232829, -0.96353, 0.131911, -0.002831, 0.453103, -0.012543, -0.89137, -1.2e-05, 0.0, 0.0, 0.0, 1.0],
                [0.753067, 0.421529, 0.505177, 0.124994, 0.199462, -0.877943, 0.435235, -0.002831, 0.626981, -0.226997, -0.745229, -1.2e-05, 0.0, 0.0, 0.0, 1.0],
                [0.606256, 0.585867, 0.537786, 0.124994, 0.148662, -0.747799, 0.647067, -0.002831, 0.781251, -0.312339, -0.540454, -1.2e-05, 0.0, 0.0, 0.0, 1.0],
                [0.441689, 0.732726, 0.517709, 0.124994, 0.072069, -0.60416, 0.793597, -0.002831, 0.894269, -0.313212, -0.319658, -1.2e-05, 0.0, 0.0, 0.0, 1.0],
                [0.287145, 0.812334, 0.507603, 0.124994, -0.001879, -0.52944, 0.848345, -0.002831, 0.957886, -0.244551, -0.1505, -1.2e-05, 0.0, 0.0, 0.0, 1.0],
                [0.170033, 0.845568, 0.506067, 0.124994, -0.063933, -0.502997, 0.86192, -0.002831, 0.983362, -0.178909, -0.031467, -1.2e-05, 0.0, 0.0, 0.0, 1.0],
                [0.104672, 0.838648, 0.534521, 0.124994, -0.096116, -0.526426, 0.84477, -0.002831, 0.989851, -0.139799, 0.025506, -1.2e-05, 0.0, 0.0, 0.0, 1.0],
                [0.163691, 0.878677, 0.448477, 0.124994, -0.045147, -0.44746, 0.893163, -0.002831, 0.985478, -0.166451, -0.033576, -1.2e-05, 0.0, 0.0, 0.0, 1.0],
                [0.312753, 0.872678, 0.374993, 0.124994, 0.090983, -0.420506, 0.902716, -0.002831, 0.945467, -0.248209, -0.210914, -1.2e-05, 0.0, 0.0, 0.0, 1.0],
                [0.413032, 0.85544, 0.312454, 0.124994, 0.243962, -0.434474, 0.867015, -0.002831, 0.877432, -0.281877, -0.388147, -1.2e-05, 0.0, 0.0, 0.0, 1.0],
                [0.428754, 0.83588, 0.342746, 0.124994, 0.434621, -0.523444, 0.732878, -0.002831, 0.792006, -0.16526, -0.58772, -1.2e-05, 0.0, 0.0, 0.0, 1.0],
                [0.357824, 0.808583, 0.467069, 0.124994, 0.546268, -0.586928, 0.597583, -0.002831, 0.757333, 0.041315, -0.651721, -1.2e-05, 0.0, 0.0, 0.0, 1.0],
                [0.138071, 0.818631, 0.557477, 0.124994, 0.466454, -0.550282, 0.692539, -0.002831, 0.873703, 0.164418, -0.457832, -1.2e-05, 0.0, 0.0, 0.0, 1.0],
                [-0.238979, 0.774039, 0.586304, 0.124994, 0.309315, -0.511663, 0.801577, -0.002831, 0.920442, 0.372913, -0.117146, -1.2e-05, 0.0, 0.0, 0.0, 1.0],
                [-0.794564, 0.430844, 0.427832, 0.124994, 0.214513, -0.459991, 0.861622, -0.002831, 0.568024, 0.77639, 0.27307, -1.2e-05, 0.0, 0.0, 0.0, 1.0],
                [-0.988561, -0.008416, 0.150588, 0.124994, 0.142333, -0.382306, 0.913008, -0.002831, 0.049887, 0.923997, 0.379131, -1.2e-05, 0.0, 0.0, 0.0, 1.0],
                [-0.980977, -0.186418, 0.054157, 0.124994, 0.113024, -0.32165, 0.940089, -0.002831, -0.15783, 0.928326, 0.336601, -1.2e-05, 0.0, 0.0, 0.0, 1.0],
                [-0.942197, -0.33495, -0.008528, 0.124994, 0.087066, -0.269331, 0.959104, -0.002831, -0.323548, 0.902922, 0.282926, -1.2e-05, 0.0, 0.0, 0.0, 1.0],
                [-0.888338, -0.457103, -0.043738, 0.124994, 0.067295, -0.223818, 0.972305, -0.002831, -0.454232, 0.860792, 0.229587, -1.2e-05, 0.0, 0.0, 0.0, 1.0],
                [-0.830451, -0.55357, -0.062545, 0.124994, 0.052986, -0.190248, 0.980305, -0.002831, -0.554567, 0.810781, 0.187322, -1.2e-05, 0.0, 0.0, 0.0, 1.0],
                [-0.773809, -0.62912, -0.073671, 0.124994, 0.041865, -0.16685, 0.985093, -0.002831, -0.632034, 0.75919, 0.155448, -1.2e-05, 0.0, 0.0, 0.0, 1.0],
                [-0.721684, -0.687287, -0.082514, 0.124994, 0.03226, -0.152466, 0.987782, -0.002831, -0.69147, 0.710205, 0.132204, -1.2e-05, 0.0, 0.0, 0.0, 1.0],
                [-0.675067, -0.73202, -0.091822, 0.124994, 0.02353, -0.145762, 0.98904, -0.002831, -0.737381, 0.665508, 0.115624, -1.2e-05, 0.0, 0.0, 0.0, 1.0],
                [-0.635184, -0.766136, -0.097864, 0.124994, 0.02023, -0.143168, 0.989492, -0.002831, -0.772096, 0.626529, 0.106436, -1.2e-05, 0.0, 0.0, 0.0, 1.0],
                [-0.604321, -0.790245, -0.101536, 0.124994, 0.022614, -0.144401, 0.989261, -0.002831, -0.79642, 0.595535, 0.105135, -1.2e-05, 0.0, 0.0, 0.0, 1.0],
                [-0.581701, -0.80774, -0.095809, 0.124994, 0.036855, -0.14384, 0.988914, -0.002831, -0.812567, 0.571722, 0.113441, -1.2e-05, 0.0, 0.0, 0.0, 1.0],
                [-0.565916, -0.819381, -0.091399, 0.124994, 0.050044, -0.144794, 0.988195, -0.002831, -0.822942, 0.554662, 0.122946, -1.2e-05, 0.0, 0.0, 0.0, 1.0],
                [-0.556205, -0.826709, -0.08478, 0.124994, 0.063918, -0.144271, 0.987472, -0.002831, -0.828583, 0.543818, 0.133085, -1.2e-05, 0.0, 0.0, 0.0, 1.0],
                [-0.549731, -0.831845, -0.076353, 0.124994, 0.077033, -0.141496, 0.986937, -0.002831, -0.831782, 0.536668, 0.141864, -1.2e-05, 0.0, 0.0, 0.0, 1.0],
                [-0.545298, -0.835556, -0.067053, 0.124994, 0.089189, -0.137373, 0.986496, -0.002831, -0.833484, 0.531954, 0.149431, -1.2e-05, 0.0, 0.0, 0.0, 1.0],
                [-0.538902, -0.840184, -0.060626, 0.124994, 0.095208, -0.132261, 0.986632, -0.002831, -0.83697, 0.525926, 0.151268, -1.2e-05, 0.0, 0.0, 0.0, 1.0],
                [-0.530392, -0.845957, -0.05514, 0.124994, 0.095694, -0.124371, 0.98761, -0.002831, -0.842334, 0.518544, 0.146918, -1.2e-05, 0.0, 0.0, 0.0, 1.0],
                [-0.517288, -0.854054, -0.054809, 0.124994, 0.088018, -0.116797, 0.989248, -0.002831, -0.851273, 0.506902, 0.13559, -1.2e-05, 0.0, 0.0, 0.0, 1.0],
                [-0.496934, -0.865833, -0.058223, 0.124994, 0.071154, -0.107522, 0.991653, -0.002831, -0.864867, 0.488643, 0.115039, -1.2e-05, 0.0, 0.0, 0.0, 1.0],
                [-0.465287, -0.88263, -0.066871, 0.124994, 0.045245, -0.099164, 0.994042, -0.002831, -0.884003, 0.459489, 0.086074, -1.2e-05, 0.0, 0.0, 0.0, 1.0],
                [-0.426905, -0.90098, -0.077378, 0.124994, -0.004091, -0.083643, 0.996487, -0.002831, -0.904288, 0.425721, 0.032021, -1.2e-05, 0.0, 0.0, 0.0, 1.0],
                [-0.382603, -0.920069, -0.084187, 0.124994, -0.080839, -0.057434, 0.995071, -0.002831, -0.92037, 0.387523, -0.052403, -1.2e-05, 0.0, 0.0, 0.0, 1.0],
                [-0.324966, -0.94194, -0.084534, 0.124994, -0.17676, -0.027316, 0.983875, -0.002831, -0.929061, 0.334668, -0.157621, -1.2e-05, 0.0, 0.0, 0.0, 1.0],
                [-0.251935, -0.964322, -0.081313, 0.124994, -0.282419, -0.007103, 0.959265, -0.00283, -0.925618, 0.264636, -0.270554, -1.2e-05, 0.0, 0.0, 0.0, 1.0],
                [-0.155919, -0.985581, -0.065725, 0.124994, -0.387154, -0.000239, 0.922015, -0.002831, -0.908736, 0.169205, -0.381535, -1.2e-05, 0.0, 0.0, 0.0, 1.0],
                [-0.032424, -0.998554, -0.042872, 0.124994, -0.479407, -0.0221, 0.877314, -0.002831, -0.876994, 0.048999, -0.477997, -1.2e-05, 0.0, 0.0, 0.0, 1.0],
                [0.123682, -0.992135, -0.019249, 0.124994, -0.544441, -0.084064, 0.834576, -0.002831, -0.82963, -0.092742, -0.550557, -1.2e-05, 0.0, 0.0, 0.0, 1.0],
                [0.536116, -0.840146, -0.082067, 0.124994, -0.491824, -0.389892, 0.778519, -0.002831, -0.686067, -0.377014, -0.622232, -1.2e-05, 0.0, 0.0, 0.0, 1.0],
                [0.864912, -0.45619, -0.209325, 0.124994, -0.24127, -0.743579, 0.623602, -0.002831, -0.440131, -0.488857, -0.753196, -1.2e-05, 0.0, 0.0, 0.0, 1.0],
                [0.934043, -0.235957, -0.268119, 0.124994, -0.043319, -0.819999, 0.570723, -0.002831, -0.354523, -0.521465, -0.776136, -1.2e-05, 0.0, 0.0, 0.0, 1.0],
                [0.967966, -0.049007, -0.246254, 0.124994, 0.094696, -0.837086, 0.538814, -0.00283, -0.232541, -0.544873, -0.805629, -1.2e-05, 0.0, 0.0, 0.0, 1.0],
                [0.967212, 0.207572, 0.146339, 0.124994, 0.087591, -0.813485, 0.574952, -0.00283, 0.238388, -0.543283, -0.804993, -1.2e-05, 0.0, 0.0, 0.0, 1.0],
                [0.789535, 0.504874, 0.348908, 0.124994, 0.001045, -0.569631, 0.8219, -0.002831, 0.613705, -0.648554, -0.450271, -1.2e-05, 0.0, 0.0, 0.0, 1.0],
                [0.532757, 0.82035, 0.207835, 0.124994, 0.055236, -0.278774, 0.958767, -0.002831, 0.844464, -0.499309, -0.193833, -1.2e-05, 0.0, 0.0, 0.0, 1.0],
                [0.441413, 0.894717, -0.068083, 0.124994, 0.466527, -0.164024, 0.869165, -0.002831, 0.76649, -0.415424, -0.489813, -1.2e-05, 0.0, 0.0, 0.0, 1.0],
                [0.647541, 0.748113, -0.144976, 0.124994, 0.534945, -0.310779, 0.785652, -0.002831, 0.5427, -0.586296, -0.601442, -1.1e-05, 0.0, 0.0, 0.0, 1.0],
                [0.762821, 0.646521, 0.010699, 0.124994, 0.489889, -0.588654, 0.643036, -0.002831, 0.422035, -0.48528, -0.765761, -1.2e-05, 0.0, 0.0, 0.0, 1.0],
                [0.84855, 0.517125, 0.111998, 0.124994, 0.417361, -0.784269, 0.459055, -0.002831, 0.325225, -0.342787, -0.88132, -1.2e-05, 0.0, 0.0, 0.0, 1.0],
                [0.912516, 0.393477, 0.111762, 0.124994, 0.32674, -0.865551, 0.379554, -0.002831, 0.246082, -0.309832, -0.918394, -1.1e-05, 0.0, 0.0, 0.0, 1.0],
                [0.957675, 0.282393, 0.055795, 0.124994, 0.23656, -0.882538, 0.406404, -0.002831, 0.164006, -0.376004, -0.911988, -1.2e-05, 0.0, 0.0, 0.0, 1.0],
                [0.986823, 0.156606, -0.040686, 0.124994, 0.150063, -0.791762, 0.59211, -0.002831, 0.060514, -0.590413, -0.804829, -1.2e-05, 0.0, 0.0, 0.0, 1.0],
                [0.99664, 0.02514, -0.077949, 0.124994, 0.077816, -0.587549, 0.805438, -0.002831, -0.02555, -0.808798, -0.587531, -1.1e-05, 0.0, 0.0, 0.0, 1.0],
                [0.995301, -0.072213, -0.064511, 0.124994, 0.024403, -0.457667, 0.888789, -0.00283, -0.093707, -0.886187, -0.453754, -1.3e-05, 0.0, 0.0, 0.0, 1.0],
                [0.985759, -0.152463, -0.070951, 0.124994, -0.030264, -0.575871, 0.81698, -0.002831, -0.165418, -0.803198, -0.572284, -1.1e-05, 0.0, 0.0, 0.0, 1.0],
                [0.979735, -0.174489, -0.098351, 0.124994, -0.080037, -0.791165, 0.606342, -0.002831, -0.183612, -0.586183, -0.789098, -1.1e-05, 0.0, 0.0, 0.0, 1.0],
                [0.988042, -0.134021, -0.076228, 0.124994, -0.09638, -0.922764, 0.373117, -0.002831, -0.120346, -0.361309, -0.924647, -1.1e-05, 0.0, 0.0, 0.0, 1.0],
                [0.985255, -0.027835, 0.168809, 0.124994, -0.092517, -0.916654, 0.388826, -0.002831, 0.143917, -0.39871, -0.905714, -1.3e-05, 0.0, 0.0, 0.0, 1.0],
                [0.975026, -0.105544, 0.195407, 0.124994, -0.186359, -0.867416, 0.461368, -0.002831, 0.120804, -0.486262, -0.865422, -1.2e-05, 0.0, 0.0, 0.0, 1.0],
                [0.970771, -0.082163, 0.225503, 0.124994, -0.199877, -0.796884, 0.570109, -0.002831, 0.132858, -0.598519, -0.790015, -1.2e-05, 0.0, 0.0, 0.0, 1.0],
                [0.956417, 0.138521, 0.25706, 0.124994, -0.07633, -0.731117, 0.677969, -0.002831, 0.281853, -0.668042, -0.688679, -1.2e-05, 0.0, 0.0, 0.0, 1.0],
                [0.891002, 0.377225, 0.25262, 0.124994, 0.048132, -0.631783, 0.77365, -0.002831, 0.451441, -0.677164, -0.581076, -1.3e-05, 0.0, 0.0, 0.0, 1.0],
                [0.722602, 0.648505, 0.23935, 0.124994, 0.176088, -0.507512, 0.84346, -0.002831, 0.668461, -0.567338, -0.480924, -1.2e-05, 0.0, 0.0, 0.0, 1.0],
                [0.35567, 0.899754, 0.252868, 0.124994, 0.299338, -0.365972, 0.88117, -0.002831, 0.885379, -0.237713, -0.399496, -1.2e-05, 0.0, 0.0, 0.0, 1.0],
                [-0.24656, 0.916048, 0.316329, 0.124994, 0.425706, -0.190855, 0.884505, -0.002831, 0.870622, 0.352746, -0.34291, -1.1e-05, 0.0, 0.0, 0.0, 1.0],
                [-0.792409, 0.445164, 0.417033, 0.124994, 0.477592, 0.027473, 0.878152, -0.002831, 0.379464, 0.895028, -0.234377, -1.1e-05, 0.0, 0.0, 0.0, 1.0],
                [-0.835197, -0.358846, 0.416745, 0.124994, 0.380028, 0.171166, 0.909, -0.002831, -0.397523, 0.917568, -0.006586, -1.1e-05, 0.0, 0.0, 0.0, 1.0],
                [-0.302952, -0.938713, 0.164434, 0.124994, 0.205006, 0.104311, 0.973186, -0.002831, -0.930695, 0.328538, 0.16084, -1.1e-05, 0.0, 0.0, 0.0, 1.0],
                [0.595078, -0.763354, -0.251343, 0.124994, -0.009872, -0.319665, 0.947479, -0.002831, -0.803607, -0.561342, -0.197762, -1.3e-05, 0.0, 0.0, 0.0, 1.0],
                [0.99562, 0.064536, 0.067645, 0.124994, -0.012551, -0.624729, 0.780741, -0.00283, 0.092645, -0.77817, -0.621183, -1.3e-05, 0.0, 0.0, 0.0, 1.0],
                [0.955059, 0.255007, 0.151111, 0.124994, 0.087485, -0.729579, 0.678278, -0.002831, 0.283214, -0.634575, -0.7191, -1.1e-05, 0.0, 0.0, 0.0, 1.0],
                [0.920218, 0.305064, 0.245222, 0.124994, -0.017988, -0.592893, 0.80508, -0.002831, 0.390991, -0.745261, -0.540104, -1.2e-05, 0.0, 0.0, 0.0, 1.0],
                [0.891542, 0.358261, 0.277133, 0.124994, -0.107617, -0.426782, 0.897928, -0.002831, 0.439968, -0.830365, -0.341939, -1.2e-05, 0.0, 0.0, 0.0, 1.0],
                [0.864147, 0.427368, 0.265718, 0.124994, -0.059853, -0.436984, 0.897475, -0.002831, 0.499667, -0.791455, -0.352039, -1.1e-05, 0.0, 0.0, 0.0, 1.0],
                [0.83462, 0.485828, 0.259579, 0.124994, 0.013656, -0.489358, 0.871976, -0.002831, 0.550657, -0.724223, -0.415062, -1.2e-05, 0.0, 0.0, 0.0, 1.0],
                [0.811318, 0.528955, 0.248939, 0.124994, 0.059093, -0.497845, 0.86525, -0.002831, 0.581611, -0.687282, -0.435169, -1.2e-05, 0.0, 0.0, 0.0, 1.0],
                [0.790295, 0.56546, 0.235984, 0.124995, 0.103061, -0.502324, 0.858515, -0.002831, 0.603997, -0.654159, -0.455262, -1.2e-05, 0.0, 0.0, 0.0, 1.0],
                [0.765292, 0.603809, 0.22303, 0.124995, 0.143126, -0.49744, 0.85561, -0.002831, 0.627569, -0.62287, -0.467109, -1.2e-05, 0.0, 0.0, 0.0, 1.0],
                [0.728116, 0.65196, 0.211648, 0.124994, 0.177796, -0.477836, 0.860268, -0.002831, 0.661994, -0.588745, -0.463837, -1e-05, 0.0, 0.0, 0.0, 1.0],
                [0.66505, 0.720126, 0.197803, 0.124994, 0.202378, -0.428744, 0.880466, -0.002831, 0.718854, -0.545523, -0.430875, -1.2e-05, 0.0, 0.0, 0.0, 1.0],
                [0.578716, 0.796248, 0.176287, 0.124994, 0.213877, -0.356779, 0.909376, -0.002831, 0.786984, -0.488567, -0.376773, -1.2e-05, 0.0, 0.0, 0.0, 1.0],
                [0.494321, 0.856377, 0.149212, 0.124994, 0.216589, -0.287573, 0.932947, -0.00283, 0.841864, -0.428858, -0.327635, -1.1e-05, 0.0, 0.0, 0.0, 1.0],
                [0.439522, 0.888826, 0.129647, 0.124994, 0.222563, -0.247599, 0.942953, -0.002831, 0.870222, -0.385594, -0.306646, -1.2e-05, 0.0, 0.0, 0.0, 1.0],
                [0.416425, 0.901262, 0.119655, 0.124995, 0.240462, -0.236103, 0.941506, -0.002831, 0.876794, -0.363294, -0.315038, -1.2e-05, 0.0, 0.0, 0.0, 1.0],
                [0.406787, 0.906716, 0.111314, 0.124994, 0.266776, -0.234448, 0.934807, -0.002831, 0.873702, -0.350572, -0.33726, -1.1e-05, 0.0, 0.0, 0.0, 1.0],
                [0.40583, 0.907732, 0.10641, 0.124994, 0.294734, -0.240192, 0.924899, -0.00283, 0.865121, -0.343988, -0.365017, -1.2e-05, 0.0, 0.0, 0.0, 1.0],
                [0.413058, 0.904946, 0.102255, 0.124995, 0.322633, -0.250406, 0.9128, -0.00283, 0.851641, -0.344048, -0.395398, -1.2e-05, 0.0, 0.0, 0.0, 1.0],
                [0.425364, 0.899357, 0.101105, 0.124994, 0.343689, -0.26387, 0.901249, -0.002831, 0.837224, -0.34861, -0.42134, -1e-05, 0.0, 0.0, 0.0, 1.0],
                [0.439196, 0.891951, 0.107374, 0.124994, 0.352367, -0.280968, 0.892689, -0.002831, 0.826404, -0.354231, -0.437695, -1.2e-05, 0.0, 0.0, 0.0, 1.0],
                [0.451757, 0.88421, 0.118693, 0.124994, 0.346126, -0.296333, 0.890159, -0.002831, 0.82226, -0.361052, -0.439919, -1.1e-05, 0.0, 0.0, 0.0, 1.0],
                [0.464919, 0.874587, 0.137651, 0.124994, 0.325132, -0.313271, 0.892273, -0.002831, 0.823492, -0.37008, -0.430002, -1.2e-05, 0.0, 0.0, 0.0, 1.0],
                [0.476653, 0.864225, 0.160987, 0.124994, 0.293891, -0.329248, 0.897343, -0.002831, 0.82851, -0.380409, -0.410925, -1.2e-05, 0.0, 0.0, 0.0, 1.0],
                [0.488335, 0.852307, 0.187355, 0.124994, 0.25654, -0.345419, 0.902703, -0.002831, 0.834096, -0.392758, -0.387331, -1.1e-05, 0.0, 0.0, 0.0, 1.0],
                [0.497801, 0.839253, 0.218743, 0.124994, 0.212508, -0.362555, 0.90741, -0.00283, 0.840853, -0.405225, -0.358829, -1.1e-05, 0.0, 0.0, 0.0, 1.0],
                [0.507833, 0.823702, 0.252229, 0.124994, 0.165481, -0.380617, 0.909806, -0.002831, 0.845412, -0.42029, -0.329597, -1.2e-05, 0.0, 0.0, 0.0, 1.0],
                [0.515718, 0.807396, 0.286611, 0.124994, 0.118254, -0.398408, 0.909553, -0.002831, 0.848557, -0.435181, -0.300945, -1.2e-05, 0.0, 0.0, 0.0, 1.0],
                [0.523764, 0.789193, 0.320695, 0.124994, 0.072114, -0.416188, 0.906414, -0.002831, 0.848806, -0.45162, -0.274897, -1.3e-05, 0.0, 0.0, 0.0, 1.0],
                [0.530394, 0.769205, 0.356379, 0.124994, 0.029066, -0.436634, 0.899169, -0.002831, 0.847253, -0.466555, -0.253947, -1.2e-05, 0.0, 0.0, 0.0, 1.0],
