{
    "animation": [
        {
            "name": "Root",
            "time": [0.0, 0.0333, 0.0667, 0.1, 0.1333, 0.1667, 0.2, 0.2333, 0.2667, 0.3, 0.3333, 0.3667, 0.4, 0.4333, 0.4667, 0.5, 0.5333, 0.5667, 0.6, 0.6333, 0.6667, 0.7, 0.7333, 0.7667, 0.8, 0.8333, 0.8667, 0.9, 0.9333, 0.9667, 1.0, 1.0333, 1.0667, 1.1, 1.1333, 1.1667, 1.2, 1.2333, 1.2667, 1.3, 1.3333, 1.3667, 1.4, 1.4333, 1.4667, 1.5, 1.5333, 1.5667, 1.6, 1.6333, 1.6667, 1.7, 1.7333, 1.7667, 1.8, 1.8333, 1.8667, 1.9, 1.9333, 1.9667, 2.0, 2.0333, 2.0667, 2.1, 2.1333, 2.1667, 2.2, 2.2333, 2.2667, 2.3, 2.3333, 2.3667, 2.4, 2.4333, 2.4667, 2.5, 2.5333, 2.5667, 2.6, 2.6333, 2.6667, 2.7, 2.7333, 2.7667, 2.8, 2.8333],
            "transform": [
                [0.999999, 0.001316, 2e-06, 0.091077, -3e-06, 0.003681, -0.999993, 0.000976, -0.001316, 0.999992, 0.003681, 0.373688, 0.0, 0.0, 0.0, 1.0],
                [0.999999, 0.001478, 2e-06, 0.1071, -3e-06, 0.003617, -0.999993, -0.004092, -0.001478, 0.999992, 0.003617, 0.332238, 0.0, 0.0, 0.0, 1.0],
                [0.999999, 0.001672, 3e-06, 0.123141, -2e-06, 0.003532, -0.999994, -0.011591, -0.001672, 0.999992, 0.003532, 0.311064, 0.0, 0.0, 0.0, 1.0],
                [0.999998, 0.001848, 4e-06, 0.139185, -2e-06, 0.003444, -0.999994, -0.017135, -0.001848, 0.999992, 0.003444, 0.30321, 0.0, 0.0, 0.0, 1.0],
                [0.999998, 0.001951, 4e-06, 0.151481, -3e-06, 0.003388, -0.999994, -0.016333, -0.001951, 0.999992, 0.003388, 0.301687, 0.0, 0.0, 0.0, 1.0],
                [0.999998, 0.001997, 4e-06, 0.162352, -3e-06, 0.003361, -0.999994, -0.012415, -0.001997, 0.999992, 0.003361, 0.302631, 0.0, 0.0, 0.0, 1.0],
                [0.999998, 0.002025, 4e-06, 0.173221, -3e-06, 0.003342, -0.999994, -0.009995, -0.002025, 0.999992, 0.003342, 0.30668, 0.0, 0.0, 0.0, 1.0],
                [0.999998, 0.002041, 4e-06, 0.184091, -3e-06, 0.003334, -0.999994, -0.006753, -0.002041, 0.999992, 0.003334, 0.313629, 0.0, 0.0, 0.0, 1.0],
                [0.999998, 0.002039, 4e-06, 0.193376, -3e-06, 0.003333, -0.999994, -0.000371, -0.002039, 0.999992, 0.003333, 0.323272, 0.0, 0.0, 0.0, 1.0],
                [0.999998, 0.00202, 4e-06, 0.200379, -3e-06, 0.003345, -0.999994, 0.01147, -0.00202, 0.999992, 0.003345, 0.335389, 0.0, 0.0, 0.0, 1.0],
                [0.999998, 0.001984, 4e-06, 0.204187, -3e-06, 0.003367, -0.999994, 0.031087, -0.001984, 0.999992, 0.003367, 0.349766, 0.0, 0.0, 0.0, 1.0],
                [0.999998, 0.001928, 3e-06, 0.20391, -3e-06, 0.003399, -0.999994, 0.060799, -0.001928, 0.999992, 0.003399, 0.366214, 0.0, 0.0, 0.0, 1.0],
                [0.999998, 0.001854, 3e-06, 0.199504, -3e-06, 0.00344, -0.999994, 0.098576, -0.001854, 0.999992, 0.00344, 0.384553, 0.0, 0.0, 0.0, 1.0],
                [0.999998, 0.001762, 3e-06, 0.191762, -4e-06, 0.00349, -0.999994, 0.141675, -0.001762, 0.999992, 0.00349, 0.402891, 0.0, 0.0, 0.0, 1.0],
                [0.999999, 0.00165, 3e-06, 0.181016, -3e-06, 0.003544, -0.999994, 0.191358, -0.00165, 0.999992, 0.003544, 0.423905, 0.0, 0.0, 0.0, 1.0],
                [0.999999, 0.001506, 3e-06, 0.167593, -3e-06, 0.003606, -0.999994, 0.248889, -0.001506, 0.999992, 0.003606, 0.447812, 0.0, 0.0, 0.0, 1.0],
                [0.999999, 0.001323, 3e-06, 0.151818, -2e-06, 0.003677, -0.999993, 0.315523, -0.001323, 0.999992, 0.003677, 0.475455, 0.0, 0.0, 0.0, 1.0],
                [0.999999, 0.001094, 3e-06, 0.133189, -1e-06, 0.003753, -0.999993, 0.39252, -0.001094, 0.999992, 0.003753, 0.507664, 0.0, 0.0, 0.0, 1.0],
                [1.0, 0.000811, 2e-06, 0.114536, -1e-06, 0.003824, -0.999993, 0.481137, -0.000811, 0.999992, 0.003824, 0.545278, 0.0, 0.0, 0.0, 1.0],
                [1.0, 0.000273, 1e-06, 0.078089, 0.0, 0.003897, -0.999992, 0.625617, -0.000273, 0.999992, 0.003897, 0.606303, 0.0, 0.0, 0.0, 1.0],
                [0.999994, -0.000485, 0.003504, 0.030002, 0.003506, 0.003877, -0.999986, 0.824186, 0.000471, 0.999992, 0.003879, 0.690687, 0.0, 0.0, 0.0, 1.0],
                [0.999995, -0.000995, 0.003201, 0.001599, 0.003205, 0.00378, -0.999988, 1.009131, 0.000982, 0.999992, 0.003783, 0.772239, 0.0, 0.0, 0.0, 1.0],
                [0.999994, -0.001154, 0.003126, 0.012673, 0.00313, 0.003734, -0.999988, 1.16094, 0.001142, 0.999992, 0.003738, 0.848747, 0.0, 0.0, 0.0, 1.0],
                [0.999994, -0.001182, 0.003114, 0.043466, 0.003118, 0.003724, -0.999988, 1.299134, 0.00117, 0.999992, 0.003728, 0.922424, 0.0, 0.0, 0.0, 1.0],
                [0.999994, -0.001163, 0.00312, 0.066038, 0.003124, 0.003731, -0.999988, 1.414529, 0.001151, 0.999992, 0.003735, 0.973628, 0.0, 0.0, 0.0, 1.0],
                [0.999995, -0.001026, 0.003185, 0.070701, 0.003189, 0.003771, -0.999988, 1.498823, 0.001014, 0.999992, 0.003774, 0.994328, 0.0, 0.0, 0.0, 1.0],
                [0.999994, -0.000741, 0.00334, 0.067183, 0.003342, 0.003838, -0.999987, 1.560326, 0.000728, 0.999992, 0.003841, 0.992555, 0.0, 0.0, 0.0, 1.0],
                [0.999994, -0.000469, 0.003517, 0.056656, 0.003519, 0.00388, -0.999986, 1.614722, 0.000455, 0.999992, 0.003882, 0.972782, 0.0, 0.0, 0.0, 1.0],
                [0.999993, -0.000354, 0.003602, 0.039786, 0.003603, 0.003892, -0.999986, 1.659835, 0.00034, 0.999992, 0.003893, 0.940238, 0.0, 0.0, 0.0, 1.0],
                [0.999993, -0.000278, 0.003663, 0.015888, 0.003664, 0.003897, -0.999986, 1.697853, 0.000264, 0.999992, 0.003898, 0.889695, 0.0, 0.0, 0.0, 1.0],
                [0.999993, -5.5e-05, 0.003859, -0.015939, 0.003859, 0.003908, -0.999985, 1.751014, 4e-05, 0.999992, 0.003908, 0.809935, 0.0, 0.0, 0.0, 1.0],
                [1.0, 0.000503, 1e-06, -0.069971, -1e-06, 0.003876, -0.999992, 1.848467, -0.000503, 0.999992, 0.003876, 0.651604, 0.0, 0.0, 0.0, 1.0],
                [0.999999, 0.001064, 2e-06, -0.124096, -2e-06, 0.00376, -0.999993, 1.954765, -0.001064, 0.999992, 0.00376, 0.482259, 0.0, 0.0, 0.0, 1.0],
                [0.999999, 0.001671, 3e-06, -0.124962, -3e-06, 0.003533, -0.999994, 2.008065, -0.001671, 0.999992, 0.003533, 0.44954, 0.0, 0.0, 0.0, 1.0],
                [0.999998, 0.002092, 4e-06, -0.198593, -3e-06, 0.003302, -0.999995, 1.971535, -0.002092, 0.999992, 0.003302, 0.433012, 0.0, 0.0, 0.0, 1.0],
                [0.999997, 0.002435, 5e-06, -0.260528, -3e-06, 0.003055, -0.999995, 1.925795, -0.002435, 0.999992, 0.003055, 0.416485, 0.0, 0.0, 0.0, 1.0],
                [0.999996, 0.002782, 4e-06, -0.265725, -4e-06, 0.002745, -0.999996, 1.90186, -0.002782, 0.999992, 0.002745, 0.387045, 0.0, 0.0, 0.0, 1.0],
                [0.999995, 0.003116, 4e-06, -0.25059, -4e-06, 0.002359, -0.999997, 1.883723, -0.003116, 0.999992, 0.002359, 0.354972, 0.0, 0.0, 0.0, 1.0],
                [0.999994, 0.003379, 3e-06, -0.235458, -3e-06, 0.001964, -0.999998, 1.867645, -0.003379, 0.999992, 0.001964, 0.337246, 0.0, 0.0, 0.0, 1.0],
                [0.999994, 0.003563, 4e-06, -0.227353, -2e-06, 0.001606, -0.999999, 1.850094, -0.003563, 0.999992, 0.001606, 0.336044, 0.0, 0.0, 0.0, 1.0],
                [0.999993, 0.003706, 2e-06, -0.219246, -2e-06, 0.001244, -0.999999, 1.831651, -0.003706, 0.999992, 0.001244, 0.341113, 0.0, 0.0, 0.0, 1.0],
                [0.999993, 0.00381, 1e-06, -0.211139, -3e-06, 0.000871, -1.0, 1.814754, -0.00381, 0.999992, 0.000871, 0.350794, 0.0, 0.0, 0.0, 1.0],
                [0.999992, 0.003877, 2e-06, -0.203035, -0.0, 0.000493, -1.0, 1.801842, -0.003877, 0.999992, 0.000493, 0.363421, 0.0, 0.0, 0.0, 1.0],
                [0.999992, 0.003906, 2e-06, -0.192301, 1e-06, 0.000131, -1.0, 1.795363, -0.003906, 0.999992, 0.000131, 0.377627, 0.0, 0.0, 0.0, 1.0],
                [0.999986, 0.003903, -0.003734, -0.181575, -0.003733, -0.000196, -0.999993, 1.794182, -0.003904, 0.999992, -0.000181, 0.391833, 0.0, 0.0, 0.0, 1.0],
                [0.999986, 0.003879, -0.00351, -0.17085, -0.003509, -0.00048, -0.999994, 1.795267, -0.00388, 0.999992, -0.000467, 0.407675, 0.0, 0.0, 0.0, 1.0],
                [0.999987, 0.003839, -0.003345, -0.160132, -0.003343, -0.000733, -0.999994, 1.79823, -0.003841, 0.999992, -0.00072, 0.423517, 0.0, 0.0, 0.0, 1.0],
                [0.999988, 0.003789, -0.003223, -0.149414, -0.003219, -0.000957, -0.999994, 1.802679, -0.003792, 0.999992, -0.000945, 0.440836, 0.0, 0.0, 0.0, 1.0],
                [0.999988, 0.00373, -0.003124, -0.1387, -0.003119, -0.001166, -0.999994, 1.808222, -0.003733, 0.999992, -0.001154, 0.458155, 0.0, 0.0, 0.0, 1.0],
                [0.999989, 0.003663, -0.003043, -0.126252, -0.003038, -0.001364, -0.999994, 1.814467, -0.003667, 0.999992, -0.001353, 0.476934, 0.0, 0.0, 0.0, 1.0],
                [0.999989, 0.003584, -0.002975, -0.113811, -0.002969, -0.001558, -0.999994, 1.821025, -0.003588, 0.999992, -0.001548, 0.495712, 0.0, 0.0, 0.0, 1.0],
                [0.99999, 0.003491, -0.002914, -0.099466, -0.002908, -0.001756, -0.999994, 1.827503, -0.003496, 0.999992, -0.001746, 0.514489, 0.0, 0.0, 0.0, 1.0],
                [0.99999, 0.003381, -0.002864, -0.085128, -0.002858, -0.001961, -0.999994, 1.833511, -0.003386, 0.999992, -0.001951, 0.533268, 0.0, 0.0, 0.0, 1.0],
                [0.999991, 0.003247, -0.00282, -0.067828, -0.002813, -0.002176, -0.999994, 1.839784, -0.003253, 0.999992, -0.002167, 0.55381, 0.0, 0.0, 0.0, 1.0],
                [0.999991, 0.003087, -0.002789, -0.047681, -0.002782, -0.002397, -0.999993, 1.847068, -0.003093, 0.999992, -0.002389, 0.577042, 0.0, 0.0, 0.0, 1.0],
                [0.999992, 0.002898, -0.002771, -0.025558, -0.002764, -0.002622, -0.999993, 1.854993, -0.002905, 0.999992, -0.002614, 0.600275, 0.0, 0.0, 0.0, 1.0],
                [0.999993, 0.002684, -0.002769, -0.003449, -0.002761, -0.002839, -0.999992, 1.863188, -0.002692, 0.999992, -0.002832, 0.623508, 0.0, 0.0, 0.0, 1.0],
                [0.999993, 0.002449, -0.002783, 0.018646, -0.002776, -0.003047, -0.999991, 1.871283, -0.002458, 0.999992, -0.00304, 0.646741, 0.0, 0.0, 0.0, 1.0],
                [0.999994, 0.002198, -0.002816, 0.038997, -0.002809, -0.003231, -0.999991, 1.87891, -0.002207, 0.999992, -0.003224, 0.667945, 0.0, 0.0, 0.0, 1.0],
                [0.999994, 0.001946, -0.002865, 0.056629, -0.002858, -0.003389, -0.99999, 1.885698, -0.001955, 0.999992, -0.003384, 0.689149, 0.0, 0.0, 0.0, 1.0],
                [0.999994, 0.001705, -0.002927, 0.070412, -0.002921, -0.003517, -0.99999, 1.891278, -0.001715, 0.999992, -0.003512, 0.706716, 0.0, 0.0, 0.0, 1.0],
                [0.999995, 0.001486, -0.002995, 0.079061, -0.002989, -0.003614, -0.999989, 1.895349, -0.001496, 0.999992, -0.00361, 0.720682, 0.0, 0.0, 0.0, 1.0],
                [0.999994, 0.00129, -0.003068, 0.082873, -0.003063, -0.003689, -0.999988, 1.898058, -0.001301, 0.999992, -0.003685, 0.731231, 0.0, 0.0, 0.0, 1.0],
                [0.999994, 0.001114, -0.003142, 0.083175, -0.003138, -0.003746, -0.999988, 1.899716, -0.001126, 0.999992, -0.003742, 0.739245, 0.0, 0.0, 0.0, 1.0],
                [0.999994, 0.000955, -0.003218, 0.080871, -0.003214, -0.003789, -0.999988, 1.90063, -0.000967, 0.999992, -0.003786, 0.7451, 0.0, 0.0, 0.0, 1.0],
                [0.999994, 0.000801, -0.003299, 0.07857, -0.003296, -0.003826, -0.999987, 1.901104, -0.000814, 0.999992, -0.003824, 0.750955, 0.0, 0.0, 0.0, 1.0],
                [0.999994, 0.000652, -0.003391, 0.076269, -0.003389, -0.003856, -0.999987, 1.901449, -0.000665, 0.999992, -0.003854, 0.75681, 0.0, 0.0, 0.0, 1.0],
                [0.999994, 0.000503, -0.003485, 0.073968, -0.003483, -0.003876, -0.999986, 1.901814, -0.000516, 0.999992, -0.003875, 0.762664, 0.0, 0.0, 0.0, 1.0],
                [0.999994, 0.000352, -0.003593, 0.070382, -0.003591, -0.003891, -0.999986, 1.90204, -0.000366, 0.999992, -0.00389, 0.767551, 0.0, 0.0, 0.0, 1.0],
                [0.999993, 0.000211, -0.003708, 0.0668, -0.003707, -0.003903, -0.999986, 1.90199, -0.000225, 0.999992, -0.003902, 0.772437, 0.0, 0.0, 0.0, 1.0],
                [0.999992, 7.6e-05, -0.003826, 0.06228, -0.003825, -0.003907, -0.999985, 1.901527, -9.1e-05, 0.999992, -0.003907, 0.776223, 0.0, 0.0, 0.0, 1.0],
                [1.0, -3.6e-05, -1e-06, 0.057769, -1e-06, -0.003908, -0.999992, 1.900512, 3.6e-05, 0.999992, -0.003908, 0.78001, 0.0, 0.0, 0.0, 1.0],
                [1.0, -0.000139, -0.0, 0.053262, -1e-06, -0.003907, -0.999992, 1.898808, 0.000139, 0.999992, -0.003907, 0.782784, 0.0, 0.0, 0.0, 1.0],
                [1.0, -0.00022, 0.0, 0.048767, -1e-06, -0.003904, -0.999992, 1.896278, 0.00022, 0.999992, -0.003904, 0.785558, 0.0, 0.0, 0.0, 1.0],
                [1.0, -0.000281, 1e-06, 0.04428, 0.0, -0.003899, -0.999992, 1.892779, 0.000281, 0.999992, -0.003899, 0.787519, 0.0, 0.0, 0.0, 1.0],
                [1.0, -0.000342, 0.0, 0.039792, -1e-06, -0.003894, -0.999992, 1.888408, 0.000342, 0.999992, -0.003894, 0.789478, 0.0, 0.0, 0.0, 1.0],
                [1.0, -0.000392, 1e-06, 0.034752, -1e-06, -0.003889, -0.999992, 1.883382, 0.000392, 0.999992, -0.003889, 0.791438, 0.0, 0.0, 0.0, 1.0],
                [1.0, -0.000442, -1e-06, 0.029713, -3e-06, -0.003882, -0.999992, 1.877921, 0.000442, 0.999992, -0.003882, 0.793398, 0.0, 0.0, 0.0, 1.0],
                [1.0, -0.000481, 3e-06, 0.024678, 1e-06, -0.003879, -0.999992, 1.87224, 0.000481, 0.999992, -0.003879, 0.794657, 0.0, 0.0, 0.0, 1.0],
                [1.0, -0.000519, 1e-06, 0.019645, -1e-06, -0.003874, -0.999992, 1.866557, 0.000519, 0.999992, -0.003874, 0.795917, 0.0, 0.0, 0.0, 1.0],
                [1.0, -0.000547, 1e-06, 0.014616, -1e-06, -0.003871, -0.999992, 1.861088, 0.000547, 0.999992, -0.003871, 0.797177, 0.0, 0.0, 0.0, 1.0],
                [1.0, -0.000574, 1e-06, 0.009587, -1e-06, -0.003867, -0.999993, 1.856053, 0.000574, 0.999992, -0.003867, 0.798436, 0.0, 0.0, 0.0, 1.0],
                [1.0, -0.000592, 2e-06, 0.006189, 0.0, -0.003862, -0.999993, 1.851667, 0.000592, 0.999992, -0.003862, 0.798946, 0.0, 0.0, 0.0, 1.0],
                [1.0, -0.000611, 1e-06, 0.00279, -1e-06, -0.00386, -0.999993, 1.84815, 0.000611, 0.999992, -0.00386, 0.799456, 0.0, 0.0, 0.0, 1.0],
                [1.0, -0.000618, 2e-06, 0.001258, -0.0, -0.003859, -0.999993, 1.845717, 0.000618, 0.999992, -0.003859, 0.799966, 0.0, 0.0, 0.0, 1.0],
                [1.0, -0.000626, 2e-06, -0.000274, -0.0, -0.003858, -0.999993, 1.844586, 0.000626, 0.999992, -0.003858, 0.800476, 0.0, 0.0, 0.0, 1.0]
            ]
        },
        {
            "name": "Thigh_R",
            "time": [0.0, 0.0333, 0.0667, 0.1, 0.1333, 0.1667, 0.2, 0.2333, 0.2667, 0.3, 0.3333, 0.3667, 0.4, 0.4333, 0.4667, 0.5, 0.5333, 0.5667, 0.6, 0.6333, 0.6667, 0.7, 0.7333, 0.7667, 0.8, 0.8333, 0.8667, 0.9, 0.9333, 0.9667, 1.0, 1.0333, 1.0667, 1.1, 1.1333, 1.1667, 1.2, 1.2333, 1.2667, 1.3, 1.3333, 1.3667, 1.4, 1.4333, 1.4667, 1.5, 1.5333, 1.5667, 1.6, 1.6333, 1.6667, 1.7, 1.7333, 1.7667, 1.8, 1.8333, 1.8667, 1.9, 1.9333, 1.9667, 2.0, 2.0333, 2.0667, 2.1, 2.1333, 2.1667, 2.2, 2.2333, 2.2667, 2.3, 2.3333, 2.3667, 2.4, 2.4333, 2.4667, 2.5, 2.5333, 2.5667, 2.6, 2.6333, 2.6667, 2.7, 2.7333, 2.7667, 2.8, 2.8333],
            "transform": [
                [0.728116, 0.651959, 0.211648, 0.124994, 0.177796, -0.477836, 0.860268, -0.002831, 0.661993, -0.588745, -0.463836, -1.2e-05, 0.0, 0.0, 0.0, 1.0],
                [0.665052, 0.720125, 0.197803, 0.124994, 0.202378, -0.428745, 0.880466, -0.002831, 0.718853, -0.545524, -0.430875, -1.2e-05, 0.0, 0.0, 0.0, 1.0],
                [0.578716, 0.796248, 0.176287, 0.124994, 0.213877, -0.356779, 0.909376, -0.002831, 0.786984, -0.488567, -0.376773, -1.2e-05, 0.0, 0.0, 0.0, 1.0],
                [0.49432, 0.856377, 0.149213, 0.124994, 0.216589, -0.287573, 0.932947, -0.002831, 0.841865, -0.428857, -0.327635, -1.2e-05, 0.0, 0.0, 0.0, 1.0],
                [0.439522, 0.888826, 0.129648, 0.124994, 0.222563, -0.247599, 0.942953, -0.002831, 0.870223, -0.385594, -0.306645, -1.2e-05, 0.0, 0.0, 0.0, 1.0],
                [0.414928, 0.901379, 0.123894, 0.124994, 0.235182, -0.237793, 0.942414, -0.002831, 0.878934, -0.361896, -0.310655, -1.2e-05, 0.0, 0.0, 0.0, 1.0],
                [0.398752, 0.908379, 0.125874, 0.124994, 0.251151, -0.240181, 0.937676, -0.002831, 0.881998, -0.342287, -0.323914, -1.2e-05, 0.0, 0.0, 0.0, 1.0],
                [0.39241, 0.91019, 0.132548, 0.124994, 0.265615, -0.250103, 0.931073, -0.002831, 0.880603, -0.330156, -0.339904, -1.2e-05, 0.0, 0.0, 0.0, 1.0],
                [0.395556, 0.907927, 0.138579, 0.124994, 0.2833, -0.264142, 0.921938, -0.002831, 0.873657, -0.325419, -0.361699, -1.2e-05, 0.0, 0.0, 0.0, 1.0],
                [0.407453, 0.902239, 0.141233, 0.124994, 0.302605, -0.279304, 0.911273, -0.002831, 0.861634, -0.328563, -0.386825, -1.2e-05, 0.0, 0.0, 0.0, 1.0],
                [0.426801, 0.894155, 0.135381, 0.124994, 0.323754, -0.29085, 0.900327, -0.002831, 0.844408, -0.340431, -0.413622, -1.2e-05, 0.0, 0.0, 0.0, 1.0],
                [0.451758, 0.884209, 0.118694, 0.124994, 0.346126, -0.296333, 0.890159, -0.002831, 0.822261, -0.361053, -0.439919, -1.2e-05, 0.0, 0.0, 0.0, 1.0],
                [0.478789, 0.873321, 0.089841, 0.124994, 0.375104, -0.296015, 0.878449, -0.002831, 0.793762, -0.386891, -0.469315, -1.2e-05, 0.0, 0.0, 0.0, 1.0],
                [0.507006, 0.860319, 0.05287, 0.124994, 0.410576, -0.294984, 0.862793, -0.002831, 0.757873, -0.415734, -0.502785, -1.2e-05, 0.0, 0.0, 0.0, 1.0],
                [0.5387, 0.842452, 0.008725, 0.124994, 0.4468, -0.294452, 0.844788, -0.002831, 0.714263, -0.451189, -0.535029, -1.2e-05, 0.0, 0.0, 0.0, 1.0],
                [0.575954, 0.816395, -0.042152, 0.124994, 0.480551, -0.296406, 0.825357, -0.002831, 0.661323, -0.495623, -0.563036, -1.2e-05, 0.0, 0.0, 0.0, 1.0],
                [0.622369, 0.776726, -0.09671, 0.124994, 0.506112, -0.30509, 0.806703, -0.002831, 0.597082, -0.551014, -0.582989, -1.2e-05, 0.0, 0.0, 0.0, 1.0],
                [0.679653, 0.717987, -0.150222, 0.124994, 0.517966, -0.324737, 0.791364, -0.002831, 0.519406, -0.615663, -0.592602, -1.2e-05, 0.0, 0.0, 0.0, 1.0],
                [0.748507, 0.63315, -0.197129, 0.124994, 0.508872, -0.357816, 0.782954, -0.002831, 0.425191, -0.686359, -0.59002, -1.2e-05, 0.0, 0.0, 0.0, 1.0],
                [0.866068, 0.44726, -0.223349, 0.124994, 0.423639, -0.419383, 0.802899, -0.002831, 0.265436, -0.789984, -0.552692, -1.2e-05, 0.0, 0.0, 0.0, 1.0],
                [0.970875, 0.148062, -0.18836, 0.124994, 0.238474, -0.52152, 0.819235, -0.002831, 0.023064, -0.840294, -0.54164, -1.2e-05, 0.0, 0.0, 0.0, 1.0],
                [0.979894, -0.124053, -0.156267, 0.124994, 0.049463, -0.607726, 0.792605, -0.002831, -0.193293, -0.784398, -0.58937, -1.2e-05, 0.0, 0.0, 0.0, 1.0],
                [0.918298, -0.328633, -0.220748, 0.124994, -0.061546, -0.669327, 0.740414, -0.002831, -0.391077, -0.666334, -0.634868, -1.2e-05, 0.0, 0.0, 0.0, 1.0],
                [0.806004, -0.503789, -0.310731, 0.124994, -0.130124, -0.662932, 0.737285, -0.002831, -0.57743, -0.553821, -0.599881, -1.1e-05, 0.0, 0.0, 0.0, 1.0],
                [0.732137, -0.615385, -0.292021, 0.124994, -0.16112, -0.573005, 0.803558, -0.00283, -0.661827, -0.541265, -0.518669, -1.2e-05, 0.0, 0.0, 0.0, 1.0],
                [0.765304, -0.622825, -0.162477, 0.124994, -0.135733, -0.402903, 0.905121, -0.002831, -0.629195, -0.67064, -0.392882, -1.2e-05, 0.0, 0.0, 0.0, 1.0],
                [0.840174, -0.542011, -0.018232, 0.124994, -0.087688, -0.16895, 0.981716, -0.002831, -0.535181, -0.823213, -0.189476, -1.2e-05, 0.0, 0.0, 0.0, 1.0],
                [0.8854, -0.451658, 0.109872, 0.124994, -0.102276, 0.041283, 0.993899, -0.002831, -0.453438, -0.891236, -0.009642, -1.2e-05, 0.0, 0.0, 0.0, 1.0],
                [0.889489, -0.392019, 0.234797, 0.124994, -0.185232, 0.160394, 0.969517, -0.002831, -0.417729, -0.905867, 0.070054, -1.2e-05, 0.0, 0.0, 0.0, 1.0],
                [0.942085, -0.212326, 0.259603, 0.124994, -0.242728, 0.102481, 0.964666, -0.002831, -0.231428, -0.971811, 0.045008, -1.2e-05, 0.0, 0.0, 0.0, 1.0],
                [0.976071, 0.027306, 0.215729, 0.124994, -0.213455, -0.068986, 0.974514, -0.002831, 0.041492, -0.997244, -0.061508, -1.1e-05, 0.0, 0.0, 0.0, 1.0],
                [0.986305, 0.079888, 0.144287, 0.124994, -0.120591, -0.247485, 0.961358, -0.002831, 0.11251, -0.965593, -0.234463, -1.1e-05, 0.0, 0.0, 0.0, 1.0],
                [0.985763, 0.101077, 0.134365, 0.124994, -0.07856, -0.429659, 0.899567, -0.002831, 0.148657, -0.897316, -0.415602, -1.2e-05, 0.0, 0.0, 0.0, 1.0],
                [0.881188, 0.456276, 0.123769, 0.124994, 0.208821, -0.610521, 0.763974, -0.002831, 0.424147, -0.64736, -0.633265, -1.2e-05, 0.0, 0.0, 0.0, 1.0],
                [0.449088, 0.819381, 0.356278, 0.124994, 0.110836, -0.446758, 0.887763, -0.002831, 0.886586, -0.359195, -0.291452, -1.1e-05, 0.0, 0.0, 0.0, 1.0],
                [-0.136998, 0.931335, 0.337412, 0.124994, -0.102915, -0.352161, 0.930264, -0.002831, 0.985211, 0.092719, 0.144094, -1.1e-05, 0.0, 0.0, 0.0, 1.0],
                [-0.637771, 0.740823, 0.210782, 0.124994, -0.116855, -0.363559, 0.924213, -0.002831, 0.761311, 0.564805, 0.318436, -1.2e-05, 0.0, 0.0, 0.0, 1.0],
                [-0.938556, 0.343882, 0.029269, 0.124994, -0.116427, -0.395314, 0.911137, -0.002831, 0.324894, 0.851746, 0.411062, -1.2e-05, 0.0, 0.0, 0.0, 1.0],
                [-0.991097, 0.006281, -0.132993, 0.124994, -0.122221, -0.439114, 0.890079, -0.002831, -0.052809, 0.898409, 0.435973, -1.2e-05, 0.0, 0.0, 0.0, 1.0],
                [-0.958457, -0.1774, -0.223362, 0.124994, -0.119108, -0.462619, 0.87852, -0.002831, -0.259181, 0.868627, 0.42227, -1.2e-05, 0.0, 0.0, 0.0, 1.0],
                [-0.917032, -0.298312, -0.264693, 0.124994, -0.102507, -0.465096, 0.879305, -0.002831, -0.385415, 0.833484, 0.395928, -1.2e-05, 0.0, 0.0, 0.0, 1.0],
                [-0.878792, -0.391978, -0.272175, 0.124994, -0.073384, -0.452563, 0.888707, -0.002831, -0.471531, 0.800961, 0.368944, -1.2e-05, 0.0, 0.0, 0.0, 1.0],
                [-0.833219, -0.481878, -0.271181, 0.124994, -0.039749, -0.436964, 0.8986, -0.002831, -0.551513, 0.75951, 0.344933, -1.2e-05, 0.0, 0.0, 0.0, 1.0],
                [-0.760664, -0.582138, -0.287239, 0.124994, -0.014276, -0.427379, 0.90396, -0.002831, -0.648989, 0.69171, 0.316781, -1.2e-05, 0.0, 0.0, 0.0, 1.0],
                [-0.654553, -0.686242, -0.317227, 0.124994, 0.012694, -0.42952, 0.902968, -0.002831, -0.75591, 0.587013, 0.289854, -1.2e-05, 0.0, 0.0, 0.0, 1.0],
                [-0.528977, -0.776248, -0.342961, 0.124994, 0.056384, -0.435387, 0.898476, -0.002831, -0.846762, 0.455935, 0.274078, -1.2e-05, 0.0, 0.0, 0.0, 1.0],
                [-0.388669, -0.842389, -0.373251, 0.124994, 0.112135, -0.445337, 0.888313, -0.002831, -0.914528, 0.303406, 0.26755, -1.2e-05, 0.0, 0.0, 0.0, 1.0],
                [-0.242507, -0.878489, -0.411639, 0.124994, 0.177925, -0.457382, 0.871289, -0.002831, -0.953694, 0.138053, 0.267223, -1.1e-05, 0.0, 0.0, 0.0, 1.0],
                [-0.100339, -0.881368, -0.461653, 0.124994, 0.247514, -0.47152, 0.846408, -0.002831, -0.963674, -0.029338, 0.265462, -1.2e-05, 0.0, 0.0, 0.0, 1.0],
                [0.02982, -0.851839, -0.522954, 0.124994, 0.314022, -0.488714, 0.813971, -0.002831, -0.948947, -0.188492, 0.252922, -1.2e-05, 0.0, 0.0, 0.0, 1.0],
                [0.143311, -0.792817, -0.592372, 0.124994, 0.372518, -0.511318, 0.774458, -0.002831, -0.916893, -0.331657, 0.22206, -1.2e-05, 0.0, 0.0, 0.0, 1.0],
                [0.237902, -0.709844, -0.662966, 0.124994, 0.415425, -0.542618, 0.73006, -0.002831, -0.877966, -0.449095, 0.165796, -1.2e-05, 0.0, 0.0, 0.0, 1.0],
                [0.321604, -0.608794, -0.725218, 0.124994, 0.435608, -0.584918, 0.68419, -0.002831, -0.840724, -0.535949, 0.077083, -1.2e-05, 0.0, 0.0, 0.0, 1.0],
                [0.425747, -0.560274, -0.710515, 0.124994, 0.333224, -0.632967, 0.698794, -0.002831, -0.84125, -0.534271, -0.082787, -1.2e-05, 0.0, 0.0, 0.0, 1.0],
                [0.537369, -0.491498, -0.68532, 0.124994, 0.239717, -0.690083, 0.682877, -0.002831, -0.808561, -0.53124, -0.253009, -1.2e-05, 0.0, 0.0, 0.0, 1.0],
                [0.654607, -0.399192, -0.641978, 0.124994, 0.16345, -0.754387, 0.635755, -0.002831, -0.738088, -0.5211, -0.428579, -1.2e-05, 0.0, 0.0, 0.0, 1.0],
                [0.766272, -0.262422, -0.586482, 0.124994, 0.111014, -0.844988, 0.523136, -0.002831, -0.632853, -0.465972, -0.618358, -1.2e-05, 0.0, 0.0, 0.0, 1.0],
                [0.860059, -0.135461, -0.491882, 0.124994, 0.095281, -0.904501, 0.415693, -0.002831, -0.501217, -0.404388, -0.765018, -1.2e-05, 0.0, 0.0, 0.0, 1.0],
                [0.927311, -0.019085, -0.373804, 0.124994, 0.10989, -0.940804, 0.320642, -0.002831, -0.357796, -0.338413, -0.870321, -1.2e-05, 0.0, 0.0, 0.0, 1.0],
                [0.966741, 0.075425, -0.244382, 0.124994, 0.137902, -0.95845, 0.249711, -0.002831, -0.215393, -0.275106, -0.936975, -1.2e-05, 0.0, 0.0, 0.0, 1.0],
                [0.981073, 0.151436, -0.120675, 0.124994, 0.174649, -0.961162, 0.213695, -0.00283, -0.083627, -0.230726, -0.969418, -1.2e-05, 0.0, 0.0, 0.0, 1.0],
                [0.978681, 0.205197, -0.008868, 0.124994, 0.203069, -0.960251, 0.191522, -0.002831, 0.030784, -0.18924, -0.981448, -1.2e-05, 0.0, 0.0, 0.0, 1.0],
                [0.967853, 0.234154, 0.091835, 0.124994, 0.216422, -0.961336, 0.170274, -0.002831, 0.128155, -0.144924, -0.981108, -1.1e-05, 0.0, 0.0, 0.0, 1.0],
                [0.95254, 0.244526, 0.181315, 0.124994, 0.218753, -0.96404, 0.15091, -0.002831, 0.211696, -0.104084, -0.971777, -1.1e-05, 0.0, 0.0, 0.0, 1.0],
                [0.934527, 0.240666, 0.262182, 0.124994, 0.211712, -0.968099, 0.134021, -0.002831, 0.286072, -0.069739, -0.955667, -1.2e-05, 0.0, 0.0, 0.0, 1.0],
                [0.913108, 0.233802, 0.334021, 0.124994, 0.204813, -0.971411, 0.120057, -0.002831, 0.352541, -0.041213, -0.934888, -1.2e-05, 0.0, 0.0, 0.0, 1.0],
                [0.887242, 0.226638, 0.401792, 0.124994, 0.201999, -0.973922, 0.103302, -0.002831, 0.414726, -0.010491, -0.909886, -1.2e-05, 0.0, 0.0, 0.0, 1.0],
                [0.866541, 0.226227, 0.44489, 0.124994, 0.205861, -0.974025, 0.094325, -0.002831, 0.454672, 0.00985, -0.890604, -1.2e-05, 0.0, 0.0, 0.0, 1.0],
                [0.850476, 0.230533, 0.472805, 0.124994, 0.211754, -0.972845, 0.093446, -0.002831, 0.481508, 0.020645, -0.876198, -1.2e-05, 0.0, 0.0, 0.0, 1.0],
                [0.836794, 0.234537, 0.494741, 0.124994, 0.217482, -0.971645, 0.092775, -0.002831, 0.502472, 0.029964, -0.864074, -1.2e-05, 0.0, 0.0, 0.0, 1.0],
                [0.825939, 0.239229, 0.510484, 0.124994, 0.223118, -0.970277, 0.09371, -0.002831, 0.517729, 0.0365, -0.854766, -1.2e-05, 0.0, 0.0, 0.0, 1.0],
                [0.818848, 0.242351, 0.52034, 0.124994, 0.227289, -0.969301, 0.093777, -0.002831, 0.527093, 0.041479, -0.848795, -1.2e-05, 0.0, 0.0, 0.0, 1.0],
                [0.814799, 0.244535, 0.525648, 0.124994, 0.230389, -0.968598, 0.093477, -0.002831, 0.532, 0.044939, -0.845551, -1.2e-05, 0.0, 0.0, 0.0, 1.0],
                [0.814873, 0.248021, 0.523896, 0.124994, 0.233298, -0.967727, 0.095265, -0.002831, 0.530616, 0.044595, -0.846438, -1.2e-05, 0.0, 0.0, 0.0, 1.0],
                [0.816242, 0.250015, 0.520809, 0.124994, 0.233527, -0.96736, 0.098387, -0.002831, 0.528408, 0.041316, -0.847984, -1.2e-05, 0.0, 0.0, 0.0, 1.0],
                [0.81759, 0.252031, 0.517712, 0.124994, 0.233803, -0.96697, 0.101508, -0.002831, 0.526196, 0.038051, -0.849512, -1.2e-05, 0.0, 0.0, 0.0, 1.0],
                [0.821814, 0.254261, 0.509875, 0.124994, 0.233199, -0.966617, 0.106158, -0.002831, 0.519846, 0.031661, -0.853673, -1.2e-05, 0.0, 0.0, 0.0, 1.0],
                [0.825976, 0.256459, 0.501988, 0.124994, 0.232662, -0.966224, 0.110808, -0.002831, 0.513451, 0.025269, -0.857747, -1.2e-05, 0.0, 0.0, 0.0, 1.0],
                [0.831831, 0.25842, 0.491198, 0.124994, 0.232055, -0.965861, 0.115164, -0.002831, 0.504189, 0.018188, -0.863401, -1.2e-05, 0.0, 0.0, 0.0, 1.0],
                [0.837588, 0.260268, 0.480319, 0.124994, 0.231483, -0.965472, 0.119492, -0.002831, 0.494835, 0.011101, -0.868916, -1.2e-05, 0.0, 0.0, 0.0, 1.0],
                [0.844393, 0.262101, 0.46723, 0.124994, 0.231259, -0.965033, 0.123414, -0.002831, 0.483239, 0.003842, -0.87548, -1.2e-05, 0.0, 0.0, 0.0, 1.0],
                [0.849064, 0.263222, 0.458044, 0.124994, 0.231332, -0.964735, 0.125587, -0.002831, 0.474948, -0.00067, -0.880014, -1.2e-05, 0.0, 0.0, 0.0, 1.0],
                [0.855594, 0.263819, 0.445374, 0.124994, 0.230086, -0.964537, 0.129337, -0.002831, 0.463701, -0.008185, -0.885954, -1.2e-05, 0.0, 0.0, 0.0, 1.0],
                [0.859218, 0.263477, 0.438547, 0.124994, 0.229762, -0.964609, 0.129376, -0.002831, 0.457114, -0.0104, -0.889347, -1.2e-05, 0.0, 0.0, 0.0, 1.0],
                [0.862599, 0.263604, 0.431782, 0.124994, 0.22895, -0.964521, 0.131455, -0.002831, 0.451114, -0.014536, -0.892348, -1.2e-05, 0.0, 0.0, 0.0, 1.0],
                [0.863103, 0.264191, 0.430414, 0.124994, 0.229911, -0.964368, 0.1309, -0.002831, 0.44966, -0.014023, -0.89309, -1.2e-05, 0.0, 0.0, 0.0, 1.0]
            ]
        },
        {
            "name": "Leg_R",
            "time": [0.0, 0.0333, 0.0667, 0.1, 0.1333, 0.1667, 0.2, 0.2333, 0.2667, 0.3, 0.3333, 0.3667, 0.4, 0.4333, 0.4667, 0.5, 0.5333, 0.5667, 0.6, 0.6333, 0.6667, 0.7, 0.7333, 0.7667, 0.8, 0.8333, 0.8667, 0.9, 0.9333, 0.9667, 1.0, 1.0333, 1.0667, 1.1, 1.1333, 1.1667, 1.2, 1.2333, 1.2667, 1.3, 1.3333, 1.3667, 1.4, 1.4333, 1.4667, 1.5, 1.5333, 1.5667, 1.6, 1.6333, 1.6667, 1.7, 1.7333, 1.7667, 1.8, 1.8333, 1.8667, 1.9, 1.9333, 1.9667, 2.0, 2.0333, 2.0667, 2.1, 2.1333, 2.1667, 2.2, 2.2333, 2.2667, 2.3, 2.3333, 2.3667, 2.4, 2.4333, 2.4667, 2.5, 2.5333, 2.5667, 2.6, 2.6333, 2.6667, 2.7, 2.7333, 2.7667, 2.8, 2.8333],
            "transform": [
                [0.999998, 0.001605, 0.001108, -0.0, 0.001112, -0.935963, 0.352097, 0.37472, 0.001602, -0.352095, -0.935963, -0.0, 0.0, 0.0, 0.0, 1.0],
                [0.999998, 0.001615, 0.001094, 0.0, 0.001098, -0.929633, 0.368486, 0.37472, 0.001612, -0.368484, -0.929633, 0.0, 0.0, 0.0, 0.0, 1.0],
                [0.999998, 0.001638, 0.001059, -0.0, 0.001064, -0.91304, 0.40787, 0.37472, 0.001635, -0.407868, -0.91304, -0.0, 0.0, 0.0, 0.0, 1.0],
                [0.999998, 0.001659, 0.001023, -0.0, 0.001028, -0.894778, 0.44651, 0.37472, 0.001657, -0.446508, -0.894778, 0.0, 0.0, 0.0, 0.0, 1.0],
                [0.999998, 0.001673, 0.001002, -0.0, 0.001006, -0.882726, 0.469888, 0.37472, 0.00167, -0.469886, -0.882726, -0.0, 0.0, 0.0, 0.0, 1.0],
                [0.999998, 0.001676, 0.000995, 0.0, 0.000999, -0.879016, 0.476791, 0.37472, 0.001674, -0.476789, -0.879016, -0.0, 0.0, 0.0, 0.0, 1.0],
                [0.999998, 0.001677, 0.000994, -0.0, 0.000999, -0.878676, 0.477418, 0.37472, 0.001674, -0.477416, -0.878676, -0.0, 0.0, 0.0, 0.0, 1.0],
                [0.999997, 0.001675, 0.000998, -0.0, 0.001002, -0.88054, 0.473972, 0.37472, 0.001672, -0.473971, -0.880539, -0.0, 0.0, 0.0, 0.0, 1.0],
                [0.999998, 0.001673, 0.001001, -0.0, 0.001005, -0.882389, 0.470521, 0.37472, 0.001671, -0.470519, -0.882389, 0.0, 0.0, 0.0, 0.0, 1.0],
                [0.999998, 0.001671, 0.001004, 0.0, 0.001009, -0.884225, 0.467061, 0.37472, 0.001669, -0.467059, -0.884225, -0.0, 0.0, 0.0, 0.0, 1.0],
                [0.999998, 0.001669, 0.001008, -0.0, 0.001012, -0.886048, 0.463593, 0.37472, 0.001667, -0.463591, -0.886047, -0.0, 0.0, 0.0, 0.0, 1.0],
                [0.999998, 0.001671, 0.001004, 0.0, 0.001009, -0.884391, 0.466743, 0.37472, 0.001668, -0.466741, -0.884392, 0.0, 0.0, 0.0, 0.0, 1.0],
                [0.999998, 0.001676, 0.000996, -0.0, 0.001, -0.879695, 0.475538, 0.37472, 0.001673, -0.475536, -0.879695, -0.0, 0.0, 0.0, 0.0, 1.0],
                [0.999998, 0.001683, 0.000984, -0.0, 0.000988, -0.872474, 0.488661, 0.37472, 0.001681, -0.488659, -0.872473, 0.0, 0.0, 0.0, 0.0, 1.0],
                [0.999998, 0.001692, 0.000969, 0.0, 0.000973, -0.863579, 0.504212, 0.37472, 0.001689, -0.504211, -0.863579, -0.0, 0.0, 0.0, 0.0, 1.0],
                [0.999998, 0.001701, 0.000954, -0.0, 0.000958, -0.854407, 0.519603, 0.37472, 0.001699, -0.519602, -0.854407, 0.0, 0.0, 0.0, 0.0, 1.0],
                [0.999998, 0.001709, 0.000938, -0.0, 0.000942, -0.844963, 0.534825, 0.37472, 0.001707, -0.534823, -0.844962, 0.0, 0.0, 0.0, 0.0, 1.0],
                [0.999998, 0.001715, 0.000926, 0.0, 0.000931, -0.837567, 0.546335, 0.37472, 0.001713, -0.546333, -0.837567, 0.0, 0.0, 0.0, 0.0, 1.0],
                [0.999998, 0.001718, 0.00092, -0.0, 0.000924, -0.833606, 0.55236, 0.37472, 0.001716, -0.552358, -0.833605, 0.0, 0.0, 0.0, 0.0, 1.0],
                [0.999998, 0.001713, 0.000931, 0.0, 0.000935, -0.840312, 0.542103, 0.37472, 0.001711, -0.542101, -0.840312, 0.0, 0.0, 0.0, 0.0, 1.0],
                [0.999998, 0.0017, 0.000954, 0.0, 0.000959, -0.855175, 0.518338, 0.37472, 0.001697, -0.518336, -0.855175, -0.0, 0.0, 0.0, 0.0, 1.0],
                [0.999998, 0.00169, 0.000971, 0.0, 0.000976, -0.865399, 0.501082, 0.37472, 0.001687, -0.50108, -0.8654, 0.0, 0.0, 0.0, 0.0, 1.0],
                [0.999998, 0.001688, 0.000975, 0.0, 0.000979, -0.867542, 0.497364, 0.37472, 0.001686, -0.497362, -0.867542, 0.0, 0.0, 0.0, 0.0, 1.0],
                [0.999998, 0.00169, 0.000973, 0.0, 0.000977, -0.866115, 0.499844, 0.37472, 0.001687, -0.499842, -0.866115, -0.0, 0.0, 0.0, 0.0, 1.0],
                [0.999997, 0.001695, 0.000963, -0.0, 0.000967, -0.860335, 0.50973, 0.37472, 0.001692, -0.509728, -0.860334, 0.0, 0.0, 0.0, 0.0, 1.0],
                [0.999998, 0.001704, 0.000948, 0.0, 0.000952, -0.850856, 0.5254, 0.37472, 0.001702, -0.525398, -0.850855, 0.0, 0.0, 0.0, 0.0, 1.0],
                [0.999998, 0.001712, 0.000932, 0.0, 0.000936, -0.841091, 0.540892, 0.37472, 0.00171, -0.54089, -0.841091, -0.0, 0.0, 0.0, 0.0, 1.0],
                [0.999998, 0.001724, 0.000909, 0.0, 0.000914, -0.826761, 0.562554, 0.37472, 0.001722, -0.562552, -0.826761, 0.0, 0.0, 0.0, 0.0, 1.0],
                [0.999998, 0.00174, 0.00088, 0.0, 0.000884, -0.80712, 0.590387, 0.37472, 0.001738, -0.590385, -0.80712, -0.0, 0.0, 0.0, 0.0, 1.0],
                [0.999998, 0.001768, 0.000823, 0.0, 0.000827, -0.766313, 0.642467, 0.37472, 0.001767, -0.642465, -0.766313, -0.0, 0.0, 0.0, 0.0, 1.0],
                [0.999998, 0.001794, 0.000764, 0.0, 0.000767, -0.722151, 0.691735, 0.37472, 0.001792, -0.691733, -0.722151, -0.0, 0.0, 0.0, 0.0, 1.0],
                [0.999998, 0.001782, 0.000789, 0.0, 0.000792, -0.741377, 0.671089, 0.37472, 0.001781, -0.671088, -0.741377, -0.0, 0.0, 0.0, 0.0, 1.0],
                [0.999998, 0.001768, 0.000821, 0.0, 0.000824, -0.76515, 0.643851, 0.37472, 0.001766, -0.643849, -0.76515, -0.0, 0.0, 0.0, 0.0, 1.0],
                [0.999998, 0.001805, 0.000736, -0.0, 0.000739, -0.700634, 0.71352, 0.37472, 0.001804, -0.713518, -0.700634, 0.0, 0.0, 0.0, 0.0, 1.0],
                [0.999998, 0.001807, 0.000731, -0.0, 0.000734, -0.696342, 0.717709, 0.37472, 0.001806, -0.717708, -0.696342, 0.0, 0.0, 0.0, 0.0, 1.0],
                [0.999998, 0.001801, 0.000744, -0.0, 0.000747, -0.707014, 0.707199, 0.37472, 0.0018, -0.707197, -0.707014, -0.0, 0.0, 0.0, 0.0, 1.0],
                [0.999998, 0.001794, 0.000764, 0.0, 0.000768, -0.722374, 0.691502, 0.37472, 0.001792, -0.6915, -0.722375, -0.0, 0.0, 0.0, 0.0, 1.0],
                [0.999998, 0.001785, 0.000784, -0.0, 0.000786, -0.737387, 0.675471, 0.37472, 0.001784, -0.675469, -0.737386, 0.0, 0.0, 0.0, 0.0, 1.0],
                [0.999998, 0.001781, 0.000793, -0.0, 0.000797, -0.744843, 0.667239, 0.37472, 0.001779, -0.667238, -0.744843, 0.0, 0.0, 0.0, 0.0, 1.0],
                [0.999998, 0.001781, 0.000793, -0.0, 0.000797, -0.744596, 0.667515, 0.37472, 0.001779, -0.667513, -0.744596, -0.0, 0.0, 0.0, 0.0, 1.0],
                [0.999998, 0.001781, 0.000792, 0.0, 0.000796, -0.744349, 0.66779, 0.37472, 0.001779, -0.667788, -0.744349, 0.0, 0.0, 0.0, 0.0, 1.0],
                [0.999998, 0.001784, 0.000786, 0.0, 0.00079, -0.739385, 0.673283, 0.37472, 0.001782, -0.67328, -0.739386, -0.0, 0.0, 0.0, 0.0, 1.0],
                [0.999997, 0.001791, 0.000769, -0.0, 0.000773, -0.726767, 0.686884, 0.37472, 0.001789, -0.686882, -0.726767, 0.0, 0.0, 0.0, 0.0, 1.0],
                [0.999998, 0.001804, 0.000739, -0.0, 0.000742, -0.702768, 0.711419, 0.37472, 0.001802, -0.711417, -0.702768, 0.0, 0.0, 0.0, 0.0, 1.0],
                [0.999998, 0.00182, 0.000697, 0.0, 0.000698, -0.668263, 0.743925, 0.37472, 0.00182, -0.743922, -0.668264, 0.0, 0.0, 0.0, 0.0, 1.0],
                [0.999998, 0.001838, 0.000648, 0.0, 0.000651, -0.628298, 0.777973, 0.37472, 0.001837, -0.777971, -0.628299, 0.0, 0.0, 0.0, 0.0, 1.0],
                [0.999998, 0.001855, 0.000596, -0.0, 0.000599, -0.583541, 0.812083, 0.37472, 0.001854, -0.812081, -0.583542, 0.0, 0.0, 0.0, 0.0, 1.0],
                [0.999998, 0.001873, 0.00054, 0.0, 0.000541, -0.532909, 0.846172, 0.37472, 0.001872, -0.84617, -0.532909, 0.0, 0.0, 0.0, 0.0, 1.0],
                [0.999998, 0.001889, 0.000479, 0.0, 0.000482, -0.477962, 0.878381, 0.37472, 0.001888, -0.878379, -0.477962, -0.0, 0.0, 0.0, 0.0, 1.0],
                [0.999999, 0.001905, 0.000415, 0.0, 0.000417, -0.416667, 0.909059, 0.37472, 0.001905, -0.909057, -0.416667, 0.0, 0.0, 0.0, 0.0, 1.0],
                [0.999998, 0.001917, 0.000349, -0.0, 0.000351, -0.353417, 0.935466, 0.37472, 0.001917, -0.935464, -0.353417, 0.0, 0.0, 0.0, 0.0, 1.0],
                [0.999998, 0.001929, 0.00028, -0.0, 0.000281, -0.2848, 0.958587, 0.37472, 0.001929, -0.958585, -0.2848, 0.0, 0.0, 0.0, 0.0, 1.0],
                [0.999998, 0.001938, 0.00021, 0.0, 0.000211, -0.214692, 0.976682, 0.37472, 0.001937, -0.97668, -0.214692, 0.0, 0.0, 0.0, 0.0, 1.0],
                [0.999998, 0.001937, 0.000214, 0.0, 0.000214, -0.218152, 0.975915, 0.37472, 0.001937, -0.975913, -0.218152, -0.0, 0.0, 0.0, 0.0, 1.0],
                [0.999998, 0.00194, 0.000185, -0.0, 0.000184, -0.188502, 0.982073, 0.37472, 0.00194, -0.982071, -0.188502, 0.0, 0.0, 0.0, 0.0, 1.0],
                [0.999998, 0.001945, 0.000124, 0.0, 0.000125, -0.127549, 0.991833, 0.37472, 0.001945, -0.99183, -0.127549, 0.0, 0.0, 0.0, 0.0, 1.0],
                [0.999998, 0.001922, -1e-06, 0.0, -1e-06, 0.000967, 1.0, 0.37472, 0.001922, -0.999998, 0.000966, 0.0, 0.0, 0.0, 0.0, 1.0],
                [0.999998, 0.001945, -0.000129, -0.0, -0.000129, 0.132104, 0.991236, 0.37472, 0.001945, -0.991234, 0.132104, 0.0, 0.0, 0.0, 0.0, 1.0],
                [0.999998, 0.001932, -0.000257, 0.0, -0.000259, 0.262429, 0.964951, 0.37472, 0.001931, -0.964949, 0.262429, 0.0, 0.0, 0.0, 0.0, 1.0],
                [0.999999, 0.001913, -0.00037, 0.0, -0.000372, 0.37368, 0.927558, 0.37472, 0.001913, -0.927555, 0.373681, -0.0, 0.0, 0.0, 0.0, 1.0],
                [0.999998, 0.001895, -0.000456, 0.0, -0.000459, 0.456569, 0.889688, 0.37472, 0.001894, -0.889686, 0.456569, -0.0, 0.0, 0.0, 0.0, 1.0],
                [0.999998, 0.001876, -0.00053, 0.0, -0.000533, 0.524861, 0.851188, 0.37472, 0.001875, -0.851186, 0.524861, -0.0, 0.0, 0.0, 0.0, 1.0],
                [0.999998, 0.001855, -0.000601, 0.0, -0.000604, 0.587943, 0.808903, 0.37472, 0.001853, -0.808901, 0.587943, 0.0, 0.0, 0.0, 0.0, 1.0],
                [0.999998, 0.001833, -0.000667, -0.0, -0.000671, 0.644333, 0.764745, 0.37472, 0.001832, -0.764743, 0.644333, 0.0, 0.0, 0.0, 0.0, 1.0],
                [0.999998, 0.001807, -0.000732, -0.0, -0.000736, 0.697418, 0.716664, 0.37472, 0.001805, -0.716662, 0.697418, 0.0, 0.0, 0.0, 0.0, 1.0],
                [0.999998, 0.001781, -0.000795, 0.0, -0.000799, 0.745765, 0.666209, 0.37472, 0.001779, -0.666207, 0.745765, -0.0, 0.0, 0.0, 0.0, 1.0],
                [0.999998, 0.001752, -0.000856, 0.0, -0.00086, 0.79047, 0.6125, 0.37472, 0.00175, -0.612498, 0.79047, -0.0, 0.0, 0.0, 0.0, 1.0],
                [0.999998, 0.001731, -0.000898, 0.0, -0.000902, 0.818949, 0.573867, 0.37472, 0.001728, -0.573865, 0.818948, 0.0, 0.0, 0.0, 0.0, 1.0],
                [0.999998, 0.00172, -0.00092, 0.0, -0.000924, 0.833206, 0.552962, 0.37472, 0.001717, -0.552961, 0.833206, 0.0, 0.0, 0.0, 0.0, 1.0],
