{
    "animation": [
        {
            "name": "Root",
            "time": [0.0, 0.0333, 0.0667, 0.1, 0.1333, 0.1667, 0.2, 0.2333, 0.2667, 0.3, 0.3333, 0.3667, 0.4, 0.4333, 0.4667, 0.5, 0.5333, 0.5667, 0.6, 0.6333, 0.6667, 0.7, 0.7333, 0.7667, 0.8, 0.8333, 0.8667, 0.9, 0.9333, 0.9667, 1.0, 1.0333, 1.0667, 1.1, 1.1333, 1.1667, 1.2, 1.2333, 1.2667, 1.3, 1.3333, 1.3667, 1.4, 1.4333, 1.4667, 1.5, 1.5333, 1.5667, 1.6, 1.6333, 1.6667, 1.7, 1.7333, 1.7667, 1.8, 1.8333, 1.8667, 1.9, 1.9333, 1.9667, 2.0, 2.0333, 2.0667, 2.1, 2.1333, 2.1667, 2.2, 2.2333, 2.2667, 2.3, 2.3333, 2.3667, 2.4, 2.4333, 2.4667, 2.5, 2.5333, 2.5667, 2.6, 2.6333, 2.6667, 2.7, 2.7333, 2.7667, 2.8, 2.8333, 2.8667, 2.9, 2.9333, 2.9667, 3.0, 3.0333, 3.0667, 3.1, 3.1333, 3.1667, 3.2, 3.2333, 3.2667, 3.3, 3.3333, 3.3667, 3.4, 3.4333, 3.4667, 3.5, 3.5333, 3.5667, 3.6, 3.6333, 3.6667, 3.7, 3.7333, 3.7667, 3.8, 3.8333, 3.8667, 3.9, 3.9333, 3.9667, 4.0, 4.0333, 4.0667, 4.1, 4.1333, 4.1667, 4.2, 4.2333, 4.2667, 4.3, 4.3333, 4.3667, 4.4, 4.4333],
            "transform": [
                [0.999997, 0.002435, 5e-06, -0.260527, -3e-06, 0.003055, -0.999995, 0.000883, -0.002435, 0.999992, 0.003055, 0.375054, 0.0, 0.0, 0.0, 1.0],
                [0.999996, 0.002774, 4e-06, -0.265994, -4e-06, 0.002753, -0.999996, -0.022535, -0.002774, 0.999992, 0.002753, 0.345767, 0.0, 0.0, 0.0, 1.0],
                [0.999995, 0.003102, 4e-06, -0.250723, -3e-06, 0.002378, -0.999997, -0.040157, -0.003102, 0.999992, 0.002378, 0.313846, 0.0, 0.0, 0.0, 1.0],
                [0.999994, 0.003379, 3e-06, -0.235451, -3e-06, 0.001964, -0.999998, -0.057267, -0.003379, 0.999992, 0.001964, 0.295809, 0.0, 0.0, 0.0, 1.0],
                [0.999994, 0.003583, 3e-06, -0.224884, -3e-06, 0.001561, -0.999999, -0.074507, -0.003583, 0.999992, 0.001561, 0.286857, 0.0, 0.0, 0.0, 1.0],
                [0.999993, 0.003737, 1e-06, -0.214324, -3e-06, 0.001144, -0.999999, -0.090641, -0.003737, 0.999992, 0.001144, 0.280881, 0.0, 0.0, 0.0, 1.0],
                [0.999993, 0.003849, 1e-06, -0.203741, -2e-06, 0.000675, -1.0, -0.108155, -0.003849, 0.999992, 0.000675, 0.292387, 0.0, 0.0, 0.0, 1.0],
                [0.999992, 0.003906, 2e-06, -0.193108, 1e-06, 0.000131, -1.0, -0.129548, -0.003906, 0.999992, 0.000131, 0.335902, 0.0, 0.0, 0.0, 1.0],
                [0.999986, 0.003882, -0.003529, -0.186782, -0.003527, -0.000453, -0.999994, -0.165065, -0.003884, 0.999992, -0.00044, 0.479318, 0.0, 0.0, 0.0, 1.0],
                [0.999987, 0.003804, -0.003255, -0.183829, -0.003252, -0.000893, -0.999994, -0.202264, -0.003807, 0.999992, -0.000881, 0.682001, 0.0, 0.0, 0.0, 1.0],
                [0.999988, 0.003704, -0.003091, -0.181133, -0.003086, -0.001245, -0.999994, -0.233922, -0.003708, 0.999992, -0.001233, 0.890036, 0.0, 0.0, 0.0, 1.0],
                [0.999989, 0.003592, -0.00298, -0.178592, -0.002975, -0.001539, -0.999994, -0.261578, -0.003597, 0.999992, -0.001529, 1.102458, 0.0, 0.0, 0.0, 1.0],
                [0.99999, 0.003513, -0.002928, -0.178743, -0.002922, -0.001711, -0.999994, -0.266787, -0.003518, 0.999992, -0.001701, 1.250385, 0.0, 0.0, 0.0, 1.0],
                [0.99999, 0.003483, -0.00291, -0.181053, -0.002904, -0.001774, -0.999994, -0.252111, -0.003488, 0.999992, -0.001764, 1.333928, 0.0, 0.0, 0.0, 1.0],
                [0.99999, 0.00347, -0.002903, -0.183353, -0.002897, -0.001799, -0.999994, -0.232727, -0.003476, 0.999992, -0.001789, 1.401279, 0.0, 0.0, 0.0, 1.0],
                [0.99999, 0.003469, -0.002903, -0.186524, -0.002896, -0.001801, -0.999994, -0.209078, -0.003474, 0.999992, -0.001791, 1.455698, 0.0, 0.0, 0.0, 1.0],
                [0.99999, 0.003467, -0.002901, -0.189694, -0.002895, -0.001805, -0.999994, -0.181602, -0.003473, 0.999992, -0.001794, 1.500446, 0.0, 0.0, 0.0, 1.0],
                [0.99999, 0.003456, -0.002898, -0.192869, -0.002891, -0.001824, -0.999994, -0.150746, -0.003461, 0.999992, -0.001814, 1.538782, 0.0, 0.0, 0.0, 1.0],
                [0.99999, 0.003414, -0.002876, -0.196058, -0.00287, -0.001903, -0.999994, -0.11696, -0.003419, 0.999992, -0.001893, 1.573966, 0.0, 0.0, 0.0, 1.0],
                [0.999991, 0.003284, -0.002831, -0.198173, -0.002825, -0.002119, -0.999994, -0.080713, -0.00329, 0.999992, -0.00211, 1.609259, 0.0, 0.0, 0.0, 1.0],
                [0.999992, 0.002929, -0.002773, -0.200392, -0.002766, -0.002587, -0.999993, -0.04454, -0.002936, 0.999992, -0.002579, 1.641073, 0.0, 0.0, 0.0, 1.0],
                [0.999994, 0.002156, -0.002823, -0.201466, -0.002816, -0.003261, -0.999991, -0.00806, -0.002165, 0.999992, -0.003255, 1.665034, 0.0, 0.0, 0.0, 1.0],
                [0.999994, 0.001189, -0.003109, -0.20263, -0.003105, -0.003722, -0.999988, 0.03274, -0.0012, 0.999992, -0.003718, 1.683227, 0.0, 0.0, 0.0, 1.0],
                [0.999994, 0.000506, -0.003482, -0.203661, -0.00348, -0.003876, -0.999986, 0.081727, -0.000519, 0.999992, -0.003874, 1.697736, 0.0, 0.0, 0.0, 1.0],
                [0.999993, 7.2e-05, -0.00383, -0.206381, -0.00383, -0.003907, -0.999985, 0.142629, -8.7e-05, 0.999992, -0.003907, 1.710643, 0.0, 0.0, 0.0, 1.0],
                [1.0, -0.000228, 1e-06, -0.209041, 0.0, -0.003903, -0.999992, 0.219231, 0.000228, 0.999992, -0.003903, 1.724033, 0.0, 0.0, 0.0, 1.0],
                [1.0, -0.000462, 2e-06, -0.219068, -0.0, -0.003881, -0.999992, 0.382346, 0.000462, 0.999992, -0.003881, 1.7289, 0.0, 0.0, 0.0, 1.0],
                [1.0, -0.000654, 1e-06, -0.234151, -1e-06, -0.003854, -0.999993, 0.604167, 0.000654, 0.999992, -0.003854, 1.723866, 0.0, 0.0, 0.0, 1.0],
                [1.0, -0.000811, 1e-06, -0.252409, -2e-06, -0.003824, -0.999993, 0.828623, 0.000811, 0.999992, -0.003824, 1.707604, 0.0, 0.0, 0.0, 1.0],
                [1.0, -0.000855, 2e-06, -0.289573, -2e-06, -0.003813, -0.999993, 1.01611, 0.000855, 0.999992, -0.003813, 1.625167, 0.0, 0.0, 0.0, 1.0],
                [1.0, -0.000901, 3e-06, -0.368373, -1e-06, -0.003803, -0.999993, 1.187906, 0.000901, 0.999992, -0.003803, 1.481158, 0.0, 0.0, 0.0, 1.0],
                [1.0, -0.000531, 1e-06, -0.441038, -1e-06, -0.003872, -0.999992, 1.3602, 0.000531, 0.999992, -0.003872, 1.311441, 0.0, 0.0, 0.0, 1.0],
                [0.999994, 0.002049, -0.002843, -0.48388, -0.002836, -0.003328, -0.99999, 1.537208, -0.002059, 0.999992, -0.003323, 1.111898, 0.0, 0.0, 0.0, 1.0],
                [0.99999, 0.003348, -0.002851, -0.491704, -0.002845, -0.002017, -0.999994, 1.730029, -0.003354, 0.999992, -0.002007, 0.891293, 0.0, 0.0, 0.0, 1.0],
                [0.999994, 0.00047, -0.003507, -0.379852, -0.003505, -0.003879, -0.999986, 1.987971, -0.000484, 0.999992, -0.003877, 0.634662, 0.0, 0.0, 0.0, 1.0],
                [1.0, -0.000417, 1e-06, -0.330436, -0.0, -0.003887, -0.999993, 2.137968, 0.000417, 0.999992, -0.003887, 0.545203, 0.0, 0.0, 0.0, 1.0],
                [1.0, -0.000521, 1e-06, -0.321972, -1e-06, -0.003874, -0.999992, 2.291677, 0.000521, 0.999992, -0.003874, 0.517441, 0.0, 0.0, 0.0, 1.0],
                [1.0, -0.000592, 3e-06, -0.319677, 1e-06, -0.003862, -0.999993, 2.434894, 0.000592, 0.999992, -0.003862, 0.503136, 0.0, 0.0, 0.0, 1.0],
                [0.999999, -0.00117, 2e-06, -0.300931, -2e-06, -0.003729, -0.999993, 2.581999, 0.00117, 0.999992, -0.003729, 0.488832, 0.0, 0.0, 0.0, 1.0],
                [0.999995, -0.003029, 4e-06, -0.234311, -4e-06, -0.002469, -0.999997, 2.765343, 0.003029, 0.999992, -0.002469, 0.467644, 0.0, 0.0, 0.0, 1.0],
                [0.999992, -0.003887, 1e-06, -0.150399, -0.0, -0.0004, -1.0, 2.915498, 0.003887, 0.999992, -0.0004, 0.444814, 0.0, 0.0, 0.0, 1.0],
                [0.999987, -0.003844, 0.003352, -0.069644, 0.003355, 0.000706, -0.999994, 2.991541, 0.003841, 0.999992, 0.000719, 0.421984, 0.0, 0.0, 0.0, 1.0],
                [0.999989, -0.003583, 0.002965, 0.014167, 0.002971, 0.00156, -0.999995, 3.04818, 0.003578, 0.999992, 0.001571, 0.399154, 0.0, 0.0, 0.0, 1.0],
                [0.999991, -0.003209, 0.002803, 0.098004, 0.00281, 0.002231, -0.999994, 3.095833, 0.003202, 0.999992, 0.00224, 0.376324, 0.0, 0.0, 0.0, 1.0],
                [0.999992, -0.002737, 0.002758, 0.174117, 0.002766, 0.00279, -0.999992, 3.144914, 0.002729, 0.999992, 0.002798, 0.355215, 0.0, 0.0, 0.0, 1.0],
                [0.999994, -0.00212, 0.002824, 0.237958, 0.002831, 0.003284, -0.999991, 3.205832, 0.002111, 0.999992, 0.00329, 0.336909, 0.0, 0.0, 0.0, 1.0],
                [0.999994, -0.001336, 0.00305, 0.246919, 0.003054, 0.003673, -0.999989, 3.307681, 0.001325, 0.999992, 0.003677, 0.321164, 0.0, 0.0, 0.0, 1.0],
                [0.999994, -0.000451, 0.003529, 0.240728, 0.00353, 0.003882, -0.999986, 3.408065, 0.000437, 0.999992, 0.003883, 0.329124, 0.0, 0.0, 0.0, 1.0],
                [1.0, 0.000352, 2e-06, 0.298991, 1e-06, 0.003892, -0.999993, 3.435623, -0.000352, 0.999992, 0.003892, 0.397702, 0.0, 0.0, 0.0, 1.0],
                [0.999999, 0.001032, 2e-06, 0.34042, -2e-06, 0.00377, -0.999993, 3.47534, -0.001032, 0.999992, 0.00377, 0.460559, 0.0, 0.0, 0.0, 1.0],
                [0.999999, 0.00135, 3e-06, 0.324977, -2e-06, 0.003667, -0.999993, 3.581328, -0.00135, 0.999992, 0.003667, 0.472707, 0.0, 0.0, 0.0, 1.0],
                [0.999999, 0.001638, 1e-06, 0.295022, -4e-06, 0.003548, -0.999994, 3.706511, -0.001638, 0.999992, 0.003548, 0.472269, 0.0, 0.0, 0.0, 1.0],
                [0.999998, 0.001831, 3e-06, 0.250556, -3e-06, 0.003452, -0.999994, 3.836875, -0.001831, 0.999992, 0.003452, 0.46231, 0.0, 0.0, 0.0, 1.0],
                [0.999998, 0.001862, 4e-06, 0.191597, -3e-06, 0.003436, -0.999994, 3.958416, -0.001862, 0.999992, 0.003436, 0.445886, 0.0, 0.0, 0.0, 1.0],
                [0.999999, 0.001573, 4e-06, 0.095891, -2e-06, 0.003578, -0.999994, 4.063215, -0.001573, 0.999992, 0.003578, 0.410324, 0.0, 0.0, 0.0, 1.0],
                [1.0, 0.000973, 1e-06, -0.02557, -3e-06, 0.003786, -0.999993, 4.160605, -0.000973, 0.999992, 0.003786, 0.361446, 0.0, 0.0, 0.0, 1.0],
                [1.0, 0.000362, 0.0, -0.122931, -1e-06, 0.003891, -0.999992, 4.26247, -0.000362, 0.999992, 0.003891, 0.330073, 0.0, 0.0, 0.0, 1.0],
                [0.999994, -0.000373, 0.003586, -0.152557, 0.003588, 0.003889, -0.999986, 4.381339, 0.000359, 0.999992, 0.00389, 0.34727, 0.0, 0.0, 0.0, 1.0],
                [0.999994, -0.00143, 0.003013, -0.152199, 0.003018, 0.003637, -0.999989, 4.498834, 0.001419, 0.999992, 0.003641, 0.384094, 0.0, 0.0, 0.0, 1.0],
                [0.999994, -0.001599, 0.002958, -0.148567, 0.002963, 0.003567, -0.999989, 4.578769, 0.001588, 0.999992, 0.003572, 0.410791, 0.0, 0.0, 0.0, 1.0],
                [0.999994, -0.00164, 0.002945, -0.151586, 0.002951, 0.003546, -0.999989, 4.593801, 0.001629, 0.999992, 0.003551, 0.405968, 0.0, 0.0, 0.0, 1.0],
                [0.999994, -0.001663, 0.002935, -0.154594, 0.002941, 0.003538, -0.999989, 4.600101, 0.001653, 0.999992, 0.003542, 0.395845, 0.0, 0.0, 0.0, 1.0],
                [0.999994, -0.001687, 0.00293, -0.157604, 0.002936, 0.003526, -0.999989, 4.601656, 0.001676, 0.999992, 0.003531, 0.385721, 0.0, 0.0, 0.0, 1.0],
                [0.999994, -0.001709, 0.002923, -0.160612, 0.002929, 0.003513, -0.99999, 4.602449, 0.001699, 0.999992, 0.003518, 0.37644, 0.0, 0.0, 0.0, 1.0],
                [0.999994, -0.001739, 0.002915, -0.162274, 0.002921, 0.0035, -0.99999, 4.60237, 0.001729, 0.999992, 0.003505, 0.369275, 0.0, 0.0, 0.0, 1.0],
                [0.999994, -0.001768, 0.002906, -0.163934, 0.002912, 0.003485, -0.99999, 4.599684, 0.001758, 0.999992, 0.00349, 0.36211, 0.0, 0.0, 0.0, 1.0],
                [0.999994, -0.001797, 0.002898, -0.163955, 0.002904, 0.00347, -0.99999, 4.595939, 0.001787, 0.999992, 0.003476, 0.354946, 0.0, 0.0, 0.0, 1.0],
                [0.999994, -0.001826, 0.002889, -0.163979, 0.002895, 0.003455, -0.99999, 4.592687, 0.001816, 0.999992, 0.00346, 0.351006, 0.0, 0.0, 0.0, 1.0],
                [0.999994, -0.001854, 0.002884, -0.162327, 0.00289, 0.003442, -0.99999, 4.590231, 0.001844, 0.999992, 0.003448, 0.348958, 0.0, 0.0, 0.0, 1.0],
                [0.999994, -0.00188, 0.002878, -0.160674, 0.002884, 0.003427, -0.99999, 4.587832, 0.00187, 0.999992, 0.003432, 0.34691, 0.0, 0.0, 0.0, 1.0],
                [0.999994, -0.001906, 0.002872, -0.15902, 0.002879, 0.003414, -0.99999, 4.585473, 0.001897, 0.999992, 0.00342, 0.344862, 0.0, 0.0, 0.0, 1.0],
                [0.999994, -0.001932, 0.002866, -0.157368, 0.002873, 0.003399, -0.99999, 4.583144, 0.001922, 0.999992, 0.003404, 0.343551, 0.0, 0.0, 0.0, 1.0],
                [0.999994, -0.001959, 0.00286, -0.155715, 0.002866, 0.003385, -0.99999, 4.580831, 0.001949, 0.999992, 0.00339, 0.34224, 0.0, 0.0, 0.0, 1.0],
                [0.999994, -0.001984, 0.002854, -0.154063, 0.00286, 0.003368, -0.99999, 4.578519, 0.001975, 0.999992, 0.003374, 0.340929, 0.0, 0.0, 0.0, 1.0],
                [0.999994, -0.00201, 0.002847, -0.15241, 0.002854, 0.003353, -0.99999, 4.576199, 0.002, 0.999992, 0.003359, 0.339618, 0.0, 0.0, 0.0, 1.0],
                [0.999994, -0.002035, 0.002841, -0.150757, 0.002848, 0.003337, -0.999991, 4.573855, 0.002025, 0.999992, 0.003343, 0.338307, 0.0, 0.0, 0.0, 1.0],
                [0.999994, -0.002062, 0.002834, -0.14861, 0.002841, 0.003321, -0.99999, 4.571472, 0.002052, 0.999992, 0.003327, 0.336996, 0.0, 0.0, 0.0, 1.0],
                [0.999994, -0.002088, 0.00283, -0.146464, 0.002837, 0.003303, -0.999991, 4.569041, 0.002078, 0.999992, 0.003309, 0.335685, 0.0, 0.0, 0.0, 1.0],
                [0.999994, -0.002114, 0.002825, -0.144317, 0.002832, 0.003287, -0.999991, 4.566546, 0.002105, 0.999992, 0.003293, 0.334373, 0.0, 0.0, 0.0, 1.0],
                [0.999994, -0.00214, 0.00282, -0.142171, 0.002827, 0.003269, -0.999991, 4.563973, 0.002131, 0.999992, 0.003275, 0.333062, 0.0, 0.0, 0.0, 1.0],
                [0.999994, -0.00217, 0.002816, -0.140023, 0.002824, 0.00325, -0.999991, 4.561313, 0.002161, 0.999992, 0.003257, 0.331751, 0.0, 0.0, 0.0, 1.0],
                [0.999994, -0.002201, 0.00281, -0.137878, 0.002817, 0.003231, -0.999991, 4.558549, 0.002192, 0.999992, 0.003238, 0.33044, 0.0, 0.0, 0.0, 1.0],
                [0.999994, -0.00223, 0.002806, -0.135732, 0.002813, 0.00321, -0.999991, 4.555668, 0.002221, 0.999992, 0.003216, 0.329129, 0.0, 0.0, 0.0, 1.0],
                [0.999993, -0.002259, 0.002801, -0.133586, 0.002808, 0.003189, -0.999991, 4.552659, 0.00225, 0.999992, 0.003195, 0.327818, 0.0, 0.0, 0.0, 1.0],
                [0.999994, -0.002279, 0.002798, -0.130121, 0.002805, 0.003175, -0.999991, 4.550539, 0.00227, 0.999992, 0.003181, 0.329357, 0.0, 0.0, 0.0, 1.0],
                [0.999994, -0.002277, 0.002798, -0.123752, 0.002805, 0.003176, -0.999991, 4.550165, 0.002268, 0.999992, 0.003182, 0.336902, 0.0, 0.0, 0.0, 1.0],
                [0.999994, -0.002256, 0.002801, -0.117384, 0.002808, 0.003191, -0.999991, 4.551255, 0.002247, 0.999992, 0.003197, 0.349532, 0.0, 0.0, 0.0, 1.0],
                [0.999994, -0.002218, 0.002807, -0.108211, 0.002814, 0.003217, -0.999991, 4.55354, 0.002209, 0.999992, 0.003223, 0.366313, 0.0, 0.0, 0.0, 1.0],
                [0.999994, -0.002168, 0.002813, -0.099037, 0.00282, 0.003251, -0.999991, 4.556741, 0.002159, 0.999992, 0.003257, 0.386312, 0.0, 0.0, 0.0, 1.0],
                [0.999994, -0.002108, 0.002826, -0.088231, 0.002833, 0.003291, -0.999991, 4.560585, 0.002099, 0.999992, 0.003297, 0.408602, 0.0, 0.0, 0.0, 1.0],
                [0.999994, -0.002038, 0.002839, -0.077422, 0.002846, 0.003335, -0.99999, 4.564798, 0.002029, 0.999992, 0.003341, 0.432359, 0.0, 0.0, 0.0, 1.0],
                [0.999994, -0.001966, 0.002857, -0.06661, 0.002863, 0.003379, -0.99999, 4.569105, 0.001956, 0.999992, 0.003385, 0.456116, 0.0, 0.0, 0.0, 1.0],
                [0.999994, -0.001892, 0.002874, -0.055796, 0.00288, 0.003422, -0.99999, 4.57323, 0.001882, 0.999992, 0.003428, 0.479872, 0.0, 0.0, 0.0, 1.0],
                [0.999994, -0.001815, 0.002894, -0.044978, 0.0029, 0.00346, -0.99999, 4.576899, 0.001805, 0.999992, 0.003466, 0.501994, 0.0, 0.0, 0.0, 1.0],
                [0.999994, -0.001732, 0.002915, -0.034158, 0.002921, 0.003504, -0.99999, 4.581093, 0.001722, 0.999992, 0.003509, 0.526634, 0.0, 0.0, 0.0, 1.0],
                [0.999994, -0.001627, 0.002948, -0.020594, 0.002954, 0.003554, -0.999989, 4.586508, 0.001616, 0.999992, 0.003559, 0.556352, 0.0, 0.0, 0.0, 1.0],
                [0.999994, -0.001507, 0.002986, -0.007022, 0.002992, 0.003607, -0.999989, 4.592435, 0.001496, 0.999992, 0.003611, 0.587613, 0.0, 0.0, 0.0, 1.0],
                [0.999994, -0.001374, 0.003036, 0.006559, 0.003041, 0.00366, -0.999989, 4.598173, 0.001363, 0.999992, 0.003664, 0.618873, 0.0, 0.0, 0.0, 1.0],
                [0.999994, -0.00124, 0.003087, 0.017582, 0.003092, 0.003706, -0.999988, 4.603004, 0.001228, 0.999992, 0.00371, 0.645607, 0.0, 0.0, 0.0, 1.0],
                [0.999994, -0.001109, 0.003147, 0.024962, 0.003152, 0.00375, -0.999988, 4.606229, 0.001097, 0.999992, 0.003753, 0.665285, 0.0, 0.0, 0.0, 1.0],
                [0.999994, -0.000976, 0.00321, 0.029412, 0.003213, 0.003784, -0.999988, 4.608272, 0.000964, 0.999992, 0.003787, 0.678404, 0.0, 0.0, 0.0, 1.0],
                [0.999994, -0.000833, 0.003285, 0.032207, 0.003288, 0.003818, -0.999987, 4.610029, 0.00082, 0.999992, 0.00382, 0.691522, 0.0, 0.0, 0.0, 1.0],
                [0.999994, -0.000684, 0.003379, 0.035009, 0.003382, 0.003851, -0.999987, 4.611477, 0.000671, 0.999992, 0.003853, 0.701179, 0.0, 0.0, 0.0, 1.0],
                [0.999994, -0.000533, 0.003471, 0.036097, 0.003473, 0.003872, -0.999986, 4.612606, 0.000519, 0.999992, 0.003874, 0.710836, 0.0, 0.0, 0.0, 1.0],
                [0.999993, -0.000384, 0.003578, 0.037186, 0.003579, 0.00389, -0.999986, 4.613396, 0.00037, 0.999992, 0.003891, 0.717873, 0.0, 0.0, 0.0, 1.0],
                [0.999993, -0.000241, 0.003693, 0.03686, 0.003694, 0.0039, -0.999986, 4.613833, 0.000227, 0.999992, 0.003901, 0.72491, 0.0, 0.0, 0.0, 1.0],
                [0.999993, -0.000105, 0.003814, 0.036534, 0.003814, 0.003907, -0.999985, 4.613904, 9e-05, 0.999992, 0.003907, 0.730174, 0.0, 0.0, 0.0, 1.0],
                [1.0, 3e-05, -6e-06, 0.036205, -6e-06, 0.003908, -0.999992, 4.613593, -3e-05, 0.999992, 0.003908, 0.735439, 0.0, 0.0, 0.0, 1.0],
                [1.0, 0.000137, 1e-06, 0.035867, 0.0, 0.003906, -0.999992, 4.612882, -0.000137, 0.999992, 0.003906, 0.739593, 0.0, 0.0, 0.0, 1.0],
                [1.0, 0.000226, 1e-06, 0.03552, 0.0, 0.003902, -0.999992, 4.611763, -0.000226, 0.999992, 0.003902, 0.743747, 0.0, 0.0, 0.0, 1.0],
                [1.0, 0.000298, 1e-06, 0.035166, 0.0, 0.003896, -0.999992, 4.610174, -0.000298, 0.999992, 0.003896, 0.747901, 0.0, 0.0, 0.0, 1.0],
                [1.0, 0.000361, 1e-06, 0.034039, -0.0, 0.003891, -0.999992, 4.608119, -0.000361, 0.999992, 0.003891, 0.750672, 0.0, 0.0, 0.0, 1.0],
                [1.0, 0.000413, 1e-06, 0.032905, -1e-06, 0.003886, -0.999992, 4.605671, -0.000413, 0.999992, 0.003886, 0.753446, 0.0, 0.0, 0.0, 1.0],
                [1.0, 0.000463, 1e-06, 0.031772, -1e-06, 0.003881, -0.999992, 4.602904, -0.000463, 0.999992, 0.003881, 0.755128, 0.0, 0.0, 0.0, 1.0],
                [1.0, 0.0005, 1e-06, 0.030086, -1e-06, 0.003876, -0.999992, 4.59989, -0.0005, 0.999992, 0.003876, 0.756808, 0.0, 0.0, 0.0, 1.0],
                [1.0, 0.000538, 1e-06, 0.028402, -1e-06, 0.003871, -0.999992, 4.596703, -0.000538, 0.999992, 0.003871, 0.757551, 0.0, 0.0, 0.0, 1.0],
                [1.0, 0.000565, 1e-06, 0.026711, -1e-06, 0.003867, -0.999992, 4.593416, -0.000565, 0.999992, 0.003867, 0.758293, 0.0, 0.0, 0.0, 1.0],
                [1.0, 0.000593, 0.0, 0.02502, -2e-06, 0.003861, -0.999993, 4.590102, -0.000593, 0.999992, 0.003861, 0.759133, 0.0, 0.0, 0.0, 1.0],
                [1.0, 0.000613, 1e-06, 0.023327, -1e-06, 0.00386, -0.999993, 4.586836, -0.000613, 0.999992, 0.00386, 0.759495, 0.0, 0.0, 0.0, 1.0],
                [1.0, 0.000634, 2e-06, 0.021634, -0.0, 0.003857, -0.999993, 4.583688, -0.000634, 0.999992, 0.003857, 0.759778, 0.0, 0.0, 0.0, 1.0],
                [1.0, 0.00065, 1e-06, 0.019938, -1e-06, 0.003855, -0.999992, 4.580736, -0.00065, 0.999992, 0.003855, 0.760063, 0.0, 0.0, 0.0, 1.0],
                [1.0, 0.000666, 1e-06, 0.018242, -1e-06, 0.003853, -0.999992, 4.578049, -0.000666, 0.999992, 0.003853, 0.760425, 0.0, 0.0, 0.0, 1.0],
                [1.0, 0.000681, 1e-06, 0.016546, -1e-06, 0.003848, -0.999993, 4.5757, -0.000681, 0.999992, 0.003848, 0.760942, 0.0, 0.0, 0.0, 1.0],
                [1.0, 0.000697, 0.0, 0.014851, -2e-06, 0.003846, -0.999993, 4.573586, -0.000697, 0.999992, 0.003846, 0.761416, 0.0, 0.0, 0.0, 1.0],
                [1.0, 0.000699, 3e-06, 0.013148, 0.0, 0.003845, -0.999993, 4.57157, -0.000699, 0.999992, 0.003845, 0.761624, 0.0, 0.0, 0.0, 1.0],
                [1.0, 0.000702, 1e-06, 0.011446, -1e-06, 0.003844, -0.999993, 4.569661, -0.000702, 0.999992, 0.003844, 0.76161, 0.0, 0.0, 0.0, 1.0],
                [1.0, 0.000696, 2e-06, 0.00974, -0.0, 0.003846, -0.999993, 4.567879, -0.000696, 0.999992, 0.003846, 0.761423, 0.0, 0.0, 0.0, 1.0],
                [1.0, 0.000689, 2e-06, 0.008033, -1e-06, 0.003848, -0.999993, 4.566233, -0.000689, 0.999992, 0.003848, 0.761105, 0.0, 0.0, 0.0, 1.0],
                [1.0, 0.000678, 2e-06, 0.006326, -0.0, 0.00385, -0.999993, 4.564742, -0.000678, 0.999992, 0.00385, 0.760705, 0.0, 0.0, 0.0, 1.0],
                [1.0, 0.000667, 1e-06, 0.004617, -1e-06, 0.003852, -0.999993, 4.563416, -0.000667, 0.999992, 0.003852, 0.760265, 0.0, 0.0, 0.0, 1.0],
                [1.0, 0.000655, 1e-06, 0.002908, -1e-06, 0.003854, -0.999992, 4.562274, -0.000655, 0.999992, 0.003854, 0.759834, 0.0, 0.0, 0.0, 1.0],
                [1.0, 0.000643, 2e-06, 0.002042, -0.0, 0.003856, -0.999992, 4.561329, -0.000643, 0.999992, 0.003856, 0.759456, 0.0, 0.0, 0.0, 1.0],
                [1.0, 0.000638, 1e-06, 0.001179, -1e-06, 0.003856, -0.999992, 4.560595, -0.000638, 0.999992, 0.003856, 0.759176, 0.0, 0.0, 0.0, 1.0],
                [1.0, 0.000632, 2e-06, 0.000315, -0.0, 0.003858, -0.999993, 4.560087, -0.000632, 0.999992, 0.003858, 0.759042, 0.0, 0.0, 0.0, 1.0]
            ]
        },
        {
            "name": "Thigh_R",
            "time": [0.0, 0.0333, 0.0667, 0.1, 0.1333, 0.1667, 0.2, 0.2333, 0.2667, 0.3, 0.3333, 0.3667, 0.4, 0.4333, 0.4667, 0.5, 0.5333, 0.5667, 0.6, 0.6333, 0.6667, 0.7, 0.7333, 0.7667, 0.8, 0.8333, 0.8667, 0.9, 0.9333, 0.9667, 1.0, 1.0333, 1.0667, 1.1, 1.1333, 1.1667, 1.2, 1.2333, 1.2667, 1.3, 1.3333, 1.3667, 1.4, 1.4333, 1.4667, 1.5, 1.5333, 1.5667, 1.6, 1.6333, 1.6667, 1.7, 1.7333, 1.7667, 1.8, 1.8333, 1.8667, 1.9, 1.9333, 1.9667, 2.0, 2.0333, 2.0667, 2.1, 2.1333, 2.1667, 2.2, 2.2333, 2.2667, 2.3, 2.3333, 2.3667, 2.4, 2.4333, 2.4667, 2.5, 2.5333, 2.5667, 2.6, 2.6333, 2.6667, 2.7, 2.7333, 2.7667, 2.8, 2.8333, 2.8667, 2.9, 2.9333, 2.9667, 3.0, 3.0333, 3.0667, 3.1, 3.1333, 3.1667, 3.2, 3.2333, 3.2667, 3.3, 3.3333, 3.3667, 3.4, 3.4333, 3.4667, 3.5, 3.5333, 3.5667, 3.6, 3.6333, 3.6667, 3.7, 3.7333, 3.7667, 3.8, 3.8333, 3.8667, 3.9, 3.9333, 3.9667, 4.0, 4.0333, 4.0667, 4.1, 4.1333, 4.1667, 4.2, 4.2333, 4.2667, 4.3, 4.3333, 4.3667, 4.4, 4.4333],
            "transform": [
                [-0.135585, 0.930245, 0.340972, 0.100027, -0.102315, -0.355456, 0.929076, 0.001205, 0.985468, 0.091083, 0.143372, -0.025964, 0.0, 0.0, 0.0, 1.0],
                [-0.630614, 0.745631, 0.215313, 0.100027, -0.116853, -0.365489, 0.923452, 0.001205, 0.767249, 0.557182, 0.317612, -0.025964, 0.0, 0.0, 0.0, 1.0],
                [-0.93328, 0.357241, 0.036963, 0.100027, -0.11556, -0.396143, 0.910888, 0.001205, 0.34005, 0.845842, 0.410995, -0.025964, 0.0, 0.0, 0.0, 1.0],
                [-0.991377, 0.00461, -0.130959, 0.100027, -0.119635, -0.439643, 0.89017, 0.001205, -0.053471, 0.898161, 0.436403, -0.025964, 0.0, 0.0, 0.0, 1.0],
                [-0.951585, -0.207884, -0.226429, 0.100027, -0.107174, -0.466022, 0.878258, 0.001205, -0.288096, 0.860005, 0.42118, -0.025964, 0.0, 0.0, 0.0, 1.0],
                [-0.897979, -0.355665, -0.259106, 0.100027, -0.07036, -0.465199, 0.882406, 0.001205, -0.434377, 0.810612, 0.392714, -0.025964, 0.0, 0.0, 0.0, 1.0],
                [-0.839705, -0.474692, -0.263747, 0.100027, -0.028486, -0.446512, 0.894324, 0.001205, -0.542295, 0.758481, 0.361417, -0.025964, 0.0, 0.0, 0.0, 1.0],
                [-0.75956, -0.584476, -0.285404, 0.100027, -0.011498, -0.426656, 0.904341, 0.001205, -0.650334, 0.690184, 0.31735, -0.025964, 0.0, 0.0, 0.0, 1.0],
                [-0.657791, -0.687411, -0.30786, 0.100027, -0.010751, -0.400125, 0.916398, 0.001205, -0.753124, 0.606108, 0.255808, -0.025964, 0.0, 0.0, 0.0, 1.0],
                [-0.551579, -0.76545, -0.331432, 0.100027, -0.032527, -0.377302, 0.925519, 0.001205, -0.833487, 0.521278, 0.183214, -0.025964, 0.0, 0.0, 0.0, 1.0],
                [-0.412755, -0.819852, -0.396833, 0.100027, -0.091504, -0.39615, 0.913615, 0.001205, -0.906234, 0.413412, 0.088493, -0.025964, 0.0, 0.0, 0.0, 1.0],
                [-0.266412, -0.844724, -0.464184, 0.100027, -0.159581, -0.436287, 0.885544, 0.001205, -0.950556, 0.309996, -0.01857, -0.025964, 0.0, 0.0, 0.0, 1.0],
                [-0.178562, -0.870739, -0.458182, 0.100027, -0.246846, -0.41113, 0.877519, 0.001205, -0.952461, 0.269792, -0.141526, -0.025964, 0.0, 0.0, 0.0, 1.0],
                [-0.165457, -0.919943, -0.355428, 0.100027, -0.342768, -0.284287, 0.895372, 0.001205, -0.924735, 0.269975, -0.26829, -0.025964, 0.0, 0.0, 0.0, 1.0],
                [-0.179569, -0.962571, -0.203008, 0.100027, -0.438973, -0.106275, 0.892193, 0.001205, -0.880374, 0.249325, -0.403459, -0.025964, 0.0, 0.0, 0.0, 1.0],
                [-0.203058, -0.978921, -0.021933, 0.100027, -0.528891, 0.090802, 0.843818, 0.001205, -0.824039, 0.182945, -0.536181, -0.025964, 0.0, 0.0, 0.0, 1.0],
                [-0.218188, -0.962327, 0.162237, 0.100027, -0.610031, 0.26425, 0.747017, 0.001205, -0.761745, 0.06402, -0.644706, -0.025964, 0.0, 0.0, 0.0, 1.0],
                [-0.208689, -0.919586, 0.332883, 0.100027, -0.682477, 0.380732, 0.623913, 0.001205, -0.70048, -0.096982, -0.707051, -0.025964, 0.0, 0.0, 0.0, 1.0],
                [-0.159357, -0.871115, 0.464505, 0.100027, -0.746905, 0.414061, 0.520274, 0.001205, -0.645551, -0.264032, -0.716624, -0.025964, 0.0, 0.0, 0.0, 1.0],
                [-0.057391, -0.835142, 0.547032, 0.100027, -0.80018, 0.36614, 0.47503, 0.001205, -0.597007, -0.410462, -0.689277, -0.025964, 0.0, 0.0, 0.0, 1.0],
                [0.117711, -0.816704, 0.564924, 0.100027, -0.83295, 0.228535, 0.503949, 0.001205, -0.540681, -0.529874, -0.653373, -0.025964, 0.0, 0.0, 0.0, 1.0],
                [0.346921, -0.783996, 0.514778, 0.100027, -0.819876, 0.013038, 0.572391, 0.001205, -0.455463, -0.62063, -0.638257, -0.025964, 0.0, 0.0, 0.0, 1.0],
                [0.583543, -0.70333, 0.405961, 0.100027, -0.734533, -0.243947, 0.633206, 0.001205, -0.346319, -0.667695, -0.658974, -0.025964, 0.0, 0.0, 0.0, 1.0],
                [0.779487, -0.565538, 0.269382, 0.100027, -0.581732, -0.494022, 0.646165, 0.001204, -0.23235, -0.660386, -0.714076, -0.025964, 0.0, 0.0, 0.0, 1.0],
                [0.906905, -0.39732, 0.14021, 0.100027, -0.397134, -0.694949, 0.599442, 0.001205, -0.140731, -0.59932, -0.788042, -0.025964, 0.0, 0.0, 0.0, 1.0],
                [0.968398, -0.245796, 0.042279, 0.100027, -0.232499, -0.828342, 0.509701, 0.001205, -0.090261, -0.503424, -0.859312, -0.025964, 0.0, 0.0, 0.0, 1.0],
                [0.933774, -0.346098, -0.091003, 0.100027, -0.277847, -0.861425, 0.425145, 0.001205, -0.225534, -0.371705, -0.900539, -0.025964, 0.0, 0.0, 0.0, 1.0],
                [0.872437, -0.433132, -0.226384, 0.100027, -0.372055, -0.888977, 0.267014, 0.001205, -0.316902, -0.148725, -0.936725, -0.025964, 0.0, 0.0, 0.0, 1.0],
                [0.97372, -0.137933, -0.181222, 0.100027, -0.166949, -0.973538, -0.156049, 0.001205, -0.154902, 0.182204, -0.970982, -0.025964, 0.0, 0.0, 0.0, 1.0],
                [0.953527, 0.292015, 0.074244, 0.100027, 0.269089, -0.714456, -0.645866, 0.001205, -0.135559, 0.63583, -0.759832, -0.025964, 0.0, 0.0, 0.0, 1.0],
                [0.642833, 0.428026, 0.635263, 0.100027, 0.630296, 0.175724, -0.756206, 0.001205, -0.435307, 0.886519, -0.156821, -0.025964, 0.0, 0.0, 0.0, 1.0],
                [0.166206, 0.041265, 0.985227, 0.100027, 0.395605, 0.912404, -0.104953, 0.001205, -0.903256, 0.407204, 0.135323, -0.025964, 0.0, 0.0, 0.0, 1.0],
                [0.3229, -0.233162, 0.917263, 0.100027, -0.365742, 0.863145, 0.348157, 0.001205, -0.872908, -0.447902, 0.193433, -0.025964, 0.0, 0.0, 0.0, 1.0],
                [0.702695, -0.61929, -0.350284, 0.100027, 0.264864, -0.229249, 0.936639, 0.001205, -0.660353, -0.75095, 0.002935, -0.025964, 0.0, 0.0, 0.0, 1.0],
                [0.973302, 0.197762, 0.116501, 0.100027, 0.096951, -0.814292, 0.572301, 0.001205, 0.208045, -0.545727, -0.811726, -0.025964, 0.0, 0.0, 0.0, 1.0],
                [0.877047, 0.323282, 0.355355, 0.100027, 0.101272, -0.847495, 0.521054, 0.001205, 0.469608, -0.421001, -0.776032, -0.025964, 0.0, 0.0, 0.0, 1.0],
                [0.617039, 0.578944, 0.532998, 0.100027, 0.356188, -0.80943, 0.466855, 0.001205, 0.701707, -0.09822, -0.705663, -0.025965, 0.0, 0.0, 0.0, 1.0],
                [0.284235, 0.789582, 0.543848, 0.100027, 0.317392, -0.612751, 0.723739, 0.001205, 0.904695, -0.033099, -0.424772, -0.025965, 0.0, 0.0, 0.0, 1.0],
                [-0.171544, 0.821768, 0.543387, 0.100027, -0.173215, -0.568129, 0.804503, 0.001205, 0.969829, 0.043885, 0.239802, -0.025964, 0.0, 0.0, 0.0, 1.0],
                [-0.924545, 0.235619, 0.299502, 0.100027, -0.118271, -0.924546, 0.362252, 0.001205, 0.362257, 0.299496, 0.882651, -0.025964, 0.0, 0.0, 0.0, 1.0],
                [-0.946434, -0.271891, -0.174176, 0.100027, 0.241249, -0.953955, 0.178237, 0.001205, -0.214617, 0.12667, 0.968449, -0.025964, 0.0, 0.0, 0.0, 1.0],
                [-0.681665, -0.282905, -0.674757, 0.100027, 0.35586, -0.933988, 0.03209, 0.001205, -0.639294, -0.218244, 0.737342, -0.025965, 0.0, 0.0, 0.0, 1.0],
                [-0.305639, -0.13158, -0.943012, 0.100027, 0.545463, -0.835974, -0.060146, 0.001205, -0.780419, -0.532762, 0.327278, -0.025964, 0.0, 0.0, 0.0, 1.0],
                [-0.057495, -0.148074, -0.987304, 0.100027, 0.672601, -0.736562, 0.071299, 0.001205, -0.737767, -0.659963, 0.141944, -0.025964, 0.0, 0.0, 0.0, 1.0],
                [0.192945, -0.194647, -0.961709, 0.100027, 0.729266, -0.627291, 0.273272, 0.001205, -0.656462, -0.754069, 0.020917, -0.025965, 0.0, 0.0, 0.0, 1.0],
                [0.462141, -0.204681, -0.862862, 0.100027, 0.722179, -0.477826, 0.500139, 0.001205, -0.514666, -0.854277, -0.073007, -0.025964, 0.0, 0.0, 0.0, 1.0],
                [0.752255, -0.088553, -0.652893, 0.100027, 0.604387, -0.301826, 0.737304, 0.001205, -0.26235, -0.949242, -0.17353, -0.025964, 0.0, 0.0, 0.0, 1.0],
                [0.92038, 0.113337, -0.37424, 0.100027, 0.390925, -0.244973, 0.887224, 0.001205, 0.008877, -0.962883, -0.269775, -0.025964, 0.0, 0.0, 0.0, 1.0],
                [0.975318, 0.199423, -0.09479, 0.100027, 0.157551, -0.327759, 0.931532, 0.001205, 0.154701, -0.923474, -0.351089, -0.025964, 0.0, 0.0, 0.0, 1.0],
                [0.937757, 0.323649, 0.125944, 0.100027, 0.049019, -0.482367, 0.874597, 0.001205, 0.343813, -0.813986, -0.468209, -0.025964, 0.0, 0.0, 0.0, 1.0],
                [0.852255, 0.457653, 0.253405, 0.100027, 0.064981, -0.573268, 0.816787, 0.001205, 0.519074, -0.679645, -0.51831, -0.025964, 0.0, 0.0, 0.0, 1.0],
                [0.715394, 0.611682, 0.337722, 0.100027, 0.15986, -0.613809, 0.7731, 0.001205, 0.680188, -0.499083, -0.536899, -0.025965, 0.0, 0.0, 0.0, 1.0],
                [0.564687, 0.741217, 0.362941, 0.100028, 0.313165, -0.599317, 0.736713, 0.001205, 0.763581, -0.302352, -0.570551, -0.025964, 0.0, 0.0, 0.0, 1.0],
                [0.485314, 0.802315, 0.347507, 0.100027, 0.473137, -0.575217, 0.667283, 0.001205, 0.735262, -0.159423, -0.658766, -0.025965, 0.0, 0.0, 0.0, 1.0],
                [0.525398, 0.796398, 0.299511, 0.100027, 0.623678, -0.599916, 0.501125, 0.001205, 0.578776, -0.076492, -0.811891, -0.025964, 0.0, 0.0, 0.0, 1.0],
                [0.627536, 0.738602, 0.246303, 0.100027, 0.721902, -0.670464, 0.171279, 0.001205, 0.291643, 0.070323, -0.953938, -0.025965, 0.0, 0.0, 0.0, 1.0],
                [0.703084, 0.653413, 0.280578, 0.100027, 0.710897, -0.65545, -0.25497, 0.001205, 0.017304, 0.378728, -0.925346, -0.025965, 0.0, 0.0, 0.0, 1.0],
                [0.780759, 0.592323, 0.198919, 0.100027, 0.604223, -0.634633, -0.481826, 0.001205, -0.159157, 0.496381, -0.85339, -0.025964, 0.0, 0.0, 0.0, 1.0],
                [0.846056, 0.532468, 0.025831, 0.100027, 0.437196, -0.665319, -0.605153, 0.001205, -0.305039, 0.523287, -0.79569, -0.025964, 0.0, 0.0, 0.0, 1.0],
                [0.835138, 0.537468, 0.116931, 0.100027, 0.513614, -0.68593, -0.515461, 0.001205, -0.196838, 0.490539, -0.848898, -0.025963, 0.0, 0.0, 0.0, 1.0],
                [0.850016, 0.518168, 0.094728, 0.100027, 0.487501, -0.705727, -0.514094, 0.001205, -0.199535, 0.483169, -0.852487, -0.025965, 0.0, 0.0, 0.0, 1.0],
                [0.876681, 0.480701, 0.018851, 0.100027, 0.42441, -0.754382, -0.500783, 0.001205, -0.226506, 0.447028, -0.865367, -0.025966, 0.0, 0.0, 0.0, 1.0],
                [0.89513, 0.445485, -0.016916, 0.100027, 0.377467, -0.777554, -0.502919, 0.001205, -0.237196, 0.443792, -0.864168, -0.025965, 0.0, 0.0, 0.0, 1.0],
                [0.907593, 0.418737, -0.030567, 0.100027, 0.346826, -0.788775, -0.507489, 0.001205, -0.236615, 0.449993, -0.861116, -0.025964, 0.0, 0.0, 0.0, 1.0],
                [0.910509, 0.412805, -0.023767, 0.100027, 0.342123, -0.784396, -0.517373, 0.001205, -0.232217, 0.462943, -0.855429, -0.025964, 0.0, 0.0, 0.0, 1.0],
                [0.911585, 0.410903, -0.013092, 0.100027, 0.341373, -0.774307, -0.532834, 0.001205, -0.229081, 0.481255, -0.846118, -0.025965, 0.0, 0.0, 0.0, 1.0],
                [0.911835, 0.410552, -0.002008, 0.100027, 0.342786, -0.763998, -0.54663, 0.001205, -0.225954, 0.497748, -0.837372, -0.025965, 0.0, 0.0, 0.0, 1.0],
                [0.91139, 0.411515, 0.004764, 0.100027, 0.344401, -0.75631, -0.556222, 0.001205, -0.225291, 0.508576, -0.83102, -0.025964, 0.0, 0.0, 0.0, 1.0],
                [0.911598, 0.410968, 0.009698, 0.100027, 0.344477, -0.75081, -0.563578, 0.001205, -0.224331, 0.517097, -0.826006, -0.025963, 0.0, 0.0, 0.0, 1.0],
                [0.911786, 0.410404, 0.014624, 0.100027, 0.344589, -0.745223, -0.570878, 0.001205, -0.223393, 0.525558, -0.820905, -0.025964, 0.0, 0.0, 0.0, 1.0],
                [0.91212, 0.409487, 0.018874, 0.100027, 0.344194, -0.74005, -0.577802, 0.001205, -0.222635, 0.533522, -0.815958, -0.025964, 0.0, 0.0, 0.0, 1.0],
                [0.912454, 0.408525, 0.023098, 0.100027, 0.343793, -0.734814, -0.584683, 0.001205, -0.221885, 0.541438, -0.810933, -0.025965, 0.0, 0.0, 0.0, 1.0],
                [0.912524, 0.408106, 0.027368, 0.100027, 0.343965, -0.729456, -0.591255, 0.001205, -0.221331, 0.548948, -0.80602, -0.025964, 0.0, 0.0, 0.0, 1.0],
                [0.912607, 0.407611, 0.031623, 0.100027, 0.344106, -0.724049, -0.597782, 0.001205, -0.220766, 0.556423, -0.801035, -0.025965, 0.0, 0.0, 0.0, 1.0],
                [0.912705, 0.407042, 0.035863, 0.100027, 0.344218, -0.718595, -0.604265, 0.001205, -0.22019, 0.56386, -0.795976, -0.025963, 0.0, 0.0, 0.0, 1.0],
                [0.912817, 0.406397, 0.040088, 0.100027, 0.344299, -0.713095, -0.610699, 0.001205, -0.219599, 0.571259, -0.790848, -0.025965, 0.0, 0.0, 0.0, 1.0],
                [0.912852, 0.405949, 0.043649, 0.100027, 0.344474, -0.708371, -0.616075, 0.001205, -0.219175, 0.577422, -0.786477, -0.025965, 0.0, 0.0, 0.0, 1.0],
                [0.913043, 0.40498, 0.048402, 0.100027, 0.344719, -0.70281, -0.622275, 0.001205, -0.217992, 0.58485, -0.7813, -0.025964, 0.0, 0.0, 0.0, 1.0],
                [0.912674, 0.405547, 0.050573, 0.100027, 0.344829, -0.697728, -0.627908, 0.001205, -0.21936, 0.590514, -0.776643, -0.025964, 0.0, 0.0, 0.0, 1.0],
                [0.912954, 0.404159, 0.056301, 0.100027, 0.345508, -0.692199, -0.633628, 0.001205, -0.217115, 0.597926, -0.771586, -0.025963, 0.0, 0.0, 0.0, 1.0],
                [0.912576, 0.404865, 0.05735, 0.100027, 0.345143, -0.687447, -0.638978, 0.001205, -0.219275, 0.60291, -0.767084, -0.025964, 0.0, 0.0, 0.0, 1.0],
                [0.912836, 0.403327, 0.063694, 0.100027, 0.346053, -0.681353, -0.644984, 0.001205, -0.216742, 0.610807, -0.761537, -0.025963, 0.0, 0.0, 0.0, 1.0],
                [0.912559, 0.403541, 0.066258, 0.100027, 0.346024, -0.675597, -0.651026, 0.001205, -0.217952, 0.617027, -0.756158, -0.025963, 0.0, 0.0, 0.0, 1.0],
                [0.912519, 0.4028, 0.071134, 0.100027, 0.346813, -0.669719, -0.656656, 0.001205, -0.216861, 0.623882, -0.750828, -0.025964, 0.0, 0.0, 0.0, 1.0],
                [0.912165, 0.401253, 0.083368, 0.100027, 0.351542, -0.661525, -0.662422, 0.001205, -0.210649, 0.633546, -0.744477, -0.025965, 0.0, 0.0, 0.0, 1.0],
                [0.910693, 0.397489, 0.112429, 0.100027, 0.366582, -0.652212, -0.663504, 0.001205, -0.190408, 0.645463, -0.739677, -0.025964, 0.0, 0.0, 0.0, 1.0],
                [0.908868, 0.389781, 0.148421, 0.100027, 0.384349, -0.644524, -0.660957, 0.001205, -0.161968, 0.657768, -0.7356, -0.025963, 0.0, 0.0, 0.0, 1.0],
                [0.906822, 0.379291, 0.18388, 0.100027, 0.400848, -0.641067, -0.654488, 0.001205, -0.130362, 0.667212, -0.733372, -0.025964, 0.0, 0.0, 0.0, 1.0],
                [0.906431, 0.364539, 0.213292, 0.100027, 0.411005, -0.645052, -0.644192, 0.001205, -0.097248, 0.67158, -0.734522, -0.025964, 0.0, 0.0, 0.0, 1.0],
                [0.906972, 0.348254, 0.236896, 0.100027, 0.41559, -0.648541, -0.637714, 0.001205, -0.06845, 0.676841, -0.73294, -0.025965, 0.0, 0.0, 0.0, 1.0],
                [0.90708, 0.3277, 0.264231, 0.100027, 0.419475, -0.65101, -0.632635, 0.001205, -0.035298, 0.684689, -0.72798, -0.025964, 0.0, 0.0, 0.0, 1.0],
                [0.908352, 0.309093, 0.281705, 0.100027, 0.41813, -0.6584, -0.625841, 0.001205, -0.007969, 0.686274, -0.7273, -0.025964, 0.0, 0.0, 0.0, 1.0],
                [0.912501, 0.293504, 0.28495, 0.100027, 0.408869, -0.676418, -0.612605, 0.001205, 0.012943, 0.67551, -0.737237, -0.025965, 0.0, 0.0, 0.0, 1.0],
                [0.920629, 0.284461, 0.267437, 0.100027, 0.389727, -0.710817, -0.585536, 0.001206, 0.023536, 0.643289, -0.765262, -0.025965, 0.0, 0.0, 0.0, 1.0],
                [0.931753, 0.284057, 0.226158, 0.100027, 0.362221, -0.770318, -0.524792, 0.001205, 0.025143, 0.570896, -0.820637, -0.025963, 0.0, 0.0, 0.0, 1.0],
                [0.943807, 0.285411, 0.166639, 0.100027, 0.329557, -0.850741, -0.409428, 0.001205, 0.024911, 0.441338, -0.896995, -0.025963, 0.0, 0.0, 0.0, 1.0],
                [0.954082, 0.281473, 0.10247, 0.100027, 0.298349, -0.923475, -0.24121, 0.001205, 0.026734, 0.260706, -0.965048, -0.025964, 0.0, 0.0, 0.0, 1.0],
                [0.961824, 0.267115, 0.059525, 0.100027, 0.271914, -0.957362, -0.097574, 0.001205, 0.030923, 0.110035, -0.993447, -0.025965, 0.0, 0.0, 0.0, 1.0],
                [0.967602, 0.2496, 0.038026, 0.100027, 0.249268, -0.968343, 0.013318, 0.001205, 0.040146, -0.003408, -0.999188, -0.025964, 0.0, 0.0, 0.0, 1.0],
                [0.97012, 0.239346, 0.039763, 0.100027, 0.235597, -0.96844, 0.081353, 0.001205, 0.057979, -0.069554, -0.995892, -0.025965, 0.0, 0.0, 0.0, 1.0],
                [0.970552, 0.230253, 0.070794, 0.100027, 0.22566, -0.97188, 0.067283, 0.001205, 0.084295, -0.049325, -0.995219, -0.025965, 0.0, 0.0, 0.0, 1.0],
                [0.96892, 0.224304, 0.10431, 0.100027, 0.218918, -0.973857, 0.060651, 0.001205, 0.115188, -0.035931, -0.992694, -0.025963, 0.0, 0.0, 0.0, 1.0],
                [0.965069, 0.220908, 0.140859, 0.100027, 0.214183, -0.974859, 0.061438, 0.001205, 0.15089, -0.029121, -0.988122, -0.025965, 0.0, 0.0, 0.0, 1.0],
                [0.958609, 0.221926, 0.178373, 0.100027, 0.212767, -0.974651, 0.069182, 0.001205, 0.189205, -0.028366, -0.981528, -0.025964, 0.0, 0.0, 0.0, 1.0],
