{
    "animation": [
        {
            "name": "Root",
            "time": [0.0, 0.1333, 0.1667, 0.2, 0.2333, 0.2667, 0.3, 0.3333, 0.3667, 0.4, 0.4333, 0.4667, 0.5, 0.5333, 0.5667, 0.6, 0.6333, 0.6667, 0.7, 0.7333, 0.7667, 0.8, 0.8333, 0.8667, 0.9, 0.9333, 0.9667, 1.0, 1.0333, 1.0667, 1.1, 1.1333, 1.1667, 1.2, 1.2333, 1.2667, 1.3, 1.3333, 1.3667, 1.4, 1.4333, 1.4667, 1.5, 1.5333, 1.5667, 1.6, 1.6333, 1.6667, 1.7, 1.7333, 1.7667, 1.8, 1.8333, 1.8667, 1.9, 1.9333, 2.2333, 2.4333],
            "transform": [
                [-0.443967, 0.00166, -0.896043, -0.087505, -0.895888, 0.017825, 0.443924, -0.091289, 0.016709, 0.99984, -0.006427, 0.304129, 0.0, 0.0, 0.0, 1.0],
                [0.697097, 0.00076, -0.716977, -0.369397, -0.716862, 0.018595, -0.696968, 0.466371, 0.012802, 0.999827, 0.013508, 0.513047, 0.0, 0.0, 0.0, 1.0],
                [0.769254, 0.000664, -0.638944, -0.346493, -0.638841, 0.018633, -0.769114, 0.702201, 0.011395, 0.999826, 0.014757, 0.565276, 0.0, 0.0, 0.0, 1.0],
                [0.852845, 0.00053, -0.522165, -0.337938, -0.522082, 0.018676, -0.852692, 0.887785, 0.0093, 0.999826, 0.016204, 0.617506, 0.0, 0.0, 0.0, 1.0],
                [0.928179, 0.00037, -0.372134, -0.335825, -0.372074, 0.018713, -0.928016, 1.052545, 0.00662, 0.999825, 0.017507, 0.595057, 0.0, 0.0, 0.0, 1.0],
                [0.981391, 0.000188, -0.192019, -0.33743, -0.191988, 0.01874, -0.98122, 1.207427, 0.003413, 0.999825, 0.018427, 0.572607, 0.0, 0.0, 0.0, 1.0],
                [0.999943, -1.1e-05, 0.010715, -0.340428, 0.010714, 0.018749, -0.999768, 1.349155, -0.00019, 0.999825, 0.018748, 0.550158, 0.0, 0.0, 0.0, 1.0],
                [0.976872, -0.00021, 0.213826, -0.342373, 0.213792, 0.018738, -0.976701, 1.478014, -0.003801, 0.999825, 0.018349, 0.527709, 0.0, 0.0, 0.0, 1.0],
                [0.900908, -0.000435, 0.434012, -0.344494, 0.433943, 0.0187, -0.900747, 1.570257, -0.007724, 0.999825, 0.017036, 0.50526, 0.0, 0.0, 0.0, 1.0],
                [0.77266, -0.000659, 0.634821, -0.348103, 0.634721, 0.018635, -0.772518, 1.626735, -0.011321, 0.999826, 0.014816, 0.486974, 0.0, 0.0, 0.0, 1.0],
                [0.640471, -0.000829, 0.767983, -0.350987, 0.76786, 0.018565, -0.640349, 1.682593, -0.013727, 0.999827, 0.012526, 0.468689, 0.0, 0.0, 0.0, 1.0],
                [0.523239, -0.000954, 0.852186, -0.352281, 0.852049, 0.0185, -0.523135, 1.755843, -0.015267, 0.999829, 0.010493, 0.450403, 0.0, 0.0, 0.0, 1.0],
                [0.388038, -0.001081, 0.921644, -0.352984, 0.921494, 0.018423, -0.387955, 1.82867, -0.01656, 0.99983, 0.008145, 0.432117, 0.0, 0.0, 0.0, 1.0],
                [0.248133, -0.001198, 0.968727, -0.353767, 0.968569, 0.018338, -0.248071, 1.8835, -0.017468, 0.999831, 0.005711, 0.413832, 0.0, 0.0, 0.0, 1.0],
                [0.203427, -0.001233, 0.979091, -0.355226, 0.97893, 0.018311, -0.203372, 1.893663, -0.017677, 0.999832, 0.004932, 0.395546, 0.0, 0.0, 0.0, 1.0],
                [0.225148, -0.001216, 0.974325, -0.356093, 0.974167, 0.018324, -0.225088, 1.88262, -0.01758, 0.999831, 0.005311, 0.377261, 0.0, 0.0, 0.0, 1.0],
                [0.23233, -0.001211, 0.972637, -0.35633, 0.972479, 0.018329, -0.23227, 1.879794, -0.017546, 0.999831, 0.005436, 0.378727, 0.0, 0.0, 0.0, 1.0],
                [0.239501, -0.001205, 0.970897, -0.357227, 0.970738, 0.018333, -0.23944, 1.876364, -0.017511, 0.999831, 0.005561, 0.37797, 0.0, 0.0, 0.0, 1.0],
                [0.246659, -0.001199, 0.969103, -0.358614, 0.968945, 0.018338, -0.246597, 1.872459, -0.017475, 0.999831, 0.005685, 0.374691, 0.0, 0.0, 0.0, 1.0],
                [0.253803, -0.001194, 0.967256, -0.36032, 0.967099, 0.018342, -0.25374, 1.86826, -0.017439, 0.999831, 0.00581, 0.371416, 0.0, 0.0, 0.0, 1.0],
                [0.260933, -0.001188, 0.965357, -0.362174, 0.9652, 0.018347, -0.260869, 1.863864, -0.017401, 0.999831, 0.005934, 0.366067, 0.0, 0.0, 0.0, 1.0],
                [0.269343, -0.001181, 0.963045, -0.364005, 0.962888, 0.018352, -0.269278, 1.859442, -0.017355, 0.999831, 0.00608, 0.360718, 0.0, 0.0, 0.0, 1.0],
                [0.277733, -0.001174, 0.960659, -0.365641, 0.960502, 0.018357, -0.277666, 1.855129, -0.017309, 0.999831, 0.006226, 0.355367, 0.0, 0.0, 0.0, 1.0],
                [0.286101, -0.001168, 0.9582, -0.366912, 0.958044, 0.018362, -0.286033, 1.85106, -0.01726, 0.999831, 0.006372, 0.350012, 0.0, 0.0, 0.0, 1.0],
                [0.294448, -0.001161, 0.955668, -0.367647, 0.955512, 0.018367, -0.294379, 1.847367, -0.017211, 0.999831, 0.006517, 0.344651, 0.0, 0.0, 0.0, 1.0],
                [0.305131, -0.001152, 0.952311, -0.367674, 0.952156, 0.018374, -0.30506, 1.844228, -0.017146, 0.999831, 0.006703, 0.341506, 0.0, 0.0, 0.0, 1.0],
                [0.315776, -0.001143, 0.948834, -0.366822, 0.94868, 0.01838, -0.315704, 1.841733, -0.017079, 0.999831, 0.006888, 0.338349, 0.0, 0.0, 0.0, 1.0],
                [0.326382, -0.001134, 0.945239, -0.364922, 0.945085, 0.018386, -0.326308, 1.840069, -0.017009, 0.999831, 0.007073, 0.337782, 0.0, 0.0, 0.0, 1.0],
                [0.336946, -0.001125, 0.941525, -0.361801, 0.941371, 0.018392, -0.33687, 1.839359, -0.016938, 0.99983, 0.007257, 0.339478, 0.0, 0.0, 0.0, 1.0],
                [0.349145, -0.001115, 0.93707, -0.357288, 0.936917, 0.0184, -0.349068, 1.839748, -0.016853, 0.99983, 0.007469, 0.343819, 0.0, 0.0, 0.0, 1.0],
                [0.361285, -0.001104, 0.932456, -0.351213, 0.932305, 0.018407, -0.361205, 1.841377, -0.016765, 0.99983, 0.00768, 0.351249, 0.0, 0.0, 0.0, 1.0],
                [0.375681, -0.001092, 0.92675, -0.341924, 0.926599, 0.018415, -0.375599, 1.844888, -0.016656, 0.99983, 0.00793, 0.364085, 0.0, 0.0, 0.0, 1.0],
                [0.389986, -0.001079, 0.920821, -0.328503, 0.920672, 0.018424, -0.389902, 1.850617, -0.016544, 0.99983, 0.008179, 0.383444, 0.0, 0.0, 0.0, 1.0],
                [0.407799, -0.001063, 0.913072, -0.32947, 0.912924, 0.018434, -0.407713, 1.858268, -0.016398, 0.99983, 0.008488, 0.392542, 0.0, 0.0, 0.0, 1.0],
                [0.425459, -0.001047, 0.904978, -0.330438, 0.904832, 0.018445, -0.42537, 1.867534, -0.016246, 0.999829, 0.008795, 0.401639, 0.0, 0.0, 0.0, 1.0],
                [0.445265, -0.001029, 0.895399, -0.331406, 0.895255, 0.018456, -0.445172, 1.878121, -0.016067, 0.999829, 0.009139, 0.410736, 0.0, 0.0, 0.0, 1.0],
                [0.464854, -0.001011, 0.885387, -0.332374, 0.885245, 0.018467, -0.464759, 1.8897, -0.015881, 0.999829, 0.009479, 0.419833, 0.0, 0.0, 0.0, 1.0],
                [0.486556, -0.00099, 0.87365, -0.333342, 0.873509, 0.01848, -0.486458, 1.901995, -0.015663, 0.999829, 0.009857, 0.42893, 0.0, 0.0, 0.0, 1.0],
                [0.507972, -0.00097, 0.861374, -0.33431, 0.861235, 0.018492, -0.50787, 1.914692, -0.015436, 0.999829, 0.010229, 0.438027, 0.0, 0.0, 0.0, 1.0],
                [0.529081, -0.000949, 0.848572, -0.335278, 0.848435, 0.018504, -0.528976, 1.927485, -0.0152, 0.999828, 0.010595, 0.447124, 0.0, 0.0, 0.0, 1.0],
                [0.549992, -0.000927, 0.83517, -0.336245, 0.835035, 0.018515, -0.549885, 1.940157, -0.014954, 0.999828, 0.010958, 0.456221, 0.0, 0.0, 0.0, 1.0],
                [0.570304, -0.000906, 0.821435, -0.337213, 0.821302, 0.018526, -0.570193, 1.953294, -0.014702, 0.999828, 0.01131, 0.465318, 0.0, 0.0, 0.0, 1.0],
                [0.592438, -0.000882, 0.805616, -0.338181, 0.805487, 0.018539, -0.592324, 1.967924, -0.014413, 0.999828, 0.011694, 0.474415, 0.0, 0.0, 0.0, 1.0],
                [0.614139, -0.000858, 0.789198, -0.339149, 0.789072, 0.018551, -0.614021, 1.983559, -0.014113, 0.999828, 0.01207, 0.483512, 0.0, 0.0, 0.0, 1.0],
                [0.63538, -0.000834, 0.7722, -0.340117, 0.772076, 0.018562, -0.63526, 1.999855, -0.013803, 0.999827, 0.012438, 0.492609, 0.0, 0.0, 0.0, 1.0],
                [0.657856, -0.000809, 0.753145, -0.341085, 0.753023, 0.018575, -0.657732, 2.016375, -0.013458, 0.999827, 0.012828, 0.501707, 0.0, 0.0, 0.0, 1.0],
                [0.679774, -0.000782, 0.733423, -0.342053, 0.733305, 0.018587, -0.679647, 2.03276, -0.0131, 0.999827, 0.013209, 0.510804, 0.0, 0.0, 0.0, 1.0],
                [0.701106, -0.000756, 0.713058, -0.34302, 0.712944, 0.018598, -0.700975, 2.048614, -0.012732, 0.999827, 0.013578, 0.519901, 0.0, 0.0, 0.0, 1.0],
                [0.721823, -0.000729, 0.692079, -0.343988, 0.691968, 0.018609, -0.72169, 2.063536, -0.012352, 0.999827, 0.013937, 0.528998, 0.0, 0.0, 0.0, 1.0],
                [0.7419, -0.000702, 0.670511, -0.344956, 0.670404, 0.018619, -0.741764, 2.077165, -0.011963, 0.999826, 0.014284, 0.538095, 0.0, 0.0, 0.0, 1.0],
                [0.759342, -0.000678, 0.650692, -0.345924, 0.650588, 0.018628, -0.759203, 2.08907, -0.011606, 0.999826, 0.014586, 0.547192, 0.0, 0.0, 0.0, 1.0],
                [0.776263, -0.000654, 0.630409, -0.346892, 0.630309, 0.018637, -0.776122, 2.099155, -0.011242, 0.999826, 0.01488, 0.556289, 0.0, 0.0, 0.0, 1.0],
                [0.792646, -0.00063, 0.609683, -0.34786, 0.609585, 0.018646, -0.792502, 2.107709, -0.010869, 0.999826, 0.015163, 0.565386, 0.0, 0.0, 0.0, 1.0],
                [0.808472, -0.000605, 0.588535, -0.348828, 0.588441, 0.018654, -0.808326, 2.115069, -0.010489, 0.999826, 0.015437, 0.574483, 0.0, 0.0, 0.0, 1.0],
                [0.823727, -0.00058, 0.566987, -0.349796, 0.566897, 0.018661, -0.823578, 2.121527, -0.010103, 0.999826, 0.0157, 0.58358, 0.0, 0.0, 0.0, 1.0],
                [0.836424, -0.000559, 0.548083, -0.350763, 0.547996, 0.018667, -0.836274, 2.1274, -0.009764, 0.999825, 0.01592, 0.592677, 0.0, 0.0, 0.0, 1.0],
                [0.982975, 0.000185, -0.183741, -0.359474, -0.183712, 0.018788, -0.982802, 2.1274, 0.003271, 0.999824, 0.018502, 0.674551, 0.0, 0.0, 0.0, 1.0],
                [0.907198, 0.000421, -0.420704, -0.362378, -0.420638, 0.018703, -0.907037, 2.1274, 0.007487, 0.999825, 0.017144, 0.701842, 0.0, 0.0, 0.0, 1.0]
            ]
        },
        {
            "name": "Thigh_R",
            "time": [0.0, 0.1333, 0.1667, 0.2, 0.2333, 0.2667, 0.3, 0.3333, 0.3667, 0.4, 0.4333, 0.4667, 0.5, 0.5333, 0.5667, 0.6, 0.6333, 0.6667, 0.7, 0.7333, 0.7667, 0.8, 0.8333, 0.8667, 0.9, 0.9333, 0.9667, 1.0, 1.0333, 1.0667, 1.1, 1.1333, 1.1667, 1.2, 1.2333, 1.2667, 1.3, 1.3333, 1.3667, 1.4, 1.4333, 1.4667, 1.5, 1.5333, 1.5667, 1.6, 1.6333, 1.6667, 1.7, 1.7333, 1.7667, 1.8, 1.8333, 1.8667, 1.9, 1.9333, 2.2333, 2.4333],
            "transform": [
                [0.489365, 0.520314, -0.699857, 0.033394, 0.817317, -0.553463, 0.160118, 0.1445, -0.304003, -0.650425, -0.696106, 0.176492, 0.0, 0.0, 0.0, 1.0],
                [0.964907, 0.262536, -0.005504, 0.080693, 0.227763, -0.8263, 0.515124, 0.050218, 0.130691, -0.498299, -0.857099, 0.142228, 0.0, 0.0, 0.0, 1.0],
                [0.997925, 0.064283, 0.003482, 0.090184, 0.036982, -0.61669, 0.786338, 0.055089, 0.052696, -0.784577, -0.617789, 0.137703, 0.0, 0.0, 0.0, 1.0],
                [0.997964, 0.063646, 0.004265, 0.099675, 0.035537, -0.610247, 0.791414, 0.059961, 0.052973, -0.789649, -0.611268, 0.133178, 0.0, 0.0, 0.0, 1.0],
                [0.995908, 0.090362, 0.000942, 0.109166, 0.057237, -0.638821, 0.767224, 0.064833, 0.069929, -0.76403, -0.64138, 0.128653, 0.0, 0.0, 0.0, 1.0],
                [0.99216, 0.123736, 0.017579, 0.118657, 0.072497, -0.684374, 0.725518, 0.069705, 0.101803, -0.718554, -0.68798, 0.124127, 0.0, 0.0, 0.0, 1.0],
                [0.985558, 0.15826, 0.06023, 0.128148, 0.074391, -0.724183, 0.685585, 0.074576, 0.152118, -0.671204, -0.725498, 0.119602, 0.0, 0.0, 0.0, 1.0],
                [0.975355, 0.188217, 0.115143, 0.137639, 0.063636, -0.739635, 0.669993, 0.079448, 0.211268, -0.646153, -0.733384, 0.115077, 0.0, 0.0, 0.0, 1.0],
                [0.95873, 0.253725, 0.128297, 0.12276, 0.07419, -0.658864, 0.748595, 0.058471, 0.274467, -0.708182, -0.650498, 0.107884, 0.0, 0.0, 0.0, 1.0],
                [0.892606, 0.427098, -0.144362, 0.10788, 0.322549, -0.381265, 0.866372, 0.037494, 0.314985, -0.819892, -0.478081, 0.100691, 0.0, 0.0, 0.0, 1.0],
                [0.57566, 0.816507, 0.043942, 0.093002, 0.273487, -0.242904, 0.930701, 0.016517, 0.770596, -0.52375, -0.363136, 0.093498, 0.0, 0.0, 0.0, 1.0],
                [0.335832, 0.939228, 0.071184, 0.078122, 0.241547, -0.15892, 0.957289, -0.00446, 0.910423, -0.304294, -0.280239, 0.086305, 0.0, 0.0, 0.0, 1.0],
                [0.185074, 0.971105, 0.15068, 0.063243, 0.283391, -0.199553, 0.938014, -0.025437, 0.940975, -0.130901, -0.312135, 0.079113, 0.0, 0.0, 0.0, 1.0],
                [0.13952, 0.96375, 0.227425, 0.048364, 0.34713, -0.262699, 0.900273, -0.046414, 0.927379, -0.04666, -0.371199, 0.07192, 0.0, 0.0, 0.0, 1.0],
                [0.118902, 0.94978, 0.289449, 0.036025, 0.341609, -0.312851, 0.886244, -0.051142, 0.932289, -0.006497, -0.361653, 0.073636, 0.0, 0.0, 0.0, 1.0],
                [0.113697, 0.941006, 0.318719, 0.023684, 0.313559, -0.338389, 0.887229, -0.05587, 0.942735, -0.000938, -0.333536, 0.075352, 0.0, 0.0, 0.0, 1.0],
                [0.10509, 0.94257, 0.317047, 0.011344, 0.306167, -0.333993, 0.891467, -0.060598, 0.946158, 0.003385, -0.323684, 0.077068, 0.0, 0.0, 0.0, 1.0],
                [0.097704, 0.944907, 0.312417, -0.000996, 0.301277, -0.327271, 0.895616, -0.065326, 0.948517, 0.006619, -0.316656, 0.078784, 0.0, 0.0, 0.0, 1.0],
                [0.094769, 0.947873, 0.30423, -0.013336, 0.299557, -0.318594, 0.899314, -0.070054, 0.949358, 0.005907, -0.314136, 0.0805, 0.0, 0.0, 0.0, 1.0],
                [0.091897, 0.950757, 0.296002, -0.012525, 0.297781, -0.309895, 0.902936, -0.07039, 0.950199, 0.005167, -0.311597, 0.079766, 0.0, 0.0, 0.0, 1.0],
                [0.093763, 0.954316, 0.283709, -0.011714, 0.298101, -0.298801, 0.906563, -0.070725, 0.949916, -0.000428, -0.3125, 0.079033, 0.0, 0.0, 0.0, 1.0],
                [0.095626, 0.957713, 0.271371, -0.010903, 0.298439, -0.287662, 0.910048, -0.071061, 0.949625, -0.006036, -0.313328, 0.078298, 0.0, 0.0, 0.0, 1.0],
                [0.101275, 0.960744, 0.258295, -0.010092, 0.300528, -0.277044, 0.912651, -0.071396, 0.948379, -0.014804, -0.316789, 0.077564, 0.0, 0.0, 0.0, 1.0],
                [0.106846, 0.963582, 0.245143, -0.009281, 0.302688, -0.266374, 0.91511, -0.071732, 0.94708, -0.023574, -0.320127, 0.076831, 0.0, 0.0, 0.0, 1.0],
                [0.116369, 0.965652, 0.232326, -0.00847, 0.30451, -0.257338, 0.917089, -0.072068, 0.945372, -0.035975, -0.323997, 0.076097, 0.0, 0.0, 0.0, 1.0],
                [0.125787, 0.967493, 0.2194, -0.007659, 0.306445, -0.248233, 0.918952, -0.072403, 0.943539, -0.048358, -0.327709, 0.075363, 0.0, 0.0, 0.0, 1.0],
                [0.13927, 0.967614, 0.210538, -0.006848, 0.305902, -0.24425, 0.9202, -0.072739, 0.941821, -0.063752, -0.330013, 0.074629, 0.0, 0.0, 0.0, 1.0],
                [0.152679, 0.967504, 0.201561, -0.006037, 0.305464, -0.240164, 0.92142, -0.073075, 0.939882, -0.079112, -0.332206, 0.073895, 0.0, 0.0, 0.0, 1.0],
                [0.169788, 0.965287, 0.198479, -0.005226, 0.300776, -0.242552, 0.922336, -0.07341, 0.938458, -0.096904, -0.331519, 0.073161, 0.0, 0.0, 0.0, 1.0],
                [0.186851, 0.962783, 0.195288, -0.004415, 0.296118, -0.244741, 0.923265, -0.073746, 0.936695, -0.114685, -0.330829, 0.072427, 0.0, 0.0, 0.0, 1.0],
                [0.206446, 0.957954, 0.19926, -0.003604, 0.286816, -0.253949, 0.923715, -0.074082, 0.935475, -0.133547, -0.327184, 0.071693, 0.0, 0.0, 0.0, 1.0],
                [0.228992, 0.950361, 0.21066, -0.002793, 0.272767, -0.270386, 0.923305, -0.074417, 0.93443, -0.153968, -0.321144, 0.070959, 0.0, 0.0, 0.0, 1.0],
                [0.256831, 0.938321, 0.231502, -0.001982, 0.253228, -0.296503, 0.92085, -0.074753, 0.93269, -0.177881, -0.313761, 0.070225, 0.0, 0.0, 0.0, 1.0],
                [0.290025, 0.92148, 0.258381, 0.001316, 0.228475, -0.328846, 0.91633, -0.067623, 0.929345, -0.206724, -0.30591, 0.076526, 0.0, 0.0, 0.0, 1.0],
                [0.325665, 0.899388, 0.291623, 0.004615, 0.201303, -0.367322, 0.90805, -0.060492, 0.923805, -0.237016, -0.300674, 0.082827, 0.0, 0.0, 0.0, 1.0],
                [0.362255, 0.873031, 0.326477, 0.007913, 0.174046, -0.407464, 0.896484, -0.053362, 0.915684, -0.267934, -0.299554, 0.089128, 0.0, 0.0, 0.0, 1.0],
                [0.399514, 0.84181, 0.362966, 0.011211, 0.147642, -0.449852, 0.880816, -0.046231, 0.904758, -0.29831, -0.30401, 0.095429, 0.0, 0.0, 0.0, 1.0],
                [0.438438, 0.805591, 0.398492, 0.01451, 0.122238, -0.492708, 0.861568, -0.039101, 0.890409, -0.329034, -0.314496, 0.10173, 0.0, 0.0, 0.0, 1.0],
                [0.476155, 0.767999, 0.428316, 0.017808, 0.100107, -0.53125, 0.841282, -0.03197, 0.873643, -0.357703, -0.32984, 0.108031, 0.0, 0.0, 0.0, 1.0],
                [0.513357, 0.725838, 0.457847, 0.021106, 0.073193, -0.568599, 0.819353, -0.024839, 0.855047, -0.387109, -0.345022, 0.114331, 0.0, 0.0, 0.0, 1.0],
                [0.552193, 0.686259, 0.473425, 0.024404, 0.060448, -0.599308, 0.798233, -0.017709, 0.831522, -0.41216, -0.372418, 0.120633, 0.0, 0.0, 0.0, 1.0],
                [0.587892, 0.646942, 0.485643, 0.027703, 0.047762, -0.627056, 0.777509, -0.010578, 0.807528, -0.433895, -0.399541, 0.126934, 0.0, 0.0, 0.0, 1.0],
                [0.623872, 0.60723, 0.491991, 0.031001, 0.038619, -0.652708, 0.756625, -0.003448, 0.780572, -0.453036, -0.430658, 0.133234, 0.0, 0.0, 0.0, 1.0],
                [0.657734, 0.569632, 0.492854, 0.034299, 0.035558, -0.677054, 0.735075, 0.003683, 0.75241, -0.465958, -0.465578, 0.139535, 0.0, 0.0, 0.0, 1.0],
                [0.68573, 0.531898, 0.496849, 0.037598, 0.028315, -0.701597, 0.712012, 0.010813, 0.727304, -0.474179, -0.496168, 0.145836, 0.0, 0.0, 0.0, 1.0],
                [0.709909, 0.495842, 0.50017, 0.040896, 0.019721, -0.723888, 0.689636, 0.017944, 0.704017, -0.479714, -0.523674, 0.152138, 0.0, 0.0, 0.0, 1.0],
                [0.72961, 0.46151, 0.504657, 0.049514, 0.011237, -0.745939, 0.66592, 0.025923, 0.683771, -0.48019, -0.549431, 0.148548, 0.0, 0.0, 0.0, 1.0],
                [0.746678, 0.428817, 0.508515, 0.058132, 0.002287, -0.766121, 0.642693, 0.033902, 0.665181, -0.478721, -0.573028, 0.144959, 0.0, 0.0, 0.0, 1.0],
                [0.760721, 0.39959, 0.511499, 0.066751, -0.002256, -0.786405, 0.617708, 0.041881, 0.649074, -0.471057, -0.597335, 0.141369, 0.0, 0.0, 0.0, 1.0],
                [0.771925, 0.371193, 0.516088, 0.075369, -0.008434, -0.805773, 0.592165, 0.049859, 0.635657, -0.461459, -0.618867, 0.13778, 0.0, 0.0, 0.0, 1.0],
                [0.781186, 0.344976, 0.520327, 0.083987, -0.013645, -0.823824, 0.566682, 0.057838, 0.624148, -0.449784, -0.638854, 0.134191, 0.0, 0.0, 0.0, 1.0],
                [0.786873, 0.32239, 0.526208, 0.092604, -0.015714, -0.841947, 0.539332, 0.065818, 0.616914, -0.432654, -0.65744, 0.130602, 0.0, 0.0, 0.0, 1.0],
                [0.792071, 0.298647, 0.532384, 0.101223, -0.019297, -0.859462, 0.510836, 0.073796, 0.610122, -0.414892, -0.674994, 0.127012, 0.0, 0.0, 0.0, 1.0],
                [0.794915, 0.277768, 0.539402, 0.104299, -0.021237, -0.875762, 0.482277, 0.067773, 0.606348, -0.394824, -0.690259, 0.119128, 0.0, 0.0, 0.0, 1.0],
                [0.797282, 0.257669, 0.545846, 0.107374, -0.01964, -0.892753, 0.450117, 0.06175, 0.603287, -0.36959, -0.706717, 0.111243, 0.0, 0.0, 0.0, 1.0],
                [0.797868, 0.233514, 0.555768, 0.11045, -0.024742, -0.908466, 0.417227, 0.055727, 0.602324, -0.346643, -0.719059, 0.103358, 0.0, 0.0, 0.0, 1.0],
                [0.916278, 0.099054, 0.388101, 0.138133, 0.055045, -0.990887, 0.122942, 0.001519, 0.396742, -0.091286, -0.91338, 0.032393, 0.0, 0.0, 0.0, 1.0],
                [0.945483, 0.067158, 0.318674, 0.133847, 0.064694, -0.997738, 0.018325, 0.001085, 0.319184, 0.00329, -0.947688, 0.043038, 0.0, 0.0, 0.0, 1.0]
            ]
        },
        {
            "name": "Leg_R",
            "time": [0.0, 0.1333, 0.1667, 0.2, 0.2333, 0.2667, 0.3, 0.3333, 0.3667, 0.4, 0.4333, 0.4667, 0.5, 0.5333, 0.5667, 0.6, 0.6333, 0.6667, 0.7, 0.7333, 0.7667, 0.8, 0.8333, 0.8667, 0.9, 0.9333, 0.9667, 1.0, 1.0333, 1.0667, 1.1, 1.1333, 1.1667, 1.2, 1.2333, 1.2667, 1.3, 1.3333, 1.3667, 1.4, 1.4333, 1.4667, 1.5, 1.5333, 1.5667, 1.6, 1.6333, 1.6667, 1.7, 1.7333, 1.7667, 1.8, 1.8333, 1.8667, 1.9, 1.9333, 2.2333, 2.4333],
            "transform": [
                [0.999952, -0.001857, 0.000612, -0.0, 0.00061, 0.593611, 0.804764, 0.37472, -0.001858, -0.804838, 0.593554, 0.0, 0.0, 0.0, 0.0, 1.0],
                [1.000006, 0.001952, -2.1e-05, 0.0, -2.2e-05, 0.022343, 0.999749, 0.37472, 0.001952, -0.999743, 0.022343, -0.0, 0.0, 0.0, 0.0, 1.0],
                [1.000005, 0.001949, 0.000122, 0.0, 0.000122, -0.124808, 0.99218, 0.37472, 0.001949, -0.992174, -0.124809, 0.0, 0.0, 0.0, 0.0, 1.0],
                [1.000006, 0.001949, 0.00011, 0.0, 0.000109, -0.111964, 0.993711, 0.37472, 0.001949, -0.993705, -0.111965, 0.0, 0.0, 0.0, 0.0, 1.0],
                [1.000005, 0.00195, 0.000106, 0.0, 0.000106, -0.108278, 0.99412, 0.37472, 0.00195, -0.994113, -0.108278, -0.0, 0.0, 0.0, 0.0, 1.0],
                [1.000006, 0.001948, 0.000119, -0.0, 0.000119, -0.122063, 0.992521, 0.37472, 0.001948, -0.992515, -0.122064, -0.0, 0.0, 0.0, 0.0, 1.0],
                [1.000005, 0.001946, 0.000157, -0.0, 0.000157, -0.160092, 0.987101, 0.37472, 0.001946, -0.987096, -0.160093, 0.0, 0.0, 0.0, 0.0, 1.0],
                [1.000006, 0.001939, 0.000231, 0.0, 0.00023, -0.234478, 0.97212, 0.37472, 0.001939, -0.972113, -0.234479, 0.0, 0.0, 0.0, 0.0, 1.0],
                [1.000006, 0.001901, 0.000448, 0.0, 0.000447, -0.445709, 0.895175, 0.37472, 0.001901, -0.895169, -0.445711, 0.0, 0.0, 0.0, 0.0, 1.0],
                [1.000005, 0.001927, 0.000312, -0.0, 0.000311, -0.315153, 0.949039, 0.37472, 0.001928, -0.949033, -0.315155, -0.0, 0.0, 0.0, 0.0, 1.0],
                [1.000005, 0.001952, -5.6e-05, 0.0, -5.9e-05, 0.058709, 0.998274, 0.37472, 0.001952, -0.998269, 0.058709, 0.0, 0.0, 0.0, 0.0, 1.0],
                [1.000006, 0.001946, 0.000157, 0.0, 0.000155, -0.159196, 0.987246, 0.37472, 0.001946, -0.987239, -0.159197, -0.0, 0.0, 0.0, 0.0, 1.0],
                [1.000005, 0.001934, 0.000266, 0.0, 0.000265, -0.269126, 0.963103, 0.37472, 0.001934, -0.963098, -0.269127, 0.0, 0.0, 0.0, 0.0, 1.0],
                [1.000005, 0.001925, 0.000325, 0.0, 0.000323, -0.327228, 0.944944, 0.37472, 0.001926, -0.944938, -0.327229, 0.0, 0.0, 0.0, 0.0, 1.0],
                [1.000005, 0.001933, 0.000277, -0.0, 0.000275, -0.279944, 0.960015, 0.37472, 0.001933, -0.960009, -0.279945, 0.0, 0.0, 0.0, 0.0, 1.0],
                [1.000005, 0.001942, 0.000202, -0.0, 0.000201, -0.205138, 0.978732, 0.37472, 0.001942, -0.978726, -0.205139, 0.0, 0.0, 0.0, 0.0, 1.0],
                [1.000006, 0.001943, 0.000195, -0.0, 0.000194, -0.198154, 0.980169, 0.37472, 0.001943, -0.980163, -0.198154, 0.0, 0.0, 0.0, 0.0, 1.0],
                [1.000006, 0.001943, 0.000194, -0.0, 0.000191, -0.195964, 0.98061, 0.37472, 0.001944, -0.980604, -0.195965, -0.0, 0.0, 0.0, 0.0, 1.0],
                [1.000005, 0.001943, 0.000191, 0.0, 0.000189, -0.193773, 0.981045, 0.37472, 0.001944, -0.98104, -0.193774, 0.0, 0.0, 0.0, 0.0, 1.0],
                [1.000006, 0.001943, 0.000194, -0.0, 0.000192, -0.196402, 0.980522, 0.37472, 0.001943, -0.980516, -0.196403, 0.0, 0.0, 0.0, 0.0, 1.0],
                [1.000005, 0.001943, 0.000196, 0.0, 0.000194, -0.199029, 0.979992, 0.37472, 0.001943, -0.979987, -0.19903, -0.0, 0.0, 0.0, 0.0, 1.0],
                [1.000005, 0.001942, 0.0002, -0.0, 0.000201, -0.204244, 0.978919, 0.37472, 0.001942, -0.978914, -0.204245, 0.0, 0.0, 0.0, 0.0, 1.0],
                [1.000005, 0.001942, 0.000207, -0.0, 0.000205, -0.209453, 0.977817, 0.37472, 0.001942, -0.977812, -0.209454, 0.0, 0.0, 0.0, 0.0, 1.0],
                [1.000005, 0.001941, 0.000212, -0.0, 0.000209, -0.214657, 0.976688, 0.37472, 0.001941, -0.976682, -0.214658, 0.0, 0.0, 0.0, 0.0, 1.0],
                [1.000005, 0.00194, 0.000216, 0.0, 0.000216, -0.219855, 0.975531, 0.37472, 0.00194, -0.975526, -0.219856, 0.0, 0.0, 0.0, 0.0, 1.0],
                [1.000005, 0.00194, 0.000222, -0.0, 0.00022, -0.225046, 0.974347, 0.37472, 0.00194, -0.974341, -0.225047, -0.0, 0.0, 0.0, 0.0, 1.0],
                [1.000006, 0.00194, 0.000224, -0.0, 0.000223, -0.227623, 0.973748, 0.37472, 0.00194, -0.973741, -0.227624, 0.0, 0.0, 0.0, 0.0, 1.0],
                [1.000005, 0.001939, 0.000227, 0.0, 0.000226, -0.230198, 0.973143, 0.37472, 0.001939, -0.973137, -0.230198, 0.0, 0.0, 0.0, 0.0, 1.0],
                [1.000005, 0.001939, 0.000225, -0.0, 0.000224, -0.228482, 0.973547, 0.37472, 0.00194, -0.973541, -0.228483, -0.0, 0.0, 0.0, 0.0, 1.0],
                [1.000006, 0.001939, 0.000224, -0.0, 0.000222, -0.226765, 0.973948, 0.37472, 0.001939, -0.973942, -0.226766, -0.0, 0.0, 0.0, 0.0, 1.0],
                [1.000005, 0.001941, 0.000218, -0.0, 0.000216, -0.22074, 0.975332, 0.37472, 0.001941, -0.975326, -0.220741, 0.0, 0.0, 0.0, 0.0, 1.0],
                [1.000006, 0.001941, 0.000206, -0.0, 0.000205, -0.209487, 0.97781, 0.37472, 0.001942, -0.977805, -0.209488, -0.0, 0.0, 0.0, 0.0, 1.0],
                [1.000005, 0.001944, 0.000187, 0.0, 0.000186, -0.190261, 0.981732, 0.37472, 0.001944, -0.981726, -0.190262, 0.0, 0.0, 0.0, 0.0, 1.0],
                [1.000005, 0.001946, 0.000161, -0.0, 0.00016, -0.16367, 0.986514, 0.37472, 0.001946, -0.986508, -0.163671, -0.0, 0.0, 0.0, 0.0, 1.0],
                [1.000005, 0.001948, 0.000129, 0.0, 0.000127, -0.131194, 0.991356, 0.37472, 0.001948, -0.99135, -0.131194, 0.0, 0.0, 0.0, 0.0, 1.0],
                [1.000005, 0.001952, 8.9e-05, 0.0, 8.7e-05, -0.089802, 0.995959, 0.37472, 0.001952, -0.995953, -0.089802, 0.0, 0.0, 0.0, 0.0, 1.0],
                [1.000006, 0.001952, 4.8e-05, 0.0, 4.6e-05, -0.048252, 0.998834, 0.37472, 0.001952, -0.998828, -0.048253, 0.0, 0.0, 0.0, 0.0, 1.0],
                [1.000005, 0.001954, 3e-06, -0.0, 1e-06, -0.001927, 0.999997, 0.37472, 0.001954, -0.999991, -0.001927, -0.0, 0.0, 0.0, 0.0, 1.0],
                [1.000005, 0.001953, -4.3e-05, 0.0, -4.4e-05, 0.044427, 0.999011, 0.37472, 0.001953, -0.999006, 0.044427, -0.0, 0.0, 0.0, 0.0, 1.0],
                [1.000005, 0.001951, -8.8e-05, -0.0, -8.9e-05, 0.090661, 0.995881, 0.37472, 0.001951, -0.995875, 0.090662, 0.0, 0.0, 0.0, 0.0, 1.0],
                [1.000006, 0.001948, -0.000128, -0.0, -0.000129, 0.131421, 0.991326, 0.37472, 0.001948, -0.991318, 0.131421, -0.0, 0.0, 0.0, 0.0, 1.0],
                [1.000006, 0.001947, -0.00016, 0.0, -0.000161, 0.16381, 0.986491, 0.37472, 0.001947, -0.986485, 0.163811, -0.0, 0.0, 0.0, 0.0, 1.0],
                [1.000006, 0.001944, -0.000192, -0.0, -0.000193, 0.196257, 0.980551, 0.37472, 0.001944, -0.980544, 0.196258, -0.0, 0.0, 0.0, 0.0, 1.0],
                [1.000006, 0.00194, -0.000224, -0.0, -0.000226, 0.228482, 0.973547, 0.37472, 0.00194, -0.973541, 0.228483, 0.0, 0.0, 0.0, 0.0, 1.0],
                [1.000006, 0.001937, -0.000253, -0.0, -0.000255, 0.257611, 0.966247, 0.37472, 0.001936, -0.966241, 0.257612, 0.0, 0.0, 0.0, 0.0, 1.0],
                [1.000005, 0.001933, -0.000282, 0.0, -0.000283, 0.286514, 0.958074, 0.37472, 0.001932, -0.958069, 0.286516, 0.0, 0.0, 0.0, 0.0, 1.0],
                [1.000006, 0.001928, -0.000311, 0.0, -0.000312, 0.315153, 0.949039, 0.37472, 0.001928, -0.949033, 0.315154, 0.0, 0.0, 0.0, 0.0, 1.0],
                [1.000005, 0.001923, -0.000342, -0.0, -0.000345, 0.346147, 0.938179, 0.37472, 0.001922, -0.938173, 0.346148, 0.0, 0.0, 0.0, 0.0, 1.0],
                [1.000006, 0.001916, -0.000374, -0.0, -0.000375, 0.376767, 0.926306, 0.37472, 0.001916, -0.9263, 0.376769, -0.0, 0.0, 0.0, 0.0, 1.0],
                [1.000006, 0.00191, -0.000409, 0.0, -0.000412, 0.410994, 0.911636, 0.37472, 0.001909, -0.91163, 0.410995, 0.0, 0.0, 0.0, 0.0, 1.0],
                [1.000006, 0.0019, -0.000449, -0.0, -0.000451, 0.448615, 0.893723, 0.37472, 0.0019, -0.893717, 0.448617, -0.0, 0.0, 0.0, 0.0, 1.0],
                [1.000005, 0.00189, -0.000494, 0.0, -0.000496, 0.489891, 0.871781, 0.37472, 0.001889, -0.871776, 0.489893, -0.0, 0.0, 0.0, 0.0, 1.0],
                [1.000005, 0.001876, -0.000542, 0.0, -0.000544, 0.53424, 0.84533, 0.37472, 0.001876, -0.845324, 0.534243, -0.0, 0.0, 0.0, 0.0, 1.0],
                [1.000006, 0.00186, -0.000594, -0.0, -0.000596, 0.58038, 0.814342, 0.37472, 0.00186, -0.814337, 0.580382, 0.0, 0.0, 0.0, 0.0, 1.0],
                [1.000006, 0.001842, -0.00065, 0.0, -0.000652, 0.628294, 0.777972, 0.37472, 0.001841, -0.777967, 0.628296, 0.0, 0.0, 0.0, 0.0, 1.0],
                [1.000006, 0.00182, -0.000708, 0.0, -0.00071, 0.676646, 0.736304, 0.37472, 0.001819, -0.736298, 0.676649, 0.0, 0.0, 0.0, 0.0, 1.0],
                [1.000003, 0.001678, -0.001019, 0.0, -0.00102, 0.887696, 0.460422, 0.37472, 0.001677, -0.460419, 0.887699, -0.0, 0.0, 0.0, 0.0, 1.0],
                [1.000002, 0.001608, -0.001109, 0.0, -0.00111, 0.934967, 0.354727, 0.37472, 0.001607, -0.354724, 0.934969, -0.0, 0.0, 0.0, 0.0, 1.0]
            ]
        },
        {
            "name": "Knee_R",
            "time": [0.0, 2.2333, 2.4333],
            "transform": [
                [1.0, 0.0, -0.0, -0.0, -0.0, 1e-06, -1.0, 0.37472, -0.0, 1.0, 1e-06, 0.0, 0.0, 0.0, 0.0, 1.0],
                [1.0, 0.0, -0.0, 0.0, -0.0, 1e-06, -1.0, 0.37472, -0.0, 1.0, 1e-06, -0.0, 0.0, 0.0, 0.0, 1.0],
                [1.0, 0.0, -0.0, 0.0, -0.0, 1e-06, -1.0, 0.37472, -0.0, 1.0, 1e-06, -0.0, 0.0, 0.0, 0.0, 1.0]
            ]
        },
        {
            "name": "Thigh_L",
            "time": [0.0, 0.1333, 0.1667, 0.2, 0.2333, 0.2667, 0.3, 0.3333, 0.3667, 0.4, 0.4333, 0.4667, 0.5, 0.5333, 0.5667, 0.6, 0.6333, 0.6667, 0.7, 0.7333, 0.7667, 0.8, 0.8333, 0.8667, 0.9, 0.9333, 0.9667, 1.0, 1.0333, 1.0667, 1.1, 1.1333, 1.1667, 1.2, 1.2333, 1.2667, 1.3, 1.3333, 1.3667, 1.4, 1.4333, 1.4667, 1.5, 1.5333, 1.5667, 1.6, 1.6333, 1.6667, 1.7, 1.7333, 1.7667, 1.8, 1.8333, 1.8667, 1.9, 1.9333, 2.2333, 2.4333],
            "transform": [
                [0.580426, -0.812084, -0.060201, -0.032586, -0.752511, -0.563157, 0.341442, -0.079117, -0.311183, -0.152879, -0.937973, -0.095817, 0.0, 0.0, 0.0, 1.0],
                [0.945551, -0.27337, -0.176434, -0.102536, -0.168948, -0.876054, 0.451725, 0.099705, -0.278028, -0.397357, -0.874538, -0.083162, 0.0, 0.0, 0.0, 1.0],
                [0.966854, -0.132568, -0.218028, -0.102562, -0.092019, -0.978164, 0.186596, 0.107419, -0.237981, -0.160363, -0.957938, -0.086696, 0.0, 0.0, 0.0, 1.0],
                [0.979731, -0.077125, -0.184641, -0.102589, -0.057168, -0.992217, 0.111044, 0.115134, -0.191751, -0.098246, -0.976513, -0.09023, 0.0, 0.0, 0.0, 1.0],
                [0.989002, -0.058454, -0.135534, -0.102615, -0.049388, -0.996422, 0.069278, 0.122849, -0.139085, -0.061828, -0.988348, -0.093764, 0.0, 0.0, 0.0, 1.0],
                [0.994971, -0.069363, -0.071656, -0.102641, -0.06596, -0.996679, 0.04873, 0.130563, -0.074791, -0.043762, -0.996238, -0.097298, 0.0, 0.0, 0.0, 1.0],
                [0.995074, -0.098622, 0.003553, -0.102668, -0.098657, -0.995038, 0.016142, 0.138278, 0.001943, -0.016414, -0.999863, -0.100831, 0.0, 0.0, 0.0, 1.0],
                [0.983482, -0.155362, 0.092413, -0.089617, -0.15378, -0.987863, -0.023885, 0.121475, 0.094993, 0.009281, -0.995434, -0.108447, 0.0, 0.0, 0.0, 1.0],
                [0.939414, -0.283344, 0.192728, -0.076567, -0.250418, -0.951636, -0.178215, 0.104672, 0.233881, 0.119167, -0.964934, -0.116062, 0.0, 0.0, 0.0, 1.0],
                [0.837548, -0.417005, 0.352946, -0.063516, -0.376686, -0.908788, -0.179662, 0.087868, 0.395636, 0.017528, -0.918233, -0.123677, 0.0, 0.0, 0.0, 1.0],
                [0.715173, -0.537215, 0.447112, -0.069752, -0.503909, -0.839667, -0.202683, 0.086475, 0.484263, -0.080357, -0.871213, -0.088914, 0.0, 0.0, 0.0, 1.0],
                [0.631398, -0.645882, 0.429157, -0.075988, -0.604792, -0.756581, -0.248663, 0.08508, 0.485254, -0.102554, -0.868327, -0.054151, 0.0, 0.0, 0.0, 1.0],
                [0.561123, -0.647753, 0.515334, -0.082224, -0.63679, -0.735601, -0.231094, 0.083686, 0.528722, -0.198506, -0.825244, -0.019387, 0.0, 0.0, 0.0, 1.0],
                [0.49242, -0.600336, 0.630184, -0.066606, -0.616429, -0.751741, -0.23435, 0.108227, 0.614366, -0.27309, -0.740236, -0.027494, 0.0, 0.0, 0.0, 1.0],
                [0.48615, -0.572342, 0.660373, -0.050989, -0.592918, -0.771196, -0.231797, 0.132767, 0.641884, -0.278885, -0.714268, -0.035601, 0.0, 0.0, 0.0, 1.0],
                [0.525484, -0.536629, 0.660226, -0.035371, -0.561837, -0.801645, -0.204294, 0.157307, 0.638837, -0.26361, -0.722749, -0.043708, 0.0, 0.0, 0.0, 1.0],
                [0.527091, -0.541494, 0.654952, -0.019754, -0.562269, -0.800146, -0.20893, 0.181848, 0.637132, -0.258157, -0.726214, -0.051815, 0.0, 0.0, 0.0, 1.0],
                [0.528646, -0.546325, 0.649666, -0.004137, -0.562676, -0.79862, -0.213618, 0.206388, 0.635481, -0.252647, -0.729591, -0.059922, 0.0, 0.0, 0.0, 1.0],
                [0.52906, -0.551241, 0.645161, -0.010815, -0.56413, -0.796462, -0.217798, 0.198939, 0.633846, -0.248749, -0.732347, -0.05522, 0.0, 0.0, 0.0, 1.0],
                [0.529442, -0.556123, 0.640642, -0.017493, -0.565545, -0.794292, -0.222013, 0.19149, 0.632264, -0.244791, -0.735044, -0.050518, 0.0, 0.0, 0.0, 1.0],
                [0.529906, -0.562037, 0.635074, -0.024172, -0.568007, -0.791329, -0.226268, 0.184041, 0.629665, -0.240848, -0.73857, -0.045817, 0.0, 0.0, 0.0, 1.0],
                [0.530341, -0.567904, 0.629468, -0.03085, -0.570408, -0.788357, -0.230559, 0.176592, 0.627121, -0.236801, -0.742034, -0.041115, 0.0, 0.0, 0.0, 1.0],
                [0.531308, -0.575026, 0.622145, -0.037529, -0.572804, -0.78494, -0.236206, 0.169143, 0.624112, -0.23089, -0.746421, -0.036413, 0.0, 0.0, 0.0, 1.0],
                [0.532252, -0.582052, 0.61476, -0.044207, -0.575118, -0.781511, -0.241885, 0.161693, 0.621173, -0.224836, -0.750708, -0.031711, 0.0, 0.0, 0.0, 1.0],
                [0.534541, -0.588281, 0.606794, -0.041237, -0.576373, -0.778896, -0.247271, 0.166091, 0.618036, -0.217583, -0.75542, -0.037229, 0.0, 0.0, 0.0, 1.0],
                [0.536834, -0.594382, 0.598771, -0.038266, -0.577543, -0.77629, -0.252676, 0.170487, 0.614948, -0.21019, -0.760019, -0.042746, 0.0, 0.0, 0.0, 1.0],
                [0.540531, -0.599131, 0.590657, -0.035296, -0.579736, -0.774056, -0.2545, 0.174885, 0.609623, -0.204878, -0.765738, -0.048264, 0.0, 0.0, 0.0, 1.0],
                [0.547064, -0.596585, 0.587209, -0.032326, -0.57794, -0.776688, -0.250535, 0.179281, 0.605486, -0.202331, -0.769687, -0.053781, 0.0, 0.0, 0.0, 1.0],
                [0.555891, -0.590508, 0.585057, -0.029355, -0.576778, -0.78087, -0.239994, 0.183678, 0.598515, -0.204056, -0.774669, -0.059299, 0.0, 0.0, 0.0, 1.0],
                [0.567548, -0.577642, 0.586704, -0.026385, -0.571704, -0.789319, -0.223963, 0.188076, 0.592411, -0.20833, -0.778216, -0.064816, 0.0, 0.0, 0.0, 1.0],
                [0.583276, -0.558899, 0.589423, -0.023415, -0.564827, -0.800605, -0.200084, 0.192473, 0.583667, -0.216238, -0.782654, -0.070334, 0.0, 0.0, 0.0, 1.0],
                [0.595341, -0.546557, 0.588933, -0.020444, -0.559233, -0.808214, -0.184617, 0.19687, 0.576832, -0.219461, -0.786814, -0.075851, 0.0, 0.0, 0.0, 1.0],
                [0.612572, -0.523486, 0.592208, -0.017474, -0.549294, -0.820734, -0.15719, 0.201267, 0.568278, -0.229027, -0.790305, -0.081369, 0.0, 0.0, 0.0, 1.0],
                [0.634284, -0.489311, 0.598536, -0.022461, -0.534787, -0.836833, -0.117278, 0.205538, 0.558208, -0.245724, -0.792465, -0.073394, 0.0, 0.0, 0.0, 1.0],
                [0.659553, -0.444981, 0.605773, -0.027448, -0.514616, -0.854788, -0.067483, 0.209809, 0.547784, -0.267256, -0.792771, -0.065419, 0.0, 0.0, 0.0, 1.0],
                [0.686868, -0.391296, 0.61243, -0.032434, -0.487634, -0.873011, -0.010779, 0.21408, 0.538825, -0.291265, -0.790452, -0.057445, 0.0, 0.0, 0.0, 1.0],
                [0.723189, -0.310086, 0.617095, -0.037421, -0.443399, -0.893563, 0.070712, 0.218352, 0.529436, -0.324787, -0.783706, -0.04947, 0.0, 0.0, 0.0, 1.0],
                [0.737329, -0.281682, 0.613971, -0.042408, -0.423829, -0.900691, 0.095845, 0.222623, 0.525951, -0.330917, -0.783489, -0.041495, 0.0, 0.0, 0.0, 1.0],
                [0.750196, -0.249893, 0.61214, -0.047395, -0.401255, -0.90795, 0.121181, 0.226894, 0.525461, -0.336564, -0.78141, -0.03352, 0.0, 0.0, 0.0, 1.0],
                [0.758831, -0.218218, 0.613603, -0.052382, -0.384944, -0.910308, 0.152392, 0.231165, 0.525264, -0.351875, -0.774771, -0.025545, 0.0, 0.0, 0.0, 1.0],
                [0.771209, -0.178113, 0.611114, -0.057369, -0.359305, -0.914327, 0.187014, 0.235437, 0.525399, -0.363837, -0.769133, -0.017571, 0.0, 0.0, 0.0, 1.0],
                [0.780774, -0.138282, 0.609274, -0.062356, -0.335207, -0.915704, 0.221793, 0.239708, 0.527195, -0.377438, -0.761311, -0.009596, 0.0, 0.0, 0.0, 1.0],
                [0.791634, -0.096953, 0.603208, -0.067342, -0.308527, -0.915658, 0.257781, 0.243979, 0.527291, -0.39021, -0.754778, -0.001622, 0.0, 0.0, 0.0, 1.0],
                [0.805264, -0.053984, 0.590404, -0.072329, -0.276784, -0.914925, 0.293898, 0.248251, 0.52426, -0.400116, -0.751697, 0.006353, 0.0, 0.0, 0.0, 1.0],
                [0.817555, -0.02606, 0.575208, -0.075134, -0.252213, -0.914284, 0.317092, 0.236684, 0.517591, -0.404352, -0.754049, 0.00583, 0.0, 0.0, 0.0, 1.0],
                [0.832227, -0.002909, 0.55437, -0.077938, -0.230829, -0.911034, 0.341777, 0.225117, 0.504008, -0.412439, -0.758857, 0.005306, 0.0, 0.0, 0.0, 1.0],
                [0.851945, 0.01285, 0.523411, -0.080743, -0.21105, -0.906486, 0.365807, 0.21355, 0.479121, -0.422152, -0.769563, 0.004783, 0.0, 0.0, 0.0, 1.0],
                [0.878795, 0.017652, 0.476798, -0.083548, -0.192275, -0.901512, 0.38779, 0.201983, 0.436643, -0.432505, -0.788849, 0.004259, 0.0, 0.0, 0.0, 1.0],
                [0.909362, 0.012386, 0.41573, -0.086352, -0.168176, -0.903282, 0.394809, 0.190416, 0.380376, -0.428979, -0.819327, 0.003735, 0.0, 0.0, 0.0, 1.0],
                [0.939202, 0.00791, 0.343157, -0.089157, -0.141462, -0.901998, 0.407999, 0.178849, 0.312725, -0.431777, -0.846039, 0.003212, 0.0, 0.0, 0.0, 1.0],
                [0.964829, 0.002621, 0.262705, -0.091961, -0.111449, -0.901467, 0.418344, 0.167282, 0.237894, -0.432948, -0.869469, 0.002688, 0.0, 0.0, 0.0, 1.0],
                [0.983137, 0.000235, 0.18263, -0.094766, -0.079068, -0.900908, 0.426838, 0.155715, 0.164617, -0.43412, -0.885696, 0.002165, 0.0, 0.0, 0.0, 1.0],
                [0.994616, -0.002558, 0.103163, -0.09757, -0.046731, -0.902508, 0.428219, 0.144148, 0.092002, -0.430774, -0.897767, 0.001641, 0.0, 0.0, 0.0, 1.0],
                [0.999441, -0.001451, 0.032005, -0.100375, -0.014985, -0.904168, 0.427005, 0.132581, 0.028316, -0.427285, -0.903683, 0.001118, 0.0, 0.0, 0.0, 1.0],
                [0.999609, 0.002072, -0.026203, -0.10318, 0.012874, -0.907762, 0.419379, 0.121015, -0.022915, -0.419591, -0.907433, 0.000595, 0.0, 0.0, 0.0, 1.0],
                [0.997817, 0.003631, -0.06526, -0.105984, 0.029838, -0.913684, 0.405428, 0.109448, -0.058149, -0.406527, -0.911795, 7.1e-05, 0.0, 0.0, 0.0, 1.0],
                [0.964665, -0.049588, -0.258598, -0.131226, 0.031719, -0.953117, 0.301085, 0.005345, -0.261379, -0.298677, -0.917865, -0.004641, 0.0, 0.0, 0.0, 1.0],
                [0.944623, -0.062107, -0.322093, -0.125095, 0.027246, -0.963713, 0.265721, 0.007652, -0.326876, -0.259807, -0.908652, 0.000654, 0.0, 0.0, 0.0, 1.0]
            ]
        },
        {
            "name": "Leg_L",
            "time": [0.0, 0.1333, 0.1667, 0.2, 0.2333, 0.2667, 0.3, 0.3333, 0.3667, 0.4, 0.4333, 0.4667, 0.5, 0.5333, 0.5667, 0.6, 0.6333, 0.6667, 0.7, 0.7333, 0.7667, 0.8, 0.8333, 0.8667, 0.9, 0.9333, 0.9667, 1.0, 1.0333, 1.0667, 1.1, 1.1333, 1.1667, 1.2, 1.2333, 1.2667, 1.3, 1.3333, 1.3667, 1.4, 1.4333, 1.4667, 1.5, 1.5333, 1.5667, 1.6, 1.6333, 1.6667, 1.7, 1.7333, 1.7667, 1.8, 1.8333, 1.8667, 1.9, 1.9333, 2.2333, 2.4333],
            "transform": [
