{
    "animation": [
        {
            "name": "Root",
            "time": [0.0, 0.0333, 0.0667, 0.1, 0.1333, 0.1667, 0.2, 0.2333, 0.2667, 0.3, 0.3333, 0.3667, 0.4333, 0.4667, 0.5, 0.5333, 0.5667, 0.6, 0.6333, 0.6667, 0.7, 0.7333, 0.7667, 0.8, 0.8333, 0.8667, 0.9, 0.9333, 0.9667, 1.0, 1.0333, 1.0667, 1.1, 1.1333, 1.1667, 1.2, 1.2333, 1.2667, 1.3, 1.3333, 1.3667, 1.4, 1.4333, 1.4667, 1.5, 1.5333, 1.5667, 1.6, 1.6333, 1.6667, 1.7, 1.7333, 1.7667, 1.8, 1.8333, 1.8667, 1.9, 1.9333, 2.0667, 2.1, 2.1333, 2.5, 2.6667],
            "transform": [
                [0.881438, -0.000475, 0.472299, -0.367824, 0.472224, 0.01869, -0.881282, -0.164522, -0.008408, 0.999825, 0.016699, 0.81674, 0.0, 0.0, 0.0, 1.0],
                [0.870053, -0.000498, 0.492958, -0.367603, 0.49288, 0.018685, -0.869897, -0.125048, -0.008777, 0.999825, 0.016502, 0.675285, 0.0, 0.0, 0.0, 1.0],
                [0.858183, -0.00052, 0.513344, -0.367505, 0.513262, 0.018678, -0.85803, -0.018318, -0.009142, 0.999826, 0.016297, 0.548178, 0.0, 0.0, 0.0, 1.0],
                [0.84237, -0.000549, 0.5389, -0.367916, 0.538814, 0.018671, -0.842219, 0.288361, -0.009599, 0.999826, 0.016023, 0.509672, 0.0, 0.0, 0.0, 1.0],
                [0.820173, -0.000586, 0.572115, -0.368224, 0.572024, 0.018659, -0.820025, 0.665917, -0.010195, 0.999826, 0.015639, 0.454927, 0.0, 0.0, 0.0, 1.0],
                [0.764851, -0.00067, 0.644207, -0.369018, 0.644105, 0.018631, -0.764711, 1.011762, -0.01149, 0.999826, 0.014681, 0.463898, 0.0, 0.0, 0.0, 1.0],
                [0.533008, -0.000946, 0.846111, -0.368502, 0.845974, 0.018509, -0.532903, 1.544564, -0.015157, 0.999828, 0.010666, 0.64259, 0.0, 0.0, 0.0, 1.0],
                [0.188543, -0.001245, 0.982065, -0.351408, 0.981905, 0.018302, -0.18849, 2.298187, -0.017739, 0.999832, 0.004674, 0.790949, 0.0, 0.0, 0.0, 1.0],
                [-0.055974, -0.001421, 0.998432, -0.333739, 0.998266, 0.018139, 0.05599, 3.117406, -0.01819, 0.999834, 0.000403, 0.783992, 0.0, 0.0, 0.0, 1.0],
                [-0.369019, -0.001618, 0.929421, -0.364928, 0.929262, 0.017894, 0.368988, 4.181711, -0.017228, 0.999839, -0.0051, 0.601631, 0.0, 0.0, 0.0, 1.0],
                [-0.488266, -0.001687, 0.872694, -0.41012, 0.872541, 0.017784, 0.488217, 5.025137, -0.016344, 0.99984, -0.007212, 0.4099, 0.0, 0.0, 0.0, 1.0],
                [-0.562287, -0.001727, 0.826941, -0.452191, 0.826794, 0.017709, 0.562226, 5.556693, -0.015616, 0.999842, -0.00853, 0.344771, 0.0, 0.0, 0.0, 1.0],
                [-0.613075, -0.001755, 0.790023, -0.484152, 0.789882, 0.017655, 0.613006, 5.954847, -0.015023, 0.999843, -0.009437, 0.087472, 0.0, 0.0, 0.0, 1.0],
                [-0.560158, -0.001726, 0.828385, -0.499392, 0.828237, 0.017711, 0.560098, 6.180519, -0.015639, 0.999842, -0.008492, 0.085415, 0.0, 0.0, 0.0, 1.0],
                [-0.438237, -0.001657, 0.898859, -0.515879, 0.898704, 0.017831, 0.438194, 6.414341, -0.016754, 0.99984, -0.006325, 0.097291, 0.0, 0.0, 0.0, 1.0],
                [-0.248806, -0.001544, 0.968554, -0.540714, 0.968389, 0.017993, 0.248793, 6.690699, -0.017811, 0.999837, -0.002981, 0.135208, 0.0, 0.0, 0.0, 1.0],
                [0.027633, -0.001362, 0.999619, -0.560652, 0.999453, 0.018196, -0.027604, 6.963764, -0.018151, 0.999834, 0.001865, 0.185772, 0.0, 0.0, 0.0, 1.0],
                [0.335626, -0.001126, 0.941996, -0.561442, 0.941843, 0.018392, -0.33555, 7.197519, -0.016947, 0.99983, 0.007233, 0.244843, 0.0, 0.0, 0.0, 1.0],
                [0.478044, -0.000998, 0.878336, -0.553403, 0.878194, 0.018475, -0.477948, 7.396617, -0.01575, 0.999829, 0.009709, 0.29674, 0.0, 0.0, 0.0, 1.0],
                [0.389986, -0.001079, 0.920821, -0.535746, 0.920672, 0.018424, -0.389902, 7.492707, -0.016545, 0.99983, 0.008179, 0.292266, 0.0, 0.0, 0.0, 1.0],
                [0.128924, -0.001289, 0.991655, -0.536401, 0.991492, 0.018263, -0.12888, 7.526556, -0.017944, 0.999833, 0.003633, 0.257611, 0.0, 0.0, 0.0, 1.0],
                [-0.121367, -0.001463, 0.992608, -0.540137, 0.992442, 0.01809, 0.121374, 7.534596, -0.018134, 0.999835, -0.000744, 0.228162, 0.0, 0.0, 0.0, 1.0],
                [-0.157713, -0.001487, 0.987485, -0.542067, 0.98732, 0.018063, 0.157714, 7.504063, -0.018071, 0.999836, -0.001381, 0.232123, 0.0, 0.0, 0.0, 1.0],
                [-0.12068, -0.001463, 0.992692, -0.543075, 0.992526, 0.018091, 0.120687, 7.470149, -0.018135, 0.999835, -0.000732, 0.242439, 0.0, 0.0, 0.0, 1.0],
                [-0.118619, -0.001461, 0.99294, -0.543215, 0.992774, 0.018093, 0.118626, 7.457393, -0.018138, 0.999835, -0.000695, 0.242193, 0.0, 0.0, 0.0, 1.0],
                [-0.116557, -0.00146, 0.993184, -0.543644, 0.993018, 0.018094, 0.116564, 7.444165, -0.018141, 0.999835, -0.000659, 0.235261, 0.0, 0.0, 0.0, 1.0],
                [-0.117519, -0.001461, 0.993071, -0.54427, 0.992904, 0.018093, 0.117527, 7.430653, -0.018139, 0.999835, -0.000676, 0.23323, 0.0, 0.0, 0.0, 1.0],
                [-0.118481, -0.001461, 0.992957, -0.545012, 0.99279, 0.018092, 0.118488, 7.417152, -0.018138, 0.999835, -0.000693, 0.231199, 0.0, 0.0, 0.0, 1.0],
                [-0.119443, -0.001462, 0.992841, -0.545778, 0.992675, 0.018092, 0.11945, 7.403874, -0.018137, 0.999835, -0.00071, 0.228308, 0.0, 0.0, 0.0, 1.0],
                [-0.120405, -0.001462, 0.992725, -0.546487, 0.992559, 0.018091, 0.120412, 7.391093, -0.018135, 0.999835, -0.000727, 0.225412, 0.0, 0.0, 0.0, 1.0],
                [-0.121367, -0.001463, 0.992608, -0.547049, 0.992442, 0.01809, 0.121374, 7.379047, -0.018134, 0.999835, -0.000744, 0.222509, 0.0, 0.0, 0.0, 1.0],
                [-0.11965, -0.001462, 0.992816, -0.547379, 0.992651, 0.018092, 0.119657, 7.36798, -0.018137, 0.999835, -0.000714, 0.219596, 0.0, 0.0, 0.0, 1.0],
                [-0.117932, -0.001461, 0.993022, -0.547392, 0.992855, 0.018093, 0.117939, 7.358151, -0.018139, 0.999835, -0.000683, 0.217271, 0.0, 0.0, 0.0, 1.0],
                [-0.11312, -0.001458, 0.993582, -0.546998, 0.993415, 0.018096, 0.113128, 7.349788, -0.018145, 0.999835, -0.000599, 0.214932, 0.0, 0.0, 0.0, 1.0],
                [-0.108306, -0.001454, 0.994118, -0.546115, 0.993951, 0.0181, 0.108315, 7.343169, -0.018151, 0.999835, -0.000515, 0.213948, 0.0, 0.0, 0.0, 1.0],
                [-0.09833, -0.001448, 0.995154, -0.544652, 0.994988, 0.018107, 0.09834, 7.338501, -0.018162, 0.999835, -0.00034, 0.212945, 0.0, 0.0, 0.0, 1.0],
                [-0.088344, -0.001441, 0.99609, -0.542528, 0.995924, 0.018115, 0.088356, 7.336067, -0.018171, 0.999835, -0.000165, 0.213393, 0.0, 0.0, 0.0, 1.0],
                [-0.073182, -0.001431, 0.997319, -0.539652, 0.997152, 0.018126, 0.073196, 7.336103, -0.018182, 0.999835, 0.000101, 0.215048, 0.0, 0.0, 0.0, 1.0],
                [-0.052708, -0.001418, 0.99861, -0.535895, 0.998444, 0.01814, 0.052725, 7.338817, -0.01819, 0.999835, 0.00046, 0.217754, 0.0, 0.0, 0.0, 1.0],
                [-0.032465, -0.001404, 0.999473, -0.531372, 0.999307, 0.018154, 0.032486, 7.343907, -0.01819, 0.999834, 0.000813, 0.220402, 0.0, 0.0, 0.0, 1.0],
                [-0.00829, -0.001387, 0.999966, -0.526109, 0.9998, 0.018171, 0.008314, 7.351225, -0.018182, 0.999834, 0.001236, 0.223882, 0.0, 0.0, 0.0, 1.0],
                [0.015891, -0.001371, 0.999874, -0.520245, 0.999708, 0.018188, -0.015863, 7.360436, -0.018164, 0.999834, 0.001659, 0.227344, 0.0, 0.0, 0.0, 1.0],
                [0.045937, -0.00135, 0.998945, -0.513891, 0.99878, 0.018209, -0.045905, 7.371297, -0.018127, 0.999834, 0.002184, 0.231722, 0.0, 0.0, 0.0, 1.0],
                [0.075942, -0.001328, 0.997113, -0.507157, 0.996948, 0.018228, -0.075906, 7.383502, -0.018075, 0.999833, 0.002709, 0.236088, 0.0, 0.0, 0.0, 1.0],
                [0.109011, -0.001304, 0.994041, -0.500158, 0.993878, 0.018251, -0.108969, 7.396811, -0.018, 0.999833, 0.003286, 0.241467, 0.0, 0.0, 0.0, 1.0],
                [0.14196, -0.00128, 0.989873, -0.493001, 0.98971, 0.018272, -0.141913, 7.410917, -0.017905, 0.999832, 0.00386, 0.246839, 0.0, 0.0, 0.0, 1.0],
                [0.177565, -0.001253, 0.984109, -0.485799, 0.983948, 0.018295, -0.177514, 7.42558, -0.017781, 0.999832, 0.004482, 0.25333, 0.0, 0.0, 0.0, 1.0],
                [0.21294, -0.001226, 0.977066, -0.478663, 0.976906, 0.018317, -0.212883, 7.440484, -0.017636, 0.999832, 0.005098, 0.259819, 0.0, 0.0, 0.0, 1.0],
                [0.248424, -0.001198, 0.968652, -0.471706, 0.968493, 0.01834, -0.248362, 7.455405, -0.017467, 0.999831, 0.005717, 0.267529, 0.0, 0.0, 0.0, 1.0],
                [0.283602, -0.00117, 0.958942, -0.465036, 0.958786, 0.018362, -0.283534, 7.470018, -0.017276, 0.999831, 0.006329, 0.275242, 0.0, 0.0, 0.0, 1.0],
                [0.318402, -0.001141, 0.947956, -0.458768, 0.947802, 0.018382, -0.318329, 7.484099, -0.017062, 0.999831, 0.006935, 0.284278, 0.0, 0.0, 0.0, 1.0],
                [0.352754, -0.001111, 0.935716, -0.453008, 0.935565, 0.018402, -0.352676, 7.497326, -0.016827, 0.99983, 0.007531, 0.293323, 0.0, 0.0, 0.0, 1.0],
                [0.385119, -0.001084, 0.922868, -0.447874, 0.922717, 0.018422, -0.385036, 7.509475, -0.016584, 0.99983, 0.008095, 0.303968, 0.0, 0.0, 0.0, 1.0],
                [0.417037, -0.001055, 0.90889, -0.443285, 0.908743, 0.018441, -0.41695, 7.521194, -0.016321, 0.99983, 0.00865, 0.314618, 0.0, 0.0, 0.0, 1.0],
                [0.448448, -0.001027, 0.893809, -0.439066, 0.893665, 0.018459, -0.448356, 7.53335, -0.016038, 0.999829, 0.009195, 0.327136, 0.0, 0.0, 0.0, 1.0],
                [0.479296, -0.000997, 0.877654, -0.435167, 0.877511, 0.018476, -0.479199, 7.545833, -0.015738, 0.999829, 0.00973, 0.341291, 0.0, 0.0, 0.0, 1.0],
                [0.510106, -0.000967, 0.860112, -0.431538, 0.859972, 0.018494, -0.510005, 7.558494, -0.015413, 0.999829, 0.010266, 0.355444, 0.0, 0.0, 0.0, 1.0],
                [0.540294, -0.000937, 0.841477, -0.428136, 0.841341, 0.018511, -0.540188, 7.571275, -0.01507, 0.999828, 0.01079, 0.371176, 0.0, 0.0, 0.0, 1.0],
                [0.652881, -0.000814, 0.757461, -0.415809, 0.757339, 0.018573, -0.652758, 7.621192, -0.013536, 0.999827, 0.012742, 0.475031, 0.0, 0.0, 0.0, 1.0],
                [0.678871, -0.000783, 0.734258, -0.412813, 0.73414, 0.018586, -0.678744, 7.632847, -0.013116, 0.999827, 0.013193, 0.502997, 0.0, 0.0, 0.0, 1.0],
                [0.704021, -0.000752, 0.71018, -0.409753, 0.710066, 0.018599, -0.70389, 7.643961, -0.012679, 0.999827, 0.013628, 0.530972, 0.0, 0.0, 0.0, 1.0],
                [0.854635, -0.000528, 0.519229, -0.37694, 0.519147, 0.01868, -0.854482, 7.653896, -0.009248, 0.999826, 0.016238, 0.657272, 0.0, 0.0, 0.0, 1.0],
                [0.881439, -0.000476, 0.472299, -0.369649, 0.472224, 0.01869, -0.881281, 7.656103, -0.008408, 0.999825, 0.016699, 0.685338, 0.0, 0.0, 0.0, 1.0]
            ]
        },
        {
            "name": "Thigh_R",
            "time": [0.0, 0.0333, 0.0667, 0.1, 0.1333, 0.1667, 0.2, 0.2333, 0.2667, 0.3, 0.3333, 0.3667, 0.4333, 0.4667, 0.5, 0.5333, 0.5667, 0.6, 0.6333, 0.6667, 0.7, 0.7333, 0.7667, 0.8, 0.8333, 0.8667, 0.9, 0.9333, 0.9667, 1.0, 1.0333, 1.0667, 1.1, 1.1333, 1.1667, 1.2, 1.2333, 1.2667, 1.3, 1.3333, 1.3667, 1.4, 1.4333, 1.4667, 1.5, 1.5333, 1.5667, 1.6, 1.6333, 1.6667, 1.7, 1.7333, 1.7667, 1.8, 1.8333, 1.8667, 1.9, 1.9333, 1.9667, 2.0, 2.0333, 2.0667, 2.1, 2.1333, 2.5, 2.6667],
            "transform": [
                [0.812374, 0.040754, 0.581709, 0.150979, -0.005666, -0.996956, 0.077759, -0.003411, 0.583105, -0.066464, -0.809673, 1e-06, 0.0, 0.0, 0.0, 1.0],
                [0.88478, 0.17616, 0.431428, 0.150979, -0.019174, -0.911252, 0.411404, -0.003411, 0.465611, -0.372274, -0.802881, 0.0, 0.0, 0.0, 0.0, 1.0],
                [0.944363, 0.125709, 0.30393, 0.150979, -0.051237, -0.856565, 0.51349, -0.003411, 0.324886, -0.500493, -0.802469, 1e-06, 0.0, 0.0, 0.0, 1.0],
                [0.958844, -0.142224, 0.245738, 0.150979, -0.203401, -0.947942, 0.245019, -0.003411, 0.198098, -0.284919, -0.937859, 1e-06, 0.0, 0.0, 0.0, 1.0],
                [0.908825, -0.393546, 0.138401, 0.150979, -0.369901, -0.913602, -0.168837, -0.003411, 0.192888, 0.102249, -0.975879, 0.0, 0.0, 0.0, 0.0, 1.0],
                [0.874032, -0.40112, 0.274168, 0.150979, -0.390199, -0.915732, -0.095816, -0.003411, 0.289497, -0.023234, -0.956897, 1e-06, 0.0, 0.0, 0.0, 1.0],
                [0.687479, -0.302963, 0.659988, 0.150979, -0.302976, -0.945605, -0.118475, -0.003411, 0.65998, -0.118511, -0.741877, 0.0, 0.0, 0.0, 0.0, 1.0],
                [0.263593, -0.311874, 0.912828, 0.150979, -0.265689, -0.933165, -0.2421, -0.00341, 0.927321, -0.178712, -0.328839, 1e-06, 0.0, 0.0, 0.0, 1.0],
                [-0.094746, -0.519835, 0.848998, 0.150979, -0.237321, -0.81645, -0.526392, -0.00341, 0.966797, -0.251359, -0.046012, 1e-06, 0.0, 0.0, 0.0, 1.0],
                [-0.501954, -0.791695, 0.348225, 0.150979, -0.110745, -0.340474, -0.93371, -0.003411, 0.857773, -0.507244, 0.083227, 0.0, 0.0, 0.0, 0.0, 1.0],
                [-0.663351, -0.736169, -0.134237, 0.150978, 0.072633, 0.115198, -0.990685, -0.003411, 0.744773, -0.666922, -0.022946, 1e-06, 0.0, 0.0, 0.0, 1.0],
                [-0.647657, -0.408558, -0.643133, 0.150979, 0.223673, 0.704941, -0.673074, -0.00341, 0.728359, -0.579773, -0.365178, 1e-06, 0.0, 0.0, 0.0, 1.0],
                [-0.618426, -0.146836, -0.772004, 0.15098, 0.167362, 0.935241, -0.311954, -0.00341, 0.767813, -0.322125, -0.553803, 2e-06, 0.0, 0.0, 0.0, 1.0],
                [-0.609905, -0.008925, -0.792424, 0.150979, 0.097252, 0.991535, -0.08602, -0.003411, 0.786482, -0.12953, -0.603876, 1e-06, 0.0, 0.0, 0.0, 1.0],
                [-0.543558, 0.025185, -0.838994, 0.150979, 0.047609, 0.998866, -0.000861, -0.003411, 0.838018, -0.040412, -0.544142, 1e-06, 0.0, 0.0, 0.0, 1.0],
                [-0.496124, 0.255459, -0.829821, 0.150979, 0.094135, 0.96593, 0.241079, -0.003411, 0.86313, 0.04149, -0.503271, 1e-06, 0.0, 0.0, 0.0, 1.0],
                [-0.18643, 0.85731, -0.47986, 0.15098, 0.386283, 0.513049, 0.766529, -0.003411, 0.90334, -0.042458, -0.426814, 1e-06, 0.0, 0.0, 0.0, 1.0],
                [0.344125, 0.936864, 0.062161, 0.1402, 0.384474, -0.201004, 0.900987, 0.004192, 0.856594, -0.286154, -0.429372, 0.025985, 0.0, 0.0, 0.0, 1.0],
                [0.549418, 0.737444, 0.392832, 0.12942, 0.306863, -0.615383, 0.726044, 0.011795, 0.777155, -0.278357, -0.564398, 0.051969, 0.0, 0.0, 0.0, 1.0],
                [0.563162, 0.702139, 0.435718, 0.118642, 0.318582, -0.671002, 0.669524, 0.019399, 0.762464, -0.238239, -0.601573, 0.077952, 0.0, 0.0, 0.0, 1.0],
                [0.403228, 0.775313, 0.486103, 0.107862, 0.359584, -0.622716, 0.694928, 0.027002, 0.841488, -0.10542, -0.529889, 0.103937, 0.0, 0.0, 0.0, 1.0],
                [0.187526, 0.798711, 0.571748, 0.093213, 0.42591, -0.590625, 0.685392, 0.009692, 0.885116, 0.114984, -0.450939, 0.08113, 0.0, 0.0, 0.0, 1.0],
                [0.030687, 0.81717, 0.575581, 0.078563, 0.445888, -0.526569, 0.723816, -0.007618, 0.89456, 0.234433, -0.380526, 0.058322, 0.0, 0.0, 0.0, 1.0],
                [-0.039674, 0.835841, 0.547537, 0.063914, 0.423329, -0.482299, 0.766929, -0.024927, 0.905104, 0.262216, -0.334703, 0.035515, 0.0, 0.0, 0.0, 1.0],
                [-0.08172, 0.843137, 0.531453, 0.049265, 0.419157, -0.45471, 0.785842, -0.042237, 0.904226, 0.286982, -0.316249, 0.012707, 0.0, 0.0, 0.0, 1.0],
                [-0.113022, 0.850077, 0.514389, 0.034616, 0.416779, -0.429396, 0.801196, -0.059547, 0.901951, 0.30494, -0.305764, -0.0101, 0.0, 0.0, 0.0, 1.0],
                [-0.134041, 0.857262, 0.497127, 0.019965, 0.414588, -0.40713, 0.813857, -0.076856, 0.90008, 0.315194, -0.30084, -0.032907, 0.0, 0.0, 0.0, 1.0],
                [-0.150053, 0.865549, 0.477817, 0.018059, 0.415605, -0.383291, 0.82484, -0.076079, 0.897079, 0.322353, -0.302214, -0.029163, 0.0, 0.0, 0.0, 1.0],
                [-0.154953, 0.873793, 0.460951, 0.016152, 0.417069, -0.365108, 0.832316, -0.075301, 0.895566, 0.321218, -0.307859, -0.025419, 0.0, 0.0, 0.0, 1.0],
                [-0.156605, 0.883174, 0.442129, 0.014244, 0.4215, -0.345075, 0.838607, -0.074524, 0.893202, 0.317688, -0.318218, -0.021675, 0.0, 0.0, 0.0, 1.0],
                [-0.150307, 0.892149, 0.426003, 0.012337, 0.426772, -0.330129, 0.841951, -0.073746, 0.891779, 0.308358, -0.331125, -0.01793, 0.0, 0.0, 0.0, 1.0],
                [-0.138399, 0.901139, 0.410848, 0.010429, 0.433003, -0.318032, 0.843425, -0.072969, 0.890703, 0.294627, -0.346181, -0.014186, 0.0, 0.0, 0.0, 1.0],
                [-0.123622, 0.910667, 0.394213, 0.008522, 0.438583, -0.306211, 0.844914, -0.072191, 0.890145, 0.277345, -0.36155, -0.010442, 0.0, 0.0, 0.0, 1.0],
                [-0.1058, 0.919059, 0.379654, 0.006616, 0.44453, -0.297808, 0.84481, -0.071414, 0.889491, 0.258149, -0.377043, -0.006697, 0.0, 0.0, 0.0, 1.0],
                [-0.083825, 0.926273, 0.367413, 0.004708, 0.448491, -0.294184, 0.843986, -0.070636, 0.889846, 0.235528, -0.390767, -0.002953, 0.0, 0.0, 0.0, 1.0],
                [-0.060889, 0.931992, 0.357328, 0.002801, 0.449287, -0.294083, 0.843598, -0.069859, 0.891308, 0.211909, -0.400827, 0.000791, 0.0, 0.0, 0.0, 1.0],
                [-0.036102, 0.93674, 0.348161, 0.000894, 0.449, -0.296039, 0.843066, -0.069081, 0.892799, 0.186761, -0.409911, 0.004535, 0.0, 0.0, 0.0, 1.0],
                [-0.00932, 0.939131, 0.343435, -0.001013, 0.443392, -0.303958, 0.843217, -0.068304, 0.896276, 0.160135, -0.413572, 0.00828, 0.0, 0.0, 0.0, 1.0],
                [0.017435, 0.940984, 0.338005, -0.002919, 0.435758, -0.311412, 0.844475, -0.067526, 0.899892, 0.132565, -0.415472, 0.012024, 0.0, 0.0, 0.0, 1.0],
                [0.04669, 0.940638, 0.336185, -0.004827, 0.424444, -0.32334, 0.845753, -0.066749, 0.904247, 0.103204, -0.414347, 0.015768, 0.0, 0.0, 0.0, 1.0],
                [0.076654, 0.938222, 0.337436, -0.006734, 0.410217, -0.338137, 0.846987, -0.065971, 0.908758, 0.073497, -0.410797, 0.019512, 0.0, 0.0, 0.0, 1.0],
                [0.10795, 0.933899, 0.340851, -0.008642, 0.393353, -0.354999, 0.848086, -0.065194, 0.913025, 0.042524, -0.405677, 0.023256, 0.0, 0.0, 0.0, 1.0],
                [0.139214, 0.928371, 0.344597, -0.010549, 0.376204, -0.371477, 0.848809, -0.064416, 0.916016, 0.011473, -0.400973, 0.027001, 0.0, 0.0, 0.0, 1.0],
                [0.17149, 0.920031, 0.352328, -0.012457, 0.355301, -0.391315, 0.848902, -0.063638, 0.918884, -0.020396, -0.393996, 0.030745, 0.0, 0.0, 0.0, 1.0],
                [0.203594, 0.9103, 0.360423, -0.014363, 0.334091, -0.410631, 0.848391, -0.062861, 0.920288, -0.052313, -0.387726, 0.034489, 0.0, 0.0, 0.0, 1.0],
                [0.235309, 0.897152, 0.373831, -0.016271, 0.313043, -0.434093, 0.84473, -0.062083, 0.920125, -0.081748, -0.382994, 0.038234, 0.0, 0.0, 0.0, 1.0],
                [0.26659, 0.88252, 0.387413, -0.018177, 0.291618, -0.456977, 0.840317, -0.061306, 0.918632, -0.111043, -0.379185, 0.041978, 0.0, 0.0, 0.0, 1.0],
                [0.296727, 0.865384, 0.403812, -0.020085, 0.269333, -0.481526, 0.834023, -0.060528, 0.916193, -0.138717, -0.375959, 0.045722, 0.0, 0.0, 0.0, 1.0],
                [0.326328, 0.84675, 0.420148, -0.021993, 0.246743, -0.505375, 0.826871, -0.059751, 0.912482, -0.166162, -0.373849, 0.049467, 0.0, 0.0, 0.0, 1.0],
                [0.354983, 0.825517, 0.43876, -0.006256, 0.223206, -0.530592, 0.817712, -0.054127, 0.907833, -0.19234, -0.372613, 0.049758, 0.0, 0.0, 0.0, 1.0],
                [0.382633, 0.803183, 0.456605, 0.00948, 0.205473, -0.555814, 0.805514, -0.048504, 0.900761, -0.214396, -0.377707, 0.050049, 0.0, 0.0, 0.0, 1.0],
                [0.409719, 0.779512, 0.473805, 0.025216, 0.187522, -0.580282, 0.792534, -0.042881, 0.892727, -0.235868, -0.38393, 0.050341, 0.0, 0.0, 0.0, 1.0],
                [0.436933, 0.753597, 0.491102, 0.040953, 0.169568, -0.605194, 0.77781, -0.037257, 0.883364, -0.256576, -0.392217, 0.050633, 0.0, 0.0, 0.0, 1.0],
                [0.463016, 0.726371, 0.507938, 0.056687, 0.154728, -0.630507, 0.760606, -0.031634, 0.872737, -0.273581, -0.404326, 0.050925, 0.0, 0.0, 0.0, 1.0],
                [0.488663, 0.696027, 0.526075, 0.072424, 0.139771, -0.657635, 0.740258, -0.02601, 0.861201, -0.288207, -0.418648, 0.051216, 0.0, 0.0, 0.0, 1.0],
                [0.512355, 0.664205, 0.544356, 0.08816, 0.127058, -0.685529, 0.716873, -0.020387, 0.84932, -0.298129, -0.435629, 0.051507, 0.0, 0.0, 0.0, 1.0],
                [0.535706, 0.630283, 0.561928, 0.103896, 0.114125, -0.713408, 0.691394, -0.014763, 0.836655, -0.306253, -0.45411, 0.051799, 0.0, 0.0, 0.0, 1.0],
                [0.557801, 0.594988, 0.57866, 0.119632, 0.103681, -0.741693, 0.662678, -0.00914, 0.823471, -0.309646, -0.475408, 0.052091, 0.0, 0.0, 0.0, 1.0],
                [0.579001, 0.55655, 0.595826, 0.135367, 0.092083, -0.770745, 0.630456, -0.003516, 0.810108, -0.31017, -0.497512, 0.052384, 0.0, 0.0, 0.0, 1.0],
                [0.600028, 0.517206, 0.610298, 0.140572, 0.080352, -0.798, 0.597278, -0.003481, 0.795931, -0.309345, -0.520383, 0.034921, 0.0, 0.0, 0.0, 1.0],
                [0.619884, 0.476667, 0.623323, 0.145775, 0.072127, -0.825601, 0.559626, -0.003447, 0.781369, -0.301945, -0.54616, 0.017461, 0.0, 0.0, 0.0, 1.0],
                [0.639644, 0.435617, 0.633319, 0.150979, 0.063795, -0.851156, 0.521022, -0.003411, 0.766016, -0.292866, -0.57223, 1e-06, 0.0, 0.0, 0.0, 1.0],
                [0.657846, 0.393448, 0.642212, 0.150979, 0.056748, -0.87617, 0.478651, -0.003411, 0.751008, -0.278435, -0.598715, 0.0, 0.0, 0.0, 0.0, 1.0],
                [0.676046, 0.351132, 0.647817, 0.150979, 0.049601, -0.898851, 0.435438, -0.003411, 0.735185, -0.262244, -0.625083, 0.0, 0.0, 0.0, 0.0, 1.0],
                [0.68175, 0.188641, 0.706845, 0.09852, -0.010706, -0.963508, 0.267466, -0.005389, 0.731504, -0.189912, -0.654854, 0.116903, 0.0, 0.0, 0.0, 1.0],
                [0.681593, 0.151289, 0.71592, 0.086862, -0.024191, -0.973199, 0.228689, -0.005828, 0.731329, -0.173191, -0.659667, 0.14288, 0.0, 0.0, 0.0, 1.0]
            ]
        },
        {
            "name": "Leg_R",
            "time": [0.0, 0.0333, 0.0667, 0.1, 0.1333, 0.1667, 0.2, 0.2333, 0.2667, 0.3, 0.3333, 0.3667, 0.4333, 0.4667, 0.5, 0.5333, 0.5667, 0.6, 0.6333, 0.6667, 0.7, 0.7333, 0.7667, 0.8, 0.8333, 0.8667, 0.9, 0.9333, 0.9667, 1.0, 1.0333, 1.0667, 1.1, 1.1333, 1.1667, 1.2, 1.2333, 1.2667, 1.3, 1.3333, 1.3667, 1.4, 1.4333, 1.4667, 1.5, 1.5333, 1.5667, 1.6, 1.6333, 1.6667, 1.7, 1.7333, 1.7667, 1.8, 1.8333, 1.8667, 1.9, 1.9333, 1.9667, 2.0, 2.0333, 2.0667, 2.1, 2.1333, 2.5, 2.6667],
            "transform": [
                [1.000003, -0.00155, 0.001191, -0.0, 0.001189, 0.965897, 0.258914, 0.37472, -0.001551, -0.258912, 0.965897, 0.0, 0.0, 0.0, 0.0, 1.0],
                [1.000004, -0.001888, 0.000508, -0.0, 0.000506, 0.500996, 0.865447, 0.37472, -0.001889, -0.865445, 0.500996, -0.0, 0.0, 0.0, 0.0, 1.0],
                [1.000004, -0.001953, 9.7e-05, -0.0, 9.5e-05, 0.0981, 0.995175, 0.37472, -0.001953, -0.995171, 0.098101, 0.0, 0.0, 0.0, 0.0, 1.0],
                [1.000004, -0.001955, 5.4e-05, 0.0, 5.3e-05, 0.054913, 0.998489, 0.37472, -0.001955, -0.998486, 0.054913, 0.0, 0.0, 0.0, 0.0, 1.0],
                [1.000004, -0.001919, 0.000377, -0.0, 0.000375, 0.37754, 0.925991, 0.37472, -0.001919, -0.925989, 0.37754, -0.0, 0.0, 0.0, 0.0, 1.0],
                [1.000004, -0.001944, 0.000205, 0.0, 0.000204, 0.207749, 0.97818, 0.37472, -0.001945, -0.978178, 0.207749, -0.0, 0.0, 0.0, 0.0, 1.0],
                [1.000003, -0.001956, -5.1e-05, 0.0, -5.2e-05, -0.052775, 0.998605, 0.37472, -0.001956, -0.998602, -0.052775, 0.0, 0.0, 0.0, 0.0, 1.0],
                [1.000003, -0.001953, -9.8e-05, 0.0, -9.9e-05, -0.10075, 0.994911, 0.37472, -0.001953, -0.994907, -0.10075, 0.0, 0.0, 0.0, 0.0, 1.0],
                [1.000003, -0.001955, 5.8e-05, 0.0, 5.7e-05, 0.058943, 0.99826, 0.37472, -0.001955, -0.998257, 0.058943, 0.0, 0.0, 0.0, 0.0, 1.0],
                [1.000004, -0.001868, 0.000615, 0.0, 0.000613, 0.592997, 0.805201, 0.37472, -0.001869, -0.805198, 0.592998, 0.0, 0.0, 0.0, 0.0, 1.0],
                [1.000004, -0.001772, 0.000826, -0.0, 0.000825, 0.765621, 0.643287, 0.37472, -0.001772, -0.643284, 0.765622, 0.0, 0.0, 0.0, 0.0, 1.0],
                [1.000004, -0.001865, 0.000599, 0.0, 0.000597, 0.581621, 0.813458, 0.37472, -0.001865, -0.813455, 0.581621, 0.0, 0.0, 0.0, 0.0, 1.0],
                [1.000003, -0.00195, 0.000143, -0.0, 0.000142, 0.145704, 0.989327, 0.37472, -0.00195, -0.989324, 0.145705, 0.0, 0.0, 0.0, 0.0, 1.0],
                [1.000003, -0.001952, -0.000129, -0.0, -0.00013, -0.132104, 0.991235, 0.37472, -0.001952, -0.99123, -0.132105, -0.0, 0.0, 0.0, 0.0, 1.0],
                [1.000003, -0.001919, -0.000373, -0.0, -0.000373, -0.374454, 0.927244, 0.37472, -0.001919, -0.92724, -0.374455, -1e-06, 0.0, 0.0, 0.0, 1.0],
                [1.000003, -0.001832, -0.000686, -0.0, -0.000686, -0.656911, 0.753966, 0.37472, -0.001832, -0.753963, -0.656911, 0.0, 0.0, 0.0, 0.0, 1.0],
                [1.000003, -0.001812, -0.000735, -0.0, -0.000734, -0.696339, 0.717709, 0.37472, -0.001812, -0.717706, -0.696341, -0.0, 0.0, 0.0, 0.0, 1.0],
                [1.000004, -0.001916, -0.00039, -0.0, -0.00039, -0.390575, 0.920569, 0.37472, -0.001916, -0.920566, -0.390576, -0.0, 0.0, 0.0, 0.0, 1.0],
                [1.000003, -0.001953, 0.00011, -0.0, 0.000111, 0.112885, 0.993607, 0.37472, -0.001953, -0.993603, 0.112886, 0.0, 0.0, 0.0, 0.0, 1.0],
                [1.000004, -0.001955, -2.8e-05, 0.0, -2.9e-05, -0.029094, 0.999575, 0.37472, -0.001956, -0.999572, -0.029094, 1e-06, 0.0, 0.0, 0.0, 1.0],
                [1.000004, -0.001933, -0.000296, 0.0, -0.000296, -0.298887, 0.954288, 0.374721, -0.001933, -0.954282, -0.298888, -0.0, 0.0, 0.0, 0.0, 1.0],
                [1.000004, -0.001903, -0.000454, -0.0, -0.000453, -0.45079, 0.892628, 0.37472, -0.001903, -0.892624, -0.450791, 0.0, 0.0, 0.0, 0.0, 1.0],
                [1.000003, -0.001909, -0.000424, 0.0, -0.000424, -0.422931, 0.90616, 0.37472, -0.001909, -0.906157, -0.422931, 0.0, 0.0, 0.0, 0.0, 1.0],
                [1.000004, -0.001924, -0.000354, 0.0, -0.000353, -0.355769, 0.934572, 0.37472, -0.001924, -0.934568, -0.35577, -0.0, 0.0, 0.0, 0.0, 1.0],
                [1.000004, -0.001924, -0.000347, -0.0, -0.000347, -0.349479, 0.936943, 0.37472, -0.001924, -0.936939, -0.34948, 0.0, 0.0, 0.0, 0.0, 1.0],
                [1.000004, -0.001925, -0.000346, -0.0, -0.000346, -0.347903, 0.937529, 0.37472, -0.001925, -0.937525, -0.347903, -1e-06, 0.0, 0.0, 0.0, 1.0],
                [1.000004, -0.001926, -0.000344, 0.0, -0.000345, -0.346324, 0.938114, 0.37472, -0.001925, -0.938109, -0.346325, 0.0, 0.0, 0.0, 0.0, 1.0],
                [1.000004, -0.001925, -0.000346, -0.0, -0.000347, -0.348691, 0.937237, 0.37472, -0.001925, -0.937233, -0.348692, -0.0, 0.0, 0.0, 0.0, 1.0],
                [1.000003, -0.001924, -0.000348, -0.0, -0.000349, -0.351055, 0.936353, 0.37472, -0.001924, -0.936349, -0.351055, -0.0, 0.0, 0.0, 0.0, 1.0],
                [1.000003, -0.001923, -0.000353, -0.0, -0.000353, -0.3551, 0.934827, 0.374721, -0.001923, -0.934823, -0.355101, -0.0, 0.0, 0.0, 0.0, 1.0],
                [1.000004, -0.001923, -0.000357, -0.0, -0.000357, -0.359138, 0.933283, 0.374721, -0.001923, -0.933278, -0.359139, -0.0, 0.0, 0.0, 0.0, 1.0],
                [1.000003, -0.001922, -0.000361, 0.0, -0.000362, -0.363171, 0.931721, 0.37472, -0.001922, -0.931718, -0.363171, 0.0, 0.0, 0.0, 0.0, 1.0],
                [1.000004, -0.001921, -0.000365, 0.0, -0.000366, -0.367195, 0.930143, 0.37472, -0.001921, -0.930138, -0.367196, 0.0, 0.0, 0.0, 0.0, 1.0],
                [1.000003, -0.00192, -0.00037, 0.0, -0.00037, -0.371213, 0.928546, 0.37472, -0.00192, -0.928542, -0.371214, 0.0, 0.0, 0.0, 0.0, 1.0],
                [1.000004, -0.00192, -0.000374, -0.0, -0.000374, -0.375224, 0.926933, 0.37472, -0.00192, -0.926928, -0.375225, -0.0, 0.0, 0.0, 0.0, 1.0],
                [1.000003, -0.001919, -0.000375, 0.0, -0.000375, -0.376383, 0.926463, 0.37472, -0.001919, -0.92646, -0.376383, 0.0, 0.0, 0.0, 0.0, 1.0],
                [1.000003, -0.001919, -0.000376, -0.0, -0.000377, -0.37754, 0.925992, 0.37472, -0.001919, -0.925988, -0.377541, -0.0, 0.0, 0.0, 0.0, 1.0],
                [1.000003, -0.001919, -0.000374, -0.0, -0.000373, -0.375349, 0.926882, 0.37472, -0.001919, -0.926878, -0.375349, 0.0, 0.0, 0.0, 0.0, 1.0],
                [1.000003, -0.00192, -0.000372, -0.0, -0.000372, -0.373143, 0.927772, 0.37472, -0.00192, -0.927769, -0.373144, 1e-06, 0.0, 0.0, 0.0, 1.0],
                [1.000003, -0.001921, -0.000369, -0.0, -0.00037, -0.370963, 0.928647, 0.374719, -0.00192, -0.928643, -0.370963, 0.0, 0.0, 0.0, 0.0, 1.0],
                [1.000004, -0.001921, -0.000367, 0.0, -0.000367, -0.368765, 0.929521, 0.37472, -0.001921, -0.929516, -0.368767, -0.0, 0.0, 0.0, 0.0, 1.0],
                [1.000005, -0.001921, -0.000364, 0.0, -0.000365, -0.366567, 0.93039, 0.374721, -0.001921, -0.930386, -0.366568, 0.0, 0.0, 0.0, 0.0, 1.0],
                [1.000003, -0.001922, -0.000362, -0.0, -0.000363, -0.364367, 0.931254, 0.37472, -0.001922, -0.931251, -0.364367, 0.0, 0.0, 0.0, 0.0, 1.0],
                [1.000003, -0.001922, -0.000357, 0.0, -0.000356, -0.358504, 0.933526, 0.37472, -0.001922, -0.933524, -0.358505, 0.0, 0.0, 0.0, 0.0, 1.0],
                [1.000003, -0.001924, -0.000351, -0.0, -0.00035, -0.352628, 0.935762, 0.37472, -0.001924, -0.935759, -0.352628, 0.0, 0.0, 0.0, 0.0, 1.0],
                [1.000003, -0.001926, -0.000339, -0.0, -0.000339, -0.341553, 0.939861, 0.37472, -0.001926, -0.939857, -0.341554, -0.0, 0.0, 0.0, 0.0, 1.0],
                [1.000003, -0.001928, -0.000328, 0.0, -0.000328, -0.33043, 0.943829, 0.374719, -0.001928, -0.943826, -0.33043, -0.0, 0.0, 0.0, 0.0, 1.0],
                [1.000003, -0.001931, -0.000311, 0.0, -0.000311, -0.313888, 0.949459, 0.37472, -0.001931, -0.949455, -0.313889, 0.0, 0.0, 0.0, 0.0, 1.0],
                [1.000004, -0.001934, -0.000294, -0.0, -0.000294, -0.297249, 0.954799, 0.37472, -0.001934, -0.954794, -0.29725, 0.0, 0.0, 0.0, 0.0, 1.0],
                [1.000004, -0.001937, -0.000271, 0.0, -0.000271, -0.274443, 0.961602, 0.37472, -0.001937, -0.961598, -0.274443, -1e-06, 0.0, 0.0, 0.0, 1.0],
                [1.000004, -0.00194, -0.000247, 0.0, -0.000248, -0.25148, 0.967861, 0.37472, -0.001939, -0.967857, -0.25148, 0.0, 0.0, 0.0, 0.0, 1.0],
                [1.000003, -0.001944, -0.000217, 0.0, -0.000217, -0.220542, 0.975375, 0.374719, -0.001944, -0.975373, -0.220543, -1e-06, 0.0, 0.0, 0.0, 1.0],
                [1.000004, -0.001947, -0.000186, -0.0, -0.000186, -0.18938, 0.981903, 0.37472, -0.001947, -0.981897, -0.189381, 0.0, 0.0, 0.0, 0.0, 1.0],
                [1.000003, -0.00195, -0.000148, 0.0, -0.000149, -0.151114, 0.988515, 0.37472, -0.00195, -0.988512, -0.151114, 1e-06, 0.0, 0.0, 0.0, 1.0],
                [1.000003, -0.001953, -0.000104, -0.0, -0.000104, -0.106432, 0.994319, 0.374721, -0.001953, -0.994315, -0.106432, 0.0, 0.0, 0.0, 0.0, 1.0],
                [1.000004, -0.001955, -5.6e-05, 0.0, -5.5e-05, -0.056811, 0.998385, 0.374721, -0.001955, -0.998379, -0.056812, 0.0, 0.0, 0.0, 0.0, 1.0],
                [1.000004, -0.001956, 5e-06, 0.0, 5e-06, 0.004876, 0.999988, 0.37472, -0.001956, -0.999982, 0.004876, 1e-06, 0.0, 0.0, 0.0, 1.0],
                [1.000004, -0.001955, 6.4e-05, -0.0, 6.4e-05, 0.065332, 0.997863, 0.37472, -0.001955, -0.997858, 0.065332, 0.0, 0.0, 0.0, 0.0, 1.0],
                [1.000003, -0.001951, 0.000128, -0.0, 0.000127, 0.130283, 0.991474, 0.37472, -0.001951, -0.991473, 0.130283, 0.0, 0.0, 0.0, 0.0, 1.0],
                [1.000003, -0.001946, 0.000197, -0.0, 0.000196, 0.199903, 0.979815, 0.37472, -0.001946, -0.979811, 0.199903, -0.0, 0.0, 0.0, 0.0, 1.0],
                [1.000004, -0.001937, 0.000269, -0.0, 0.000269, 0.272464, 0.962165, 0.37472, -0.001937, -0.96216, 0.272464, -0.0, 0.0, 0.0, 0.0, 1.0],
                [1.000004, -0.001925, 0.000346, 0.0, 0.000346, 0.347903, 0.937529, 0.37472, -0.001925, -0.937525, 0.347903, -1e-06, 0.0, 0.0, 0.0, 1.0],
                [1.000004, -0.001908, 0.000427, 0.0, 0.000425, 0.425156, 0.905118, 0.37472, -0.001909, -0.905116, 0.425156, -0.0, 0.0, 0.0, 0.0, 1.0],
                [1.000004, -0.001887, 0.00051, 0.0, 0.000507, 0.502375, 0.864648, 0.37472, -0.001888, -0.864644, 0.502376, 0.0, 0.0, 0.0, 0.0, 1.0],
                [1.000004, -0.001786, 0.000821, 0.0, 0.001082, 0.848888, 0.528568, 0.37472, -0.001641, -0.528565, 0.848888, -1e-06, 0.0, 0.0, 0.0, 1.0],
                [1.000004, -0.001745, 0.00088, -0.0, 0.001189, 0.900623, 0.434596, 0.37472, -0.001551, -0.434594, 0.900623, -1e-06, 0.0, 0.0, 0.0, 1.0]
            ]
        },
        {
            "name": "Knee_R",
            "time": [0.0, 2.6667],
            "transform": [
                [1.0, 0.0, -0.0, -0.0, -0.0, 1e-06, -1.0, 0.37472, -0.0, 1.0, 1e-06, 0.0, 0.0, 0.0, 0.0, 1.0],
                [1.0, 0.0, -0.0, -0.0, -0.0, 1e-06, -1.0, 0.37472, -0.0, 1.0, 1e-06, -1e-06, 0.0, 0.0, 0.0, 1.0]
            ]
        },
        {
            "name": "Thigh_L",
            "time": [0.0, 0.0333, 0.0667, 0.1, 0.1333, 0.1667, 0.2, 0.2333, 0.2667, 0.3, 0.3333, 0.3667, 0.4333, 0.4667, 0.5, 0.5333, 0.5667, 0.6, 0.6333, 0.6667, 0.7, 0.7333, 0.7667, 0.8, 0.8333, 0.8667, 0.9, 0.9333, 0.9667, 1.0, 1.0333, 1.0667, 1.1, 1.1333, 1.1667, 1.2, 1.2333, 1.2667, 1.3, 1.3333, 1.3667, 1.4, 1.4333, 1.4667, 1.5, 1.5333, 1.5667, 1.6, 1.6333, 1.6667, 1.7, 1.7333, 1.7667, 1.8, 1.8333, 1.8667, 1.9, 1.9333, 1.9667, 2.0, 2.0333, 2.0667, 2.1, 2.1333, 2.5, 2.6667],
            "transform": [
                [0.998259, -0.000691, -0.058178, -0.150991, 0.004964, -0.99532, 0.097003, -0.003411, -0.057968, -0.097132, -0.993582, -0.0, 0.0, 0.0, 0.0, 1.0],
                [0.996098, -0.053917, -0.069207, -0.150856, -0.021226, -0.913602, 0.406153, 0.007228, -0.085118, -0.403137, -0.911181, -0.000208, 0.0, 0.0, 0.0, 1.0],
                [0.98988, -0.138285, -0.030453, -0.149957, -0.089037, -0.775215, 0.625436, 0.017955, -0.110086, -0.616452, -0.779681, -0.000649, 0.0, 0.0, 0.0, 1.0],
                [0.93724, -0.337121, 0.088656, -0.148086, -0.333782, -0.794832, 0.506836, 0.029574, -0.100389, -0.504665, -0.857472, -0.002372, 0.0, 0.0, 0.0, 1.0],
                [0.812848, -0.581887, 0.025639, -0.142893, -0.582129, -0.813097, 0.005529, 0.048242, 0.017629, -0.019421, -0.999656, -0.00799, 0.0, 0.0, 0.0, 1.0],
                [0.775968, -0.619433, -0.118977, -0.127543, -0.624079, -0.726856, -0.286741, 0.075063, 0.091129, 0.296781, -0.950592, -0.030124, 0.0, 0.0, 0.0, 1.0],
                [0.658463, -0.40891, 0.631819, -0.06986, -0.444439, -0.888818, -0.111958, 0.102462, 0.607295, -0.207103, -0.766989, -0.081221, 0.0, 0.0, 0.0, 1.0],
                [0.018416, 0.066245, 0.997635, 0.013148, -0.443558, -0.893732, 0.067529, 0.113519, 0.896002, -0.443795, 0.012925, -0.097371, 0.0, 0.0, 0.0, 1.0],
                [-0.706243, -0.384559, 0.594393, 0.078843, -0.350649, -0.539369, -0.7656, 0.104516, 0.614956, -0.749194, 0.246081, -0.071793, 0.0, 0.0, 0.0, 1.0],
                [-0.971782, -0.063889, -0.226867, 0.144136, 0.232737, -0.10852, -0.966465, 0.021794, 0.037123, -0.992087, 0.120328, -0.012869, 0.0, 0.0, 0.0, 1.0],
                [-0.711639, 0.170706, -0.681459, 0.131988, 0.702109, 0.141435, -0.697851, -0.073248, -0.022744, -0.975168, -0.220504, -0.004159, 0.0, 0.0, 0.0, 1.0],
                [-0.365387, 0.357829, -0.859332, 0.087536, 0.862112, 0.478178, -0.16751, -0.105936, 0.350939, -0.802123, -0.483209, -0.057048, 0.0, 0.0, 0.0, 1.0],
                [-0.199913, 0.683565, -0.702008, 0.053889, 0.695611, 0.603606, 0.389583, -0.097309, 0.689976, -0.410481, -0.596164, -0.102136, 0.0, 0.0, 0.0, 1.0],
                [-0.096275, 0.62422, -0.775318, 0.031328, 0.508617, 0.700439, 0.500717, -0.089552, 0.855538, -0.346166, -0.384924, -0.117492, 0.0, 0.0, 0.0, 1.0],
                [0.262936, 0.643238, -0.719127, -0.00115, 0.085904, 0.726821, 0.681471, -0.082693, 0.960933, -0.240982, 0.13585, -0.12636, 0.0, 0.0, 0.0, 1.0],
                [0.215547, 0.74125, 0.635716, -0.04125, -0.590396, -0.419625, 0.689444, -0.076182, 0.777742, -0.523978, 0.347182, -0.123701, 0.0, 0.0, 0.0, 1.0],
                [0.316066, 0.171777, 0.933055, -0.0885, -0.4872, -0.814526, 0.314995, -0.068225, 0.814031, -0.554193, -0.173755, -0.101593, 0.0, 0.0, 0.0, 1.0],
                [0.570995, -0.227685, 0.788733, -0.128099, -0.438188, -0.897021, 0.05833, -0.054421, 0.694165, -0.378954, -0.611963, -0.058638, 0.0, 0.0, 0.0, 1.0],
                [0.708266, -0.552551, 0.439351, -0.144641, -0.551061, -0.821792, -0.144999, -0.034595, 0.441135, -0.139423, -0.886536, -0.026305, 0.0, 0.0, 0.0, 1.0],
                [0.642866, -0.534339, 0.548812, -0.147634, -0.564508, -0.814831, -0.131957, 0.006671, 0.517652, -0.224998, -0.825465, -0.023256, 0.0, 0.0, 0.0, 1.0],
                [0.443803, -0.558287, 0.700976, -0.150627, -0.654146, -0.736485, -0.172321, 0.047937, 0.612406, -0.382099, -0.692055, -0.020205, 0.0, 0.0, 0.0, 1.0],
                [0.245708, -0.498831, 0.831153, -0.153618, -0.721395, -0.666825, -0.186889, 0.089202, 0.647399, -0.553719, -0.523698, -0.017155, 0.0, 0.0, 0.0, 1.0],
                [0.253478, -0.448448, 0.857121, -0.156612, -0.726806, -0.67301, -0.137129, 0.130468, 0.638287, -0.588255, -0.496528, -0.014105, 0.0, 0.0, 0.0, 1.0],
                [0.318783, -0.434339, 0.842459, -0.157396, -0.721657, -0.687458, -0.081296, 0.133356, 0.614408, -0.582104, -0.532594, -0.010896, 0.0, 0.0, 0.0, 1.0],
                [0.334311, -0.416662, 0.845362, -0.15818, -0.730017, -0.681787, -0.047285, 0.136243, 0.596003, -0.601376, -0.532099, -0.007686, 0.0, 0.0, 0.0, 1.0],
                [0.348198, -0.394803, 0.850231, -0.158964, -0.737795, -0.674926, -0.01119, 0.139131, 0.578207, -0.623458, -0.526292, -0.004477, 0.0, 0.0, 0.0, 1.0],
                [0.360535, -0.370381, 0.856058, -0.159748, -0.74547, -0.666029, 0.025854, 0.142018, 0.56053, -0.647547, -0.516236, -0.001267, 0.0, 0.0, 0.0, 1.0],
                [0.37292, -0.34161, 0.86269, -0.160532, -0.749936, -0.658446, 0.063501, 0.144905, 0.546291, -0.670704, -0.501734, 0.001942, 0.0, 0.0, 0.0, 1.0],
                [0.38361, -0.313665, 0.868594, -0.161317, -0.754224, -0.649141, 0.098737, 0.147793, 0.532819, -0.693054, -0.485591, 0.005152, 0.0, 0.0, 0.0, 1.0],
                [0.394555, -0.285639, 0.873345, -0.162102, -0.757928, -0.638491, 0.133639, 0.15068, 0.519401, -0.714728, -0.468414, 0.008361, 0.0, 0.0, 0.0, 1.0],
                [0.402682, -0.259688, 0.877726, -0.162887, -0.759928, -0.629358, 0.162485, 0.153568, 0.51016, -0.732506, -0.450775, 0.011571, 0.0, 0.0, 0.0, 1.0],
                [0.410823, -0.233642, 0.881264, -0.163671, -0.761634, -0.619226, 0.190934, 0.156455, 0.501043, -0.749711, -0.432342, 0.01478, 0.0, 0.0, 0.0, 1.0],
                [0.419857, -0.212216, 0.882425, -0.164455, -0.761985, -0.610578, 0.215762, 0.159343, 0.492954, -0.763055, -0.418061, 0.01799, 0.0, 0.0, 0.0, 1.0],
                [0.428454, -0.193692, 0.882552, -0.16524, -0.760708, -0.604376, 0.23671, 0.16223, 0.487498, -0.772857, -0.406291, 0.021199, 0.0, 0.0, 0.0, 1.0],
                [0.435911, -0.179332, 0.881935, -0.166024, -0.759298, -0.599328, 0.253478, 0.165118, 0.483065, -0.780219, -0.397421, 0.024409, 0.0, 0.0, 0.0, 1.0],
                [0.443223, -0.171079, 0.879927, -0.166809, -0.758083, -0.595363, 0.266145, 0.168005, 0.478299, -0.785092, -0.39357, 0.027618, 0.0, 0.0, 0.0, 1.0],
                [0.451329, -0.166443, 0.876689, -0.167594, -0.754439, -0.595818, 0.275323, 0.170892, 0.476477, -0.785742, -0.394482, 0.030828, 0.0, 0.0, 0.0, 1.0],
                [0.459074, -0.170076, 0.871957, -0.168378, -0.752282, -0.596471, 0.279774, 0.17378, 0.472469, -0.784468, -0.401771, 0.034037, 0.0, 0.0, 0.0, 1.0],
                [0.46793, -0.180481, 0.865132, -0.169162, -0.747337, -0.603287, 0.278413, 0.176667, 0.471629, -0.776896, -0.417177, 0.037247, 0.0, 0.0, 0.0, 1.0],
