{
    "animation": [
        {
            "name": "Root",
            "time": [0.0, 0.0333, 0.0667, 0.1, 0.1333, 0.1667, 0.2, 0.2333, 0.2667, 0.3, 0.3333, 0.3667, 0.4, 0.4333, 0.4667, 0.5, 0.5333, 0.5667, 0.6, 0.6333, 0.6667, 0.7, 0.7333, 0.7667, 0.8, 0.8333, 0.8667, 0.9, 0.9333, 0.9667, 1.0, 1.0333, 1.0667, 1.1, 1.1333, 1.1667, 1.2, 1.2333, 1.2667, 1.3, 1.3333, 1.3667, 1.4, 1.4333, 1.4667, 1.5, 1.5333, 1.5667, 1.6, 1.6333, 1.6667, 1.7, 1.7333, 1.7667, 1.8, 1.8333, 1.8667, 1.9, 1.9333, 1.9667, 2.0, 2.0333, 2.0667, 2.1, 2.1333, 2.1667, 2.2, 2.2667, 2.3, 2.3667, 3.0],
            "transform": [
                [0.486792, -0.00099, 0.873518, -0.013623, 0.873378, 0.01848, -0.486694, -0.156093, -0.015661, 0.999829, 0.00986, 0.40376, 0.0, 0.0, 0.0, 1.0],
                [0.235474, -0.001209, 0.971881, -0.016201, 0.971723, 0.018332, -0.235413, -0.156093, -0.017532, 0.999831, 0.005491, 0.401463, 0.0, 0.0, 0.0, 1.0],
                [0.159768, -0.001266, 0.987155, -0.010614, 0.986994, 0.018283, -0.159718, -0.13815, -0.017846, 0.999832, 0.004171, 0.403521, 0.0, 0.0, 0.0, 1.0],
                [0.080142, -0.001326, 0.996784, -0.005181, 0.99662, 0.018233, -0.080105, -0.120744, -0.018068, 0.999833, 0.002783, 0.405589, 0.0, 0.0, 0.0, 1.0],
                [1e-06, -0.001382, 1.000001, -0.000133, 0.999835, 0.018177, 2.4e-05, -0.104639, -0.018177, 0.999834, 0.001381, 0.410159, 0.0, 0.0, 0.0, 1.0],
                [-0.102114, -0.00145, 0.994773, 0.004658, 0.994607, 0.018105, 0.102124, -0.09366, -0.018158, 0.999835, -0.000406, 0.420174, 0.0, 0.0, 0.0, 1.0],
                [-0.182312, -0.001502, 0.983242, 0.00694, 0.983076, 0.018045, 0.182309, -0.082613, -0.018016, 0.999836, -0.001813, 0.435537, 0.0, 0.0, 0.0, 1.0],
                [-0.1789, -0.0015, 0.983868, 0.003137, 0.983703, 0.018047, 0.178898, -0.066627, -0.018024, 0.999836, -0.001753, 0.457726, 0.0, 0.0, 0.0, 1.0],
                [-0.146756, -0.00148, 0.989173, -0.001087, 0.989008, 0.018072, 0.146759, -0.043307, -0.018093, 0.999836, -0.001189, 0.477, 0.0, 0.0, 0.0, 1.0],
                [-0.134073, -0.001472, 0.990971, -6.7e-05, 0.990806, 0.018081, 0.134077, -0.01322, -0.018115, 0.999836, -0.000966, 0.485322, 0.0, 0.0, 0.0, 1.0],
                [-0.121367, -0.001463, 0.992608, 0.002846, 0.992442, 0.01809, 0.121374, 0.018651, -0.018134, 0.999836, -0.000744, 0.48999, 0.0, 0.0, 0.0, 1.0],
                [-0.100738, -0.001449, 0.994913, 0.004175, 0.994748, 0.018105, 0.100748, 0.054715, -0.018159, 0.999835, -0.000382, 0.494587, 0.0, 0.0, 0.0, 1.0],
                [-0.061458, -0.001423, 0.99811, 0.000456, 0.997944, 0.018134, 0.061473, 0.097351, -0.018187, 0.999835, 0.000306, 0.500789, 0.0, 0.0, 0.0, 1.0],
                [1e-06, -0.001382, 1.000001, -0.007562, 0.999835, 0.018177, 2.4e-05, 0.142839, -0.018177, 0.999834, 0.001381, 0.511287, 0.0, 0.0, 0.0, 1.0],
                [0.078699, -0.001326, 0.996899, -0.016735, 0.996735, 0.018231, -0.078662, 0.186992, -0.01807, 0.999833, 0.002757, 0.526319, 0.0, 0.0, 0.0, 1.0],
                [0.17344, -0.001256, 0.984845, -0.026943, 0.984684, 0.018292, -0.173389, 0.231445, -0.017797, 0.999832, 0.004409, 0.541346, 0.0, 0.0, 0.0, 1.0],
                [0.282412, -0.00117, 0.959294, -0.038071, 0.959138, 0.01836, -0.282345, 0.277918, -0.017282, 0.999831, 0.006307, 0.520315, 0.0, 0.0, 0.0, 1.0],
                [0.404232, -0.001066, 0.914657, -0.049999, 0.91451, 0.018432, -0.404146, 0.328087, -0.016428, 0.99983, 0.008426, 0.499283, 0.0, 0.0, 0.0, 1.0],
                [0.533001, -0.000944, 0.846115, -0.062612, 0.845979, 0.018506, -0.532896, 0.383628, -0.015155, 0.999829, 0.010662, 0.478252, 0.0, 0.0, 0.0, 1.0],
                [0.663929, -0.000801, 0.747796, -0.075792, 0.747677, 0.018577, -0.663804, 0.446218, -0.013361, 0.999827, 0.012933, 0.45722, 0.0, 0.0, 0.0, 1.0],
                [0.787994, -0.000636, 0.615684, -0.089427, 0.615585, 0.018643, -0.787851, 0.517533, -0.010977, 0.999826, 0.015082, 0.436188, 0.0, 0.0, 0.0, 1.0],
                [0.946051, -0.000321, 0.32402, -0.108939, 0.323968, 0.018723, -0.945884, 0.66618, -0.005763, 0.999825, 0.017817, 0.415157, 0.0, 0.0, 0.0, 1.0],
                [0.58156, 0.000894, -0.813504, -0.137546, -0.813374, 0.018533, -0.581447, 0.859469, 0.014557, 0.999828, 0.011505, 0.394125, 0.0, 0.0, 0.0, 1.0],
                [-0.053868, 0.001418, -0.998549, -0.188854, -0.998383, 0.018139, 0.053885, 1.015076, 0.018189, 0.999835, 0.000439, 0.373093, 0.0, 0.0, 0.0, 1.0],
                [-0.26295, 0.001553, -0.964809, -0.168671, -0.964646, 0.017981, 0.262935, 1.091411, 0.017757, 0.999837, -0.00323, 0.352062, 0.0, 0.0, 0.0, 1.0],
                [-0.336284, 0.001597, -0.941761, -0.140704, -0.9416, 0.017921, 0.336258, 1.140315, 0.017414, 0.999838, -0.004523, 0.33103, 0.0, 0.0, 0.0, 1.0],
                [-0.386738, 0.001627, -0.92219, -0.126373, -0.922032, 0.017877, 0.386703, 1.178667, 0.017115, 0.999839, -0.005414, 0.309998, 0.0, 0.0, 0.0, 1.0],
                [-0.423535, 0.001649, -0.905879, -0.112952, -0.905724, 0.017844, 0.423495, 1.214718, 0.016863, 0.99984, -0.006064, 0.307757, 0.0, 0.0, 0.0, 1.0],
                [-0.446508, 0.001661, -0.894779, -0.101376, -0.894625, 0.017823, 0.446464, 1.246185, 0.016689, 0.99984, -0.006472, 0.312926, 0.0, 0.0, 0.0, 1.0],
                [-0.45285, 0.001665, -0.891586, -0.092584, -0.891432, 0.017817, 0.452806, 1.270773, 0.016639, 0.99984, -0.006584, 0.320061, 0.0, 0.0, 0.0, 1.0],
                [-0.443967, 0.00166, -0.896043, -0.087505, -0.895888, 0.017825, 0.443924, 1.286249, 0.016709, 0.99984, -0.006427, 0.327349, 0.0, 0.0, 0.0, 1.0],
                [-0.424726, 0.001649, -0.905322, -0.084937, -0.905166, 0.017843, 0.424686, 1.294996, 0.016854, 0.99984, -0.006085, 0.33045, 0.0, 0.0, 0.0, 1.0],
                [-0.405287, 0.001638, -0.91419, -0.082992, -0.914032, 0.017861, 0.40525, 1.301286, 0.016992, 0.999839, -0.005741, 0.333593, 0.0, 0.0, 0.0, 1.0],
                [-0.385663, 0.001627, -0.922639, -0.0816, -0.922481, 0.017878, 0.385629, 1.30552, 0.017122, 0.999839, -0.005394, 0.336769, 0.0, 0.0, 0.0, 1.0],
                [-0.365868, 0.001615, -0.930666, -0.080693, -0.930508, 0.017895, 0.365837, 1.308102, 0.017245, 0.999839, -0.005045, 0.339974, 0.0, 0.0, 0.0, 1.0],
                [-0.342249, 0.001601, -0.939609, -0.080199, -0.93945, 0.017916, 0.342221, 1.309434, 0.017382, 0.999838, -0.004628, 0.343199, 0.0, 0.0, 0.0, 1.0],
                [-0.318411, 0.001586, -0.947952, -0.080049, -0.947792, 0.017936, 0.318387, 1.309915, 0.017507, 0.999838, -0.004207, 0.346439, 0.0, 0.0, 0.0, 1.0],
                [-0.290136, 0.001569, -0.956986, -0.080175, -0.956824, 0.017959, 0.290116, 1.309949, 0.017642, 0.999838, -0.003709, 0.349686, 0.0, 0.0, 0.0, 1.0],
                [-0.261605, 0.001552, -0.965175, -0.080505, -0.965012, 0.017982, 0.26159, 1.309936, 0.017762, 0.999837, -0.003207, 0.352934, 0.0, 0.0, 0.0, 1.0],
                [-0.227551, 0.001531, -0.973766, -0.080968, -0.973602, 0.018009, 0.227542, 1.310306, 0.017885, 0.999837, -0.002608, 0.357671, 0.0, 0.0, 0.0, 1.0],
                [-0.193218, 0.001509, -0.981156, -0.081496, -0.980992, 0.018036, 0.193214, 1.311432, 0.017988, 0.999836, -0.002004, 0.362395, 0.0, 0.0, 0.0, 1.0],
                [-0.151927, 0.001483, -0.988392, -0.082017, -0.988227, 0.018068, 0.151929, 1.313751, 0.018083, 0.999836, -0.001279, 0.368978, 0.0, 0.0, 0.0, 1.0],
                [-0.11037, 0.001456, -0.993891, -0.082464, -0.993725, 0.018098, 0.110378, 1.31763, 0.018148, 0.999836, -0.000551, 0.375535, 0.0, 0.0, 0.0, 1.0],
                [-0.062526, 0.001424, -0.998044, -0.082765, -0.997878, 0.018133, 0.062541, 1.323568, 0.018186, 0.999835, 0.000287, 0.384649, 0.0, 0.0, 0.0, 1.0],
                [-0.010021, 0.001389, -0.99995, -0.082852, -0.999785, 0.01817, 0.010044, 1.331769, 0.018183, 0.999834, 0.001207, 0.39361, 0.0, 0.0, 0.0, 1.0],
                [0.042825, 0.001352, -0.999083, -0.082653, -0.998918, 0.018206, -0.042793, 1.342825, 0.018132, 0.999834, 0.00213, 0.404883, 0.0, 0.0, 0.0, 1.0],
                [0.108996, 0.001304, -0.994043, -0.082245, -0.99388, 0.01825, -0.108954, 1.358332, 0.017999, 0.999833, 0.003285, 0.409703, 0.0, 0.0, 0.0, 1.0],
                [0.187768, 0.001245, -0.982214, -0.081765, -0.982053, 0.018301, -0.187715, 1.378947, 0.017742, 0.999832, 0.004659, 0.414523, 0.0, 0.0, 0.0, 1.0],
                [0.273698, 0.001177, -0.961816, -0.081235, -0.96166, 0.018354, -0.273632, 1.403579, 0.017331, 0.999831, 0.006156, 0.419342, 0.0, 0.0, 0.0, 1.0],
                [0.36456, 0.001101, -0.93118, -0.080679, -0.93103, 0.018409, -0.36448, 1.431152, 0.016741, 0.99983, 0.007737, 0.424162, 0.0, 0.0, 0.0, 1.0],
                [0.453485, 0.001022, -0.891264, -0.080119, -0.891121, 0.018461, -0.453391, 1.460532, 0.01599, 0.999829, 0.009282, 0.428981, 0.0, 0.0, 0.0, 1.0],
                [0.539075, 0.000938, -0.842259, -0.079578, -0.842123, 0.018509, -0.538969, 1.490674, 0.015084, 0.999829, 0.010768, 0.433801, 0.0, 0.0, 0.0, 1.0],
                [0.616535, 0.000856, -0.787328, -0.079075, -0.787203, 0.018552, -0.616417, 1.520464, 0.014079, 0.999828, 0.012111, 0.43862, 0.0, 0.0, 0.0, 1.0],
                [0.685262, 0.000775, -0.728297, -0.078633, -0.728181, 0.018588, -0.685134, 1.548819, 0.013007, 0.999827, 0.013302, 0.44344, 0.0, 0.0, 0.0, 1.0],
                [0.742913, 0.0007, -0.669388, -0.078272, -0.669282, 0.018619, -0.742776, 1.574661, 0.011943, 0.999827, 0.014301, 0.448259, 0.0, 0.0, 0.0, 1.0],
                [0.789412, 0.000634, -0.613865, -0.078012, -0.613767, 0.018643, -0.789268, 1.596866, 0.010944, 0.999826, 0.015106, 0.453079, 0.0, 0.0, 0.0, 1.0],
                [0.825494, 0.000577, -0.564412, -0.077874, -0.564323, 0.018662, -0.825345, 1.614397, 0.010057, 0.999826, 0.015731, 0.457898, 0.0, 0.0, 0.0, 1.0],
                [0.850356, 0.000534, -0.526208, -0.077876, -0.526125, 0.018675, -0.850203, 1.62612, 0.009372, 0.999826, 0.016162, 0.462718, 0.0, 0.0, 0.0, 1.0],
                [0.867441, 0.000503, -0.497542, -0.078005, -0.497463, 0.018683, -0.867285, 1.633035, 0.008859, 0.999826, 0.016457, 0.467538, 0.0, 0.0, 0.0, 1.0],
                [0.880677, 0.000477, -0.473718, -0.078224, -0.473644, 0.01869, -0.880519, 1.6371, 0.008433, 0.999826, 0.016686, 0.472357, 0.0, 0.0, 0.0, 1.0],
                [0.890795, 0.000457, -0.454407, -0.078525, -0.454335, 0.018695, -0.890636, 1.638647, 0.008088, 0.999826, 0.016861, 0.477177, 0.0, 0.0, 0.0, 1.0],
                [0.898058, 0.000441, -0.439878, -0.078893, -0.439808, 0.018698, -0.897898, 1.638005, 0.007829, 0.999825, 0.016986, 0.481996, 0.0, 0.0, 0.0, 1.0],
                [0.903023, 0.000431, -0.429594, -0.07932, -0.429525, 0.018701, -0.902862, 1.635487, 0.007645, 0.999825, 0.017072, 0.486816, 0.0, 0.0, 0.0, 1.0],
                [0.905644, 0.000425, -0.424041, -0.079791, -0.423974, 0.018702, -0.905482, 1.631443, 0.007546, 0.999825, 0.017118, 0.502555, 0.0, 0.0, 0.0, 1.0],
                [0.908231, 0.000419, -0.418471, -0.080301, -0.418405, 0.018704, -0.908069, 1.626209, 0.007447, 0.999825, 0.017162, 0.518313, 0.0, 0.0, 0.0, 1.0],
                [0.908402, 0.000418, -0.418099, -0.080832, -0.418033, 0.018704, -0.90824, 1.620114, 0.00744, 0.999825, 0.017165, 0.534086, 0.0, 0.0, 0.0, 1.0],
                [0.908574, 0.000418, -0.417726, -0.081377, -0.41766, 0.018704, -0.908412, 1.613462, 0.007433, 0.999825, 0.017168, 0.548348, 0.0, 0.0, 0.0, 1.0],
                [0.907715, 0.00042, -0.419587, -0.081924, -0.41952, 0.018703, -0.907555, 1.606615, 0.007466, 0.999825, 0.017153, 0.562613, 0.0, 0.0, 0.0, 1.0],
                [0.906854, 0.000422, -0.421445, -0.082462, -0.421378, 0.018703, -0.906693, 1.599903, 0.0075, 0.999825, 0.017139, 0.576875, 0.0, 0.0, 0.0, 1.0],
                [0.905989, 0.000424, -0.423302, -0.082981, -0.423235, 0.018702, -0.905828, 1.593657, 0.007533, 0.999825, 0.017124, 0.59113, 0.0, 0.0, 0.0, 1.0],
                [0.907198, 0.000421, -0.420704, -0.082981, -0.420638, 0.018703, -0.907037, 1.593657, 0.007487, 0.999825, 0.017144, 0.748202, 0.0, 0.0, 0.0, 1.0]
            ]
        },
        {
            "name": "Thigh_R",
            "time": [0.0, 0.0333, 0.0667, 0.1, 0.1333, 0.1667, 0.2, 0.2333, 0.2667, 0.3, 0.3333, 0.3667, 0.4, 0.5333, 0.6667, 0.7, 0.7333, 0.7667, 0.8, 0.8333, 0.8667, 0.9, 0.9333, 0.9667, 1.0, 1.0333, 1.0667, 1.1, 1.1333, 1.1667, 1.2, 1.2333, 1.2667, 1.3, 1.3333, 1.3667, 1.4, 1.4333, 1.4667, 1.5, 1.5333, 1.5667, 1.6, 1.6333, 1.6667, 1.7, 1.7333, 1.7667, 1.8, 1.8333, 1.8667, 1.9, 1.9333, 1.9667, 2.0, 2.0333, 2.0667, 2.1, 2.1333, 2.1667, 2.2, 2.2667, 2.3, 2.3667, 3.0],
            "transform": [
                [0.964674, 0.160986, -0.20854, -0.004086, 0.260608, -0.467177, 0.844884, -0.023317, 0.038589, -0.869384, -0.492628, -0.026536, 0.0, 0.0, 0.0, 1.0],
                [0.912091, 0.392201, -0.119179, -0.007377, 0.36867, -0.657981, 0.656638, -0.01036, 0.179099, -0.642914, -0.744731, -0.047624, 0.0, 0.0, 0.0, 1.0],
                [0.903422, 0.426137, -0.046628, -0.010668, 0.350263, -0.671223, 0.653306, 0.002597, 0.247075, -0.606603, -0.755657, -0.068713, 0.0, 0.0, 0.0, 1.0],
                [0.889957, 0.455146, 0.027609, -0.013958, 0.331602, -0.6877, 0.645869, 0.015555, 0.31292, -0.565696, -0.76295, -0.089802, 0.0, 0.0, 0.0, 1.0],
                [0.87166, 0.479595, 0.100728, -0.017249, 0.316447, -0.707898, 0.631492, 0.028512, 0.374128, -0.518623, -0.768812, -0.110891, 0.0, 0.0, 0.0, 1.0],
                [0.85124, 0.494419, 0.175769, -0.02054, 0.305351, -0.739245, 0.600269, 0.041469, 0.426678, -0.457347, -0.780245, -0.13198, 0.0, 0.0, 0.0, 1.0],
                [0.829785, 0.49919, 0.249449, -0.019736, 0.290559, -0.768202, 0.570519, 0.053418, 0.476377, -0.400967, -0.782486, -0.134723, 0.0, 0.0, 0.0, 1.0],
                [0.806351, 0.501885, 0.312844, -0.018933, 0.270985, -0.783816, 0.558796, 0.065366, 0.525612, -0.365846, -0.768034, -0.137465, 0.0, 0.0, 0.0, 1.0],
                [0.785017, 0.497225, 0.369432, -0.01813, 0.241762, -0.795102, 0.556258, 0.077314, 0.570264, -0.347391, -0.744378, -0.140208, 0.0, 0.0, 0.0, 1.0],
                [0.76728, 0.487099, 0.417112, -0.017326, 0.20485, -0.802592, 0.560307, 0.089263, 0.607635, -0.344501, -0.715594, -0.14295, 0.0, 0.0, 0.0, 1.0],
                [0.750821, 0.473032, 0.460951, -0.016523, 0.164836, -0.810088, 0.562716, 0.101211, 0.63953, -0.346552, -0.686204, -0.145693, 0.0, 0.0, 0.0, 1.0],
                [0.729796, 0.452597, 0.51237, -0.01572, 0.117183, -0.821258, 0.558452, 0.11316, 0.673476, -0.347549, -0.652387, -0.148435, 0.0, 0.0, 0.0, 1.0],
                [0.699268, 0.426432, 0.573716, -0.019972, 0.068323, -0.838835, 0.540146, 0.105989, 0.711518, -0.338542, -0.615706, -0.148204, 0.0, 0.0, 0.0, 1.0],
                [0.882114, 0.228178, 0.411992, -0.036981, 0.11695, -0.953583, 0.277656, 0.077306, 0.456178, -0.196761, -0.867854, -0.147277, 0.0, 0.0, 0.0, 1.0],
                [0.980472, 0.008981, 0.196213, -0.022748, 0.01066, -0.999965, -0.007505, 0.129432, 0.196119, 0.009451, -0.980533, -0.120336, 0.0, 0.0, 0.0, 1.0],
                [0.736943, -0.002329, 0.675912, -0.010254, 0.073222, -0.993884, -0.083265, 0.121323, 0.671904, 0.110865, -0.732264, -0.104504, 0.0, 0.0, 0.0, 1.0],
                [0.794638, 0.568619, 0.212588, 0.00224, 0.515143, -0.81698, 0.259253, 0.113214, 0.321065, -0.096508, -0.942122, -0.088672, 0.0, 0.0, 0.0, 1.0],
                [0.714864, 0.63588, -0.290889, 0.014734, 0.657888, -0.470847, 0.587764, 0.105105, 0.23676, -0.611604, -0.754929, -0.072839, 0.0, 0.0, 0.0, 1.0],
                [0.679671, 0.486418, -0.549021, 0.043811, 0.733449, -0.452509, 0.507204, 0.106532, -0.001724, -0.747485, -0.664319, -0.003766, 0.0, 0.0, 0.0, 1.0],
                [0.609371, 0.436069, -0.66219, 0.072887, 0.779414, -0.482467, 0.399629, 0.107959, -0.145205, -0.759717, -0.633878, 0.065307, 0.0, 0.0, 0.0, 1.0],
                [0.569171, 0.434107, -0.698271, 0.0611, 0.799698, -0.489489, 0.347629, 0.118128, -0.190869, -0.75634, -0.625757, 0.070489, 0.0, 0.0, 0.0, 1.0],
                [0.536456, 0.443286, -0.718125, 0.049314, 0.811675, -0.503871, 0.295398, 0.128298, -0.230875, -0.741425, -0.630107, 0.075671, 0.0, 0.0, 0.0, 1.0],
                [0.513301, 0.464728, -0.721489, 0.037527, 0.817157, -0.521451, 0.245573, 0.138467, -0.262071, -0.715692, -0.647416, 0.080854, 0.0, 0.0, 0.0, 1.0],
                [0.497889, 0.492344, -0.713935, 0.02574, 0.818397, -0.53902, 0.199114, 0.148637, -0.286765, -0.683487, -0.671305, 0.086036, 0.0, 0.0, 0.0, 1.0],
                [0.489365, 0.520314, -0.699857, 0.013953, 0.817317, -0.553463, 0.160118, 0.158806, -0.304003, -0.650425, -0.696106, 0.091218, 0.0, 0.0, 0.0, 1.0],
                [0.487488, 0.545341, -0.681884, 0.002167, 0.815003, -0.564323, 0.131439, 0.168975, -0.313092, -0.619874, -0.719555, 0.096401, 0.0, 0.0, 0.0, 1.0],
                [0.486443, 0.570008, -0.662173, -0.00962, 0.813504, -0.571895, 0.105426, 0.179145, -0.318568, -0.590023, -0.741898, 0.101583, 0.0, 0.0, 0.0, 1.0],
                [0.490231, 0.591795, -0.639894, -0.004537, 0.811687, -0.577406, 0.087955, 0.179524, -0.317396, -0.562568, -0.763413, 0.107839, 0.0, 0.0, 0.0, 1.0],
                [0.493946, 0.612706, -0.616946, 0.000546, 0.809852, -0.582403, 0.070112, 0.179902, -0.316322, -0.53432, -0.783876, 0.114095, 0.0, 0.0, 0.0, 1.0],
                [0.500563, 0.632647, -0.59094, 0.005629, 0.809052, -0.584693, 0.059487, 0.18028, -0.307854, -0.507928, -0.804519, 0.120352, 0.0, 0.0, 0.0, 1.0],
                [0.506926, 0.651648, -0.564268, 0.010712, 0.808264, -0.586785, 0.048615, 0.180659, -0.299394, -0.48077, -0.824159, 0.126608, 0.0, 0.0, 0.0, 1.0],
                [0.515911, 0.669583, -0.534335, 0.015794, 0.806857, -0.589318, 0.040704, 0.181037, -0.28761, -0.452176, -0.844292, 0.132864, 0.0, 0.0, 0.0, 1.0],
                [0.524513, 0.686402, -0.503745, 0.020877, 0.805427, -0.591782, 0.032434, 0.181416, -0.275818, -0.422784, -0.863243, 0.13912, 0.0, 0.0, 0.0, 1.0],
                [0.533381, 0.704569, -0.468091, 0.02596, 0.803986, -0.594223, 0.021884, 0.181794, -0.262706, -0.38805, -0.883409, 0.145376, 0.0, 0.0, 0.0, 1.0],
                [0.541761, 0.721214, -0.431704, 0.031043, 0.802558, -0.596451, 0.010912, 0.182173, -0.249596, -0.352414, -0.901949, 0.151632, 0.0, 0.0, 0.0, 1.0],
                [0.550507, 0.737625, -0.390995, 0.036126, 0.799794, -0.600223, -0.006032, 0.182551, -0.23911, -0.309425, -0.920373, 0.157889, 0.0, 0.0, 0.0, 1.0],
                [0.560767, 0.75216, -0.346154, 0.040124, 0.795332, -0.605547, -0.027106, 0.174582, -0.229978, -0.260133, -0.937786, 0.147264, 0.0, 0.0, 0.0, 1.0],
                [0.572095, 0.765159, -0.295408, 0.044123, 0.789045, -0.611747, -0.056139, 0.166613, -0.223648, -0.200992, -0.953721, 0.136639, 0.0, 0.0, 0.0, 1.0],
                [0.583369, 0.775367, -0.241896, 0.048121, 0.78201, -0.616668, -0.090329, 0.158644, -0.219186, -0.136483, -0.966089, 0.126014, 0.0, 0.0, 0.0, 1.0],
                [0.597476, 0.781547, -0.179538, 0.052119, 0.771011, -0.621461, -0.138958, 0.150675, -0.220157, -0.055407, -0.973887, 0.115389, 0.0, 0.0, 0.0, 1.0],
                [0.618366, 0.770812, -0.153277, 0.056117, 0.753161, -0.636989, -0.164254, 0.142706, -0.224223, -0.013874, -0.974436, 0.104764, 0.0, 0.0, 0.0, 1.0],
                [0.64879, 0.750739, -0.124415, 0.060115, 0.727289, -0.659907, -0.188586, 0.134737, -0.223659, 0.031871, -0.974144, 0.09414, 0.0, 0.0, 0.0, 1.0],
                [0.685375, 0.723141, -0.085639, 0.064114, 0.695224, -0.684885, -0.218164, 0.126768, -0.216395, 0.089995, -0.972147, 0.083515, 0.0, 0.0, 0.0, 1.0],
                [0.719309, 0.694097, -0.028678, 0.068112, 0.664587, -0.699698, -0.262206, 0.118799, -0.202043, 0.169565, -0.964586, 0.07289, 0.0, 0.0, 0.0, 1.0],
                [0.73855, 0.673694, -0.02594, 0.072111, 0.647926, -0.720012, -0.248566, 0.11083, -0.186117, 0.166788, -0.968267, 0.062265, 0.0, 0.0, 0.0, 1.0],
                [0.782371, 0.622792, -0.002095, 0.082838, 0.606797, -0.763174, -0.222228, 0.100811, -0.139987, 0.172611, -0.974992, 0.05684, 0.0, 0.0, 0.0, 1.0],
                [0.823508, 0.567171, 0.010847, 0.093566, 0.561062, -0.811692, -0.162484, 0.090793, -0.083344, 0.139907, -0.986652, 0.051414, 0.0, 0.0, 0.0, 1.0],
                [0.859126, 0.511716, -0.001777, 0.104294, 0.511024, -0.858296, -0.047228, 0.080774, -0.02569, 0.039671, -0.998883, 0.045989, 0.0, 0.0, 0.0, 1.0],
                [0.889069, 0.457352, -0.018149, 0.115023, 0.456639, -0.883807, 0.102098, 0.070756, 0.030652, -0.099069, -0.994609, 0.040564, 0.0, 0.0, 0.0, 1.0],
                [0.91465, 0.403534, -0.022596, 0.12575, 0.395346, -0.881874, 0.257027, 0.060737, 0.083784, -0.244046, -0.96614, 0.035139, 0.0, 0.0, 0.0, 1.0],
                [0.936352, 0.350923, -0.005027, 0.125676, 0.323553, -0.857769, 0.399512, 0.054839, 0.135872, -0.375747, -0.916715, 0.031307, 0.0, 0.0, 0.0, 1.0],
                [0.949104, 0.313828, 0.025218, 0.125602, 0.259429, -0.825082, 0.501993, 0.048941, 0.178329, -0.469948, -0.864504, 0.027475, 0.0, 0.0, 0.0, 1.0],
                [0.952473, 0.293015, 0.082813, 0.125528, 0.218412, -0.847079, 0.484583, 0.043042, 0.212118, -0.443508, -0.870817, 0.023644, 0.0, 0.0, 0.0, 1.0],
                [0.95554, 0.240051, 0.170984, 0.125453, 0.137148, -0.87578, 0.462897, 0.037144, 0.260837, -0.418907, -0.869765, 0.019812, 0.0, 0.0, 0.0, 1.0],
                [0.95369, 0.206283, 0.218721, 0.125379, 0.092477, -0.893563, 0.4394, 0.031246, 0.286053, -0.398864, -0.871257, 0.015981, 0.0, 0.0, 0.0, 1.0],
                [0.953188, 0.195397, 0.230581, 0.125305, 0.087375, -0.90856, 0.408616, 0.025347, 0.28931, -0.369377, -0.8831, 0.012149, 0.0, 0.0, 0.0, 1.0],
                [0.952304, 0.187492, 0.240575, 0.125231, 0.084835, -0.92052, 0.381486, 0.019449, 0.292951, -0.342915, -0.89252, 0.008317, 0.0, 0.0, 0.0, 1.0],
                [0.951624, 0.177438, 0.250685, 0.125157, 0.07879, -0.930017, 0.359091, 0.013551, 0.296828, -0.322, -0.899006, 0.004486, 0.0, 0.0, 0.0, 1.0],
                [0.951282, 0.168551, 0.258005, 0.125082, 0.075345, -0.939043, 0.335572, 0.007652, 0.29881, -0.299813, -0.905994, 0.000654, 0.0, 0.0, 0.0, 1.0],
                [0.950408, 0.15924, 0.266986, 0.125082, 0.069407, -0.94592, 0.317028, 0.007652, 0.303001, -0.282803, -0.910062, 0.000654, 0.0, 0.0, 0.0, 1.0],
                [0.950346, 0.149977, 0.272514, 0.125082, 0.06489, -0.952462, 0.297819, 0.007653, 0.304195, -0.265374, -0.914899, 0.000654, 0.0, 0.0, 0.0, 1.0],
                [0.949554, 0.141411, 0.279756, 0.125082, 0.059955, -0.957978, 0.28067, 0.007652, 0.30766, -0.249763, -0.918129, 0.000655, 0.0, 0.0, 0.0, 1.0],
                [0.948701, 0.132766, 0.286799, 0.125082, 0.055155, -0.963166, 0.263367, 0.007652, 0.311171, -0.234061, -0.921078, 0.000654, 0.0, 0.0, 0.0, 1.0],
                [0.948611, 0.123151, 0.291349, 0.125082, 0.050573, -0.968355, 0.244596, 0.007652, 0.31222, -0.217313, -0.924818, 0.000654, 0.0, 0.0, 0.0, 1.0],
                [0.945483, 0.067158, 0.318674, 0.133847, 0.064694, -0.997738, 0.018325, 0.001085, 0.319184, 0.00329, -0.947688, 0.043038, 0.0, 0.0, 0.0, 1.0]
            ]
        },
        {
            "name": "Leg_R",
            "time": [0.0, 0.0333, 0.0667, 0.1, 0.1333, 0.1667, 0.2, 0.2333, 0.2667, 0.3, 0.3333, 0.3667, 0.4, 0.4333, 0.4667, 0.5, 0.5333, 0.5667, 0.6, 0.6333, 0.6667, 0.7, 0.7333, 0.7667, 0.8, 0.8333, 0.8667, 0.9, 0.9333, 0.9667, 1.0, 1.0333, 1.0667, 1.1, 1.1333, 1.1667, 1.2, 1.2333, 1.2667, 1.3, 1.3333, 1.3667, 1.4, 1.4333, 1.4667, 1.5, 1.5333, 1.5667, 1.6, 1.6333, 1.6667, 1.7, 1.7333, 1.7667, 1.8, 1.8333, 1.8667, 1.9, 1.9333, 1.9667, 2.0, 2.0333, 2.0667, 2.1, 2.1333, 2.1667, 2.2, 2.2667, 2.3, 2.3667, 3.0],
            "transform": [
                [1.000001, 0.001946, 0.000175, -0.0, 0.000172, -0.17702, 0.984208, 0.37472, 0.001946, -0.984202, -0.17702, 0.0, 0.0, 0.0, 0.0, 1.0],
                [0.999953, -0.001953, 8.9e-05, 0.0, 8.9e-05, 0.091121, 0.9958, 0.37472, -0.001953, -0.995926, 0.091109, 0.0, 0.0, 0.0, 0.0, 1.0],
                [0.999952, -0.001954, 8.2e-05, 0.0, 8.1e-05, 0.0832, 0.996492, 0.37472, -0.001954, -0.996619, 0.083189, -0.0, 0.0, 0.0, 0.0, 1.0],
                [0.999953, -0.001954, 8e-05, -0.0, 7.9e-05, 0.081328, 0.996647, 0.37472, -0.001954, -0.996773, 0.081318, -0.0, 0.0, 0.0, 0.0, 1.0],
                [0.999952, -0.001954, 8.7e-05, -0.0, 8.7e-05, 0.088805, 0.996009, 0.37472, -0.001953, -0.996135, 0.088793, -0.0, 0.0, 0.0, 0.0, 1.0],
                [0.999953, -0.001953, 0.000117, 0.0, 0.000116, 0.119325, 0.992816, 0.37472, -0.001953, -0.99294, 0.11931, -0.0, 0.0, 0.0, 0.0, 1.0],
                [0.999952, -0.001949, 0.000163, -0.0, 0.000163, 0.166363, 0.986028, 0.37472, -0.001949, -0.98615, 0.166342, 0.0, 0.0, 0.0, 0.0, 1.0],
                [0.999952, -0.001944, 0.000217, -0.0, 0.000216, 0.219895, 0.97549, 0.37472, -0.001944, -0.975609, 0.219868, 0.0, 0.0, 0.0, 0.0, 1.0],
                [0.999952, -0.001939, 0.000255, -0.0, 0.000253, 0.257407, 0.966272, 0.37472, -0.001939, -0.966389, 0.257376, 0.0, 0.0, 0.0, 0.0, 1.0],
                [0.999953, -0.001938, 0.000258, 0.0, 0.000256, 0.260772, 0.96537, 0.37472, -0.001938, -0.965486, 0.26074, -0.0, 0.0, 0.0, 0.0, 1.0],
                [0.999953, -0.00194, 0.000252, -0.0, 0.000252, 0.255722, 0.96672, 0.37472, -0.00194, -0.966835, 0.255691, -0.0, 0.0, 0.0, 0.0, 1.0],
                [0.999952, -0.001939, 0.000254, 0.0, 0.000253, 0.257407, 0.966272, 0.37472, -0.001939, -0.966388, 0.257376, 0.0, 0.0, 0.0, 0.0, 1.0],
                [0.999952, -0.001938, 0.000267, 0.0, 0.000266, 0.269985, 0.962835, 0.37472, -0.001938, -0.96295, 0.269952, -0.0, 0.0, 0.0, 0.0, 1.0],
                [0.999953, -0.001932, 0.000301, -0.0, 0.0003, 0.303813, 0.952705, 0.37472, -0.001932, -0.952817, 0.303777, 0.0, 0.0, 0.0, 0.0, 1.0],
                [0.999952, -0.001922, 0.000357, 0.0, 0.000356, 0.358149, 0.933643, 0.37472, -0.001922, -0.93375, 0.358107, -0.0, 0.0, 0.0, 0.0, 1.0],
                [0.999953, -0.001908, 0.00043, 0.0, 0.000429, 0.428149, 0.903695, 0.37472, -0.001908, -0.903792, 0.428102, 0.0, 0.0, 0.0, 0.0, 1.0],
                [0.999953, -0.001887, 0.000514, 0.0, 0.000513, 0.506541, 0.862213, 0.37472, -0.001887, -0.8623, 0.506489, 0.0, 0.0, 0.0, 0.0, 1.0],
                [0.999953, -0.001861, 0.000602, -0.0, 0.000601, 0.585472, 0.810703, 0.37472, -0.001861, -0.810777, 0.585417, 0.0, 0.0, 0.0, 0.0, 1.0],
                [0.999952, -0.00183, 0.000691, 0.0, 0.00069, 0.660381, 0.750954, 0.37472, -0.00183, -0.751016, 0.660325, -0.0, 0.0, 0.0, 0.0, 1.0],
                [0.999953, -0.001818, 0.000721, -0.0, 0.00072, 0.684975, 0.728594, 0.37472, -0.001818, -0.728652, 0.684918, -0.0, 0.0, 0.0, 0.0, 1.0],
                [0.999952, -0.001815, 0.000729, -0.0, 0.000727, 0.690965, 0.722917, 0.37472, -0.001816, -0.722974, 0.690909, -0.0, 0.0, 0.0, 0.0, 1.0],
                [0.999952, -0.001836, 0.000672, 0.0, 0.00067, 0.644831, 0.764346, 0.37472, -0.001837, -0.764412, 0.644773, 0.0, 0.0, 0.0, 0.0, 1.0],
                [0.999953, -0.001908, 0.00043, 0.0, 0.00043, 0.428887, 0.903345, 0.37472, -0.001908, -0.903442, 0.42884, -0.0, 0.0, 0.0, 0.0, 1.0],
                [0.999952, -0.001941, 0.000237, -0.0, 0.000236, 0.240472, 0.970623, 0.37472, -0.001941, -0.970742, 0.240442, -0.0, 0.0, 0.0, 0.0, 1.0],
                [0.999953, -0.001947, 0.000189, -0.0, 0.000189, 0.192035, 0.981352, 0.37472, -0.001947, -0.981474, 0.192011, 0.0, 0.0, 0.0, 0.0, 1.0],
                [0.999952, -0.001946, 0.000205, 0.0, 0.000203, 0.207768, 0.978143, 0.37472, -0.001945, -0.978264, 0.207742, -0.0, 0.0, 0.0, 0.0, 1.0],
                [0.999953, -0.001936, 0.000276, 0.0, 0.000275, 0.27914, 0.960221, 0.37472, -0.001936, -0.960336, 0.279106, 0.0, 0.0, 0.0, 0.0, 1.0],
                [0.999953, -0.001921, 0.000368, -0.0, 0.000365, 0.368286, 0.929692, 0.37472, -0.001921, -0.929797, 0.368244, 0.0, 0.0, 0.0, 0.0, 1.0],
                [0.999953, -0.0019, 0.000463, -0.0, 0.00046, 0.458763, 0.888549, 0.37472, -0.0019, -0.888643, 0.458713, -0.0, 0.0, 0.0, 0.0, 1.0],
                [0.999952, -0.001877, 0.00055, 0.0, 0.000548, 0.538939, 0.842347, 0.37472, -0.001878, -0.84243, 0.538885, -0.0, 0.0, 0.0, 0.0, 1.0],
                [0.999952, -0.001857, 0.000612, 0.0, 0.00061, 0.593611, 0.804764, 0.37472, -0.001858, -0.804838, 0.593554, -0.0, 0.0, 0.0, 0.0, 1.0],
                [0.999952, -0.001844, 0.00065, -0.0, 0.000648, 0.626552, 0.779397, 0.37472, -0.001845, -0.779467, 0.626494, 0.0, 0.0, 0.0, 0.0, 1.0],
                [0.999952, -0.001833, 0.000683, 0.0, 0.000682, 0.654089, 0.756439, 0.37472, -0.001833, -0.756504, 0.654032, 0.0, 0.0, 0.0, 0.0, 1.0],
                [0.999952, -0.001822, 0.000712, -0.0, 0.00071, 0.677251, 0.735779, 0.37472, -0.001822, -0.73584, 0.677193, 0.0, 0.0, 0.0, 0.0, 1.0],
                [0.999952, -0.001812, 0.000735, 0.0, 0.000733, 0.695848, 0.718219, 0.37472, -0.001813, -0.718276, 0.695791, -0.0, 0.0, 0.0, 0.0, 1.0],
                [0.999952, -0.001805, 0.000754, 0.0, 0.000751, 0.710194, 0.704039, 0.37472, -0.001805, -0.704093, 0.710138, 0.0, 0.0, 0.0, 0.0, 1.0],
                [0.999952, -0.001797, 0.000772, -0.0, 0.000769, 0.724253, 0.689571, 0.37472, -0.001798, -0.689624, 0.724195, 0.0, 0.0, 0.0, 0.0, 1.0],
                [0.999952, -0.00179, 0.000787, -0.0, 0.000786, 0.736367, 0.676621, 0.37472, -0.001791, -0.676671, 0.73631, 0.0, 0.0, 0.0, 0.0, 1.0],
                [0.999952, -0.001783, 0.000803, -0.0, 0.000801, 0.748251, 0.663456, 0.37472, -0.001784, -0.663504, 0.748196, 0.0, 0.0, 0.0, 0.0, 1.0],
                [0.999952, -0.001776, 0.000819, 0.0, 0.000817, 0.759902, 0.650082, 0.37472, -0.001777, -0.650127, 0.759846, 0.0, 0.0, 0.0, 0.0, 1.0],
                [0.999952, -0.001768, 0.000835, -0.0, 0.000832, 0.77131, 0.636506, 0.37472, -0.001769, -0.636549, 0.771256, -0.0, 0.0, 0.0, 0.0, 1.0],
                [0.999952, -0.001758, 0.000855, 0.0, 0.000853, 0.786019, 0.618253, 0.37472, -0.001759, -0.618293, 0.785965, -0.0, 0.0, 0.0, 0.0, 1.0],
                [0.999952, -0.001745, 0.000881, -0.0, 0.000879, 0.803717, 0.595066, 0.37472, -0.001746, -0.595103, 0.803664, 0.0, 0.0, 0.0, 0.0, 1.0],
                [0.999952, -0.001728, 0.000914, 0.0, 0.000912, 0.826148, 0.563514, 0.37472, -0.001729, -0.563547, 0.826097, 0.0, 0.0, 0.0, 0.0, 1.0],
                [0.999952, -0.001704, 0.000958, 0.0, 0.000956, 0.853729, 0.520788, 0.37472, -0.001705, -0.520816, 0.853679, 0.0, 0.0, 0.0, 0.0, 1.0],
                [0.999953, -0.00167, 0.001017, 0.0, 0.001015, 0.888061, 0.459808, 0.37472, -0.001671, -0.459829, 0.888015, -0.0, 0.0, 0.0, 0.0, 1.0],
                [0.999953, -0.001685, 0.000991, -0.0, 0.000989, 0.873213, 0.487414, 0.37472, -0.001687, -0.487438, 0.873166, -0.0, 0.0, 0.0, 0.0, 1.0],
                [0.999952, -0.001704, 0.000959, 0.0, 0.000957, 0.854102, 0.520175, 0.37472, -0.001705, -0.520203, 0.854053, 0.0, 0.0, 0.0, 0.0, 1.0],
                [0.999952, -0.00172, 0.00093, -0.0, 0.000928, 0.836427, 0.548141, 0.37472, -0.00172, -0.548172, 0.836377, -0.0, 0.0, 0.0, 0.0, 1.0],
                [0.999952, -0.001704, 0.000958, 0.0, 0.000957, 0.854102, 0.520175, 0.37472, -0.001705, -0.520203, 0.854053, 0.0, 0.0, 0.0, 0.0, 1.0],
                [0.999953, -0.001745, 0.000883, -0.0, 0.000881, 0.805013, 0.593311, 0.37472, -0.001746, -0.593348, 0.804961, -0.0, 0.0, 0.0, 0.0, 1.0],
                [0.999952, -0.001798, 0.000769, -0.0, 0.000766, 0.722194, 0.691725, 0.37472, -0.001799, -0.691777, 0.722139, 0.0, 0.0, 0.0, 0.0, 1.0],
                [0.999953, -0.001856, 0.000616, 0.0, 0.000614, 0.597339, 0.802001, 0.37472, -0.001857, -0.802075, 0.597282, 0.0, 0.0, 0.0, 0.0, 1.0],
                [0.999953, -0.001914, 0.000402, -0.0, 0.0004, 0.401239, 0.915957, 0.37472, -0.001914, -0.916058, 0.401194, 0.0, 0.0, 0.0, 0.0, 1.0],
                [0.999952, -0.001947, 0.00018, -0.0, 0.000179, 0.183228, 0.983034, 0.37472, -0.001947, -0.983157, 0.183204, -0.0, 0.0, 0.0, 0.0, 1.0],
                [0.999952, -0.001956, 7e-06, -0.0, 6e-06, 0.006824, 0.999935, 0.37472, -0.001955, -1.000063, 0.006823, -0.0, 0.0, 0.0, 0.0, 1.0],
                [0.999952, -0.001953, -0.00011, 0.0, -0.000111, -0.112895, 0.993568, 0.37472, -0.001952, -0.993692, -0.112881, -0.0, 0.0, 0.0, 0.0, 1.0],
                [0.999953, -0.001949, -0.000163, -0.0, -0.000165, -0.167256, 0.985877, 0.37472, -0.001949, -0.985998, -0.167235, -0.0, 0.0, 0.0, 0.0, 1.0],
                [0.999953, -0.001954, -8.4e-05, -0.0, -8.6e-05, -0.08694, 0.996173, 0.37472, -0.001953, -0.9963, -0.086928, 0.0, 0.0, 0.0, 0.0, 1.0],
                [0.999953, -0.001954, 8.2e-05, 0.0, 8.1e-05, 0.0832, 0.996493, 0.37472, -0.001954, -0.996618, 0.083189, -0.0, 0.0, 0.0, 0.0, 1.0],
                [0.999953, -0.001943, 0.000221, 0.0, 0.00022, 0.224205, 0.974508, 0.37472, -0.001943, -0.974627, 0.224177, -0.0, 0.0, 0.0, 0.0, 1.0],
                [0.999952, -0.001934, 0.000285, 0.0, 0.000284, 0.288236, 0.957531, 0.37472, -0.001934, -0.957645, 0.288201, -0.0, 0.0, 0.0, 0.0, 1.0],
                [0.999951, -0.001926, 0.000346, 0.0, 0.000345, 0.348072, 0.937445, 0.37472, -0.001926, -0.937555, 0.34803, 0.0, 0.0, 0.0, 0.0, 1.0],
                [0.999952, -0.001912, 0.000407, 0.0, 0.000405, 0.40652, 0.913626, 0.37472, -0.001913, -0.913727, 0.406474, -0.0, 0.0, 0.0, 0.0, 1.0],
                [0.999952, -0.001901, 0.000463, 0.0, 0.000462, 0.459376, 0.888233, 0.37472, -0.001901, -0.888327, 0.459326, 0.0, 0.0, 0.0, 0.0, 1.0],
                [0.999953, -0.001885, 0.000519, -0.0, 0.000517, 0.510651, 0.859786, 0.37472, -0.001886, -0.859873, 0.510599, 0.0, 0.0, 0.0, 0.0, 1.0],
                [0.999952, -0.001871, 0.000571, -0.0, 0.000569, 0.557317, 0.830305, 0.37472, -0.001872, -0.830385, 0.557262, -0.0, 0.0, 0.0, 0.0, 1.0],
                [0.999952, -0.001854, 0.000622, 0.0, 0.00062, 0.602284, 0.798295, 0.37472, -0.001854, -0.798368, 0.602227, 0.0, 0.0, 0.0, 0.0, 1.0],
                [0.999953, -0.001837, 0.000672, -0.0, 0.00067, 0.644572, 0.764564, 0.37472, -0.001838, -0.764629, 0.644515, 0.0, 0.0, 0.0, 0.0, 1.0],
                [0.999952, -0.001818, 0.000721, 0.0, 0.00072, 0.684975, 0.728595, 0.37472, -0.001818, -0.728654, 0.684918, 0.0, 0.0, 0.0, 0.0, 1.0],
                [1.000002, 0.001608, -0.001109, 0.0, -0.00111, 0.934967, 0.354727, 0.37472, 0.001607, -0.354724, 0.934969, -0.0, 0.0, 0.0, 0.0, 1.0]
            ]
        },
        {
            "name": "Knee_R",
            "time": [0.0, 3.0],
            "transform": [
                [1.0, 0.0, -0.0, -0.0, -0.0, 1e-06, -1.0, 0.37472, -0.0, 1.0, 1e-06, 0.0, 0.0, 0.0, 0.0, 1.0],
                [1.0, 0.0, -0.0, 0.0, -0.0, 1e-06, -1.0, 0.37472, -0.0, 1.0, 1e-06, -0.0, 0.0, 0.0, 0.0, 1.0]
            ]
        },
        {
            "name": "Thigh_L",
            "time": [0.0, 0.0333, 0.0667, 0.1, 0.1333, 0.1667, 0.2, 0.2333, 0.2667, 0.3, 0.3333, 0.4333, 0.5667, 0.7, 0.7333, 0.7667, 0.8, 0.8333, 0.8667, 0.9, 0.9333, 0.9667, 1.0, 1.0333, 1.0667, 1.1, 1.1333, 1.1667, 1.2, 1.2333, 1.2667, 1.3, 1.3333, 1.3667, 1.4, 1.4333, 1.4667, 1.5, 1.5333, 1.5667, 1.6, 1.6333, 1.6667, 1.7, 1.7333, 1.7667, 1.8, 1.8333, 1.8667, 1.9, 1.9333, 1.9667, 2.0, 2.0333, 2.0667, 2.1, 2.1333, 2.1667, 2.2, 2.2667, 2.3, 2.3667, 3.0],
            "transform": [
                [0.631516, -0.734467, 0.24852, 0.022605, -0.751295, -0.500587, 0.430044, 0.204849, -0.191427, -0.458338, -0.867929, 0.150458, 0.0, 0.0, 0.0, 1.0],
                [0.832032, -0.524762, 0.179858, 0.037388, -0.491967, -0.54823, 0.676323, 0.225375, -0.256305, -0.651206, -0.714311, 0.168636, 0.0, 0.0, 0.0, 1.0],
                [0.843144, -0.499264, 0.199611, 0.03127, -0.481428, -0.53565, 0.693763, 0.218254, -0.239449, -0.68104, -0.69199, 0.169719, 0.0, 0.0, 0.0, 1.0],
                [0.854325, -0.473716, 0.213829, 0.025151, -0.46899, -0.525327, 0.709987, 0.211133, -0.224001, -0.706843, -0.670968, 0.170803, 0.0, 0.0, 0.0, 1.0],
                [0.869277, -0.441061, 0.223212, 0.019032, -0.451156, -0.523331, 0.7229, 0.204012, -0.202028, -0.729104, -0.653907, 0.171886, 0.0, 0.0, 0.0, 1.0],
                [0.891291, -0.393301, 0.225644, 0.012913, -0.420606, -0.531235, 0.735446, 0.19689, -0.169381, -0.750404, -0.63891, 0.172969, 0.0, 0.0, 0.0, 1.0],
                [0.906926, -0.354553, 0.227546, 0.006794, -0.400381, -0.557343, 0.727368, 0.189769, -0.131069, -0.750774, -0.647426, 0.174052, 0.0, 0.0, 0.0, 1.0],
                [0.901491, -0.368162, 0.227533, 0.000676, -0.419936, -0.616859, 0.665688, 0.182648, -0.104724, -0.695661, -0.710697, 0.175136, 0.0, 0.0, 0.0, 1.0],
                [0.893746, -0.376325, 0.244128, -0.005443, -0.443769, -0.66233, 0.603646, 0.175527, -0.065474, -0.647843, -0.758956, 0.176219, 0.0, 0.0, 0.0, 1.0],
                [0.887468, -0.364692, 0.281779, -0.011562, -0.460724, -0.686822, 0.562148, 0.168406, -0.011479, -0.628712, -0.777555, 0.177302, 0.0, 0.0, 0.0, 1.0],
                [0.825603, -0.344597, -0.446802, -0.017681, 0.086825, -0.704834, 0.70404, 0.161285, -0.55753, -0.620053, -0.551994, 0.178386, 0.0, 0.0, 0.0, 1.0],
                [0.914391, -0.348101, -0.206674, -0.010271, -0.163827, -0.785031, 0.597402, 0.123995, -0.3702, -0.512401, -0.774853, 0.172869, 0.0, 0.0, 0.0, 1.0],
                [0.874518, -0.220586, -0.431926, 0.027479, 0.025135, -0.868773, 0.494574, 0.077433, -0.484341, -0.443371, -0.754213, 0.211204, 0.0, 0.0, 0.0, 1.0],
                [0.721452, -0.648689, -0.242301, 0.006986, -0.132527, -0.47279, 0.871153, 0.069437, -0.679664, -0.596384, -0.427064, 0.195614, 0.0, 0.0, 0.0, 1.0],
                [0.695861, -0.714963, -0.06787, 0.001862, -0.259362, -0.338304, 0.90459, 0.067438, -0.669708, -0.611866, -0.420847, 0.191717, 0.0, 0.0, 0.0, 1.0],
                [0.432316, -0.900982, -0.036531, -0.005999, -0.579304, -0.308555, 0.754455, 0.042005, -0.691023, -0.304999, -0.655336, 0.146386, 0.0, 0.0, 0.0, 1.0],
                [0.359821, -0.931011, 0.061224, -0.01386, -0.781654, -0.264965, 0.564636, 0.016573, -0.50946, -0.251023, -0.823067, 0.101056, 0.0, 0.0, 0.0, 1.0],
                [0.36735, -0.926722, 0.078992, -0.021722, -0.845831, -0.297544, 0.442763, -0.00886, -0.386815, -0.229462, -0.893153, 0.055725, 0.0, 0.0, 0.0, 1.0],
                [0.416318, -0.907772, 0.051277, -0.029583, -0.848708, -0.367761, 0.380065, -0.034293, -0.326154, -0.201746, -0.923538, 0.010394, 0.0, 0.0, 0.0, 1.0],
                [0.476117, -0.879297, 0.012219, -0.037444, -0.828517, -0.443876, 0.341372, -0.059725, -0.294744, -0.172656, -0.939849, -0.034936, 0.0, 0.0, 0.0, 1.0],
                [0.530834, -0.847112, -0.024838, -0.045305, -0.796464, -0.50868, 0.326946, -0.085157, -0.289594, -0.153771, -0.944717, -0.080267, 0.0, 0.0, 0.0, 1.0],
                [0.564626, -0.82376, -0.051161, -0.046781, -0.769018, -0.547586, 0.329791, -0.082411, -0.299684, -0.146864, -0.942667, -0.083523, 0.0, 0.0, 0.0, 1.0],
                [0.580426, -0.812084, -0.060201, -0.048258, -0.752511, -0.563157, 0.341442, -0.079664, -0.311183, -0.152879, -0.937973, -0.086779, 0.0, 0.0, 0.0, 1.0],
                [0.584736, -0.809348, -0.055135, -0.049734, -0.744689, -0.562491, 0.359225, -0.076917, -0.321752, -0.168993, -0.931621, -0.090035, 0.0, 0.0, 0.0, 1.0],
                [0.588005, -0.807491, -0.047001, -0.05121, -0.740262, -0.560647, 0.371063, -0.07417, -0.325981, -0.183393, -0.927418, -0.093291, 0.0, 0.0, 0.0, 1.0],
                [0.58841, -0.807777, -0.035637, -0.052686, -0.738029, -0.554561, 0.384417, -0.071423, -0.330287, -0.199893, -0.922471, -0.096547, 0.0, 0.0, 0.0, 1.0],
                [0.588973, -0.80779, -0.024218, -0.054163, -0.735696, -0.548327, 0.397606, -0.068677, -0.334461, -0.216362, -0.917237, -0.099802, 0.0, 0.0, 0.0, 1.0],
                [0.588494, -0.808441, -0.009915, -0.055639, -0.734507, -0.539718, 0.411346, -0.06593, -0.337901, -0.234791, -0.911426, -0.103058, 0.0, 0.0, 0.0, 1.0],
