{
    "animation": [
        {
            "name": "Root",
            "time": [0.0, 0.1333, 0.1667, 0.2, 0.2333, 0.2667, 0.3, 0.3333, 0.3667, 0.4, 0.4333, 0.4667, 0.5, 0.5333, 0.5667, 0.6, 0.6333, 0.6667, 0.7, 0.7333, 0.7667, 0.8, 0.8333, 0.8667, 0.9, 0.9333, 0.9667, 1.0, 1.0333, 1.0667, 1.1, 1.1333, 1.1667, 1.2, 1.2333, 1.2667, 1.3, 1.3333, 1.3667, 1.4, 1.4333, 1.4667, 1.5, 1.5333, 1.5667, 1.6, 1.6333, 1.6667, 1.7, 1.7333, 1.7667, 1.8, 1.8333, 1.8667, 1.9, 1.9333, 1.9667, 2.0, 2.0333, 2.0667, 2.1, 2.1333, 2.1667, 2.2, 2.2333, 2.2667, 2.3, 2.3333, 2.3667, 2.4, 2.4333, 2.4667, 2.5, 2.5333, 2.5667, 2.6, 2.6333, 2.6667, 2.7, 2.7333, 2.7667, 2.8, 2.8333, 2.8667, 2.9, 2.9333, 2.9667, 3.0, 3.0333, 3.0667, 3.1, 3.1333, 3.1667, 3.2, 3.2333, 3.2667, 3.3, 3.3333, 3.3667, 3.4, 3.4333, 3.4667, 3.5, 3.5333, 3.5667, 3.6, 3.6333, 3.6667, 3.7, 4.2],
            "transform": [
                [0.907198, 0.000421, -0.420704, -0.362378, -0.420638, 0.018703, -0.907037, -0.167926, 0.007487, 0.999825, 0.017144, 0.677598, 0.0, 0.0, 0.0, 1.0],
                [0.543918, 0.000933, -0.839139, -0.493318, -0.839004, 0.018512, -0.543811, -0.157893, 0.015026, 0.999828, 0.010852, 0.660952, 0.0, 0.0, 0.0, 1.0],
                [0.308445, 0.001149, -0.951243, -0.518893, -0.951088, 0.018375, -0.308373, -0.220239, 0.017125, 0.999831, 0.006761, 0.618109, 0.0, 0.0, 0.0, 1.0],
                [0.145387, 0.001277, -0.989376, -0.5458, -0.989213, 0.018274, -0.14534, -0.285903, 0.017894, 0.999832, 0.00392, 0.539001, 0.0, 0.0, 0.0, 1.0],
                [0.050418, 0.001346, -0.998729, -0.574251, -0.998563, 0.018211, -0.050386, -0.355257, 0.01812, 0.999833, 0.002262, 0.42992, 0.0, 0.0, 0.0, 1.0],
                [0.0, 0.001382, -1.0, -0.601089, -0.999835, 0.018176, 2.5e-05, -0.421306, 0.018176, 0.999834, 0.001381, 0.312209, 0.0, 0.0, 0.0, 1.0],
                [-0.023488, 0.001398, -0.999725, -0.623175, -0.999558, 0.01816, 0.023509, -0.477076, 0.018188, 0.999834, 0.000971, 0.207226, 0.0, 0.0, 0.0, 1.0],
                [-0.045588, 0.001413, -0.998961, -0.637376, -0.998794, 0.018145, 0.045606, -0.515573, 0.018191, 0.999835, 0.000584, 0.136332, 0.0, 0.0, 0.0, 1.0],
                [-0.067666, 0.001428, -0.997708, -0.642261, -0.997543, 0.018129, 0.067681, -0.529767, 0.018184, 0.999835, 0.000197, 0.107034, 0.0, 0.0, 0.0, 1.0],
                [-0.0849, 0.001439, -0.99639, -0.639915, -0.996224, 0.018116, 0.084912, -0.524319, 0.018173, 0.999835, -0.000104, 0.105093, 0.0, 0.0, 0.0, 1.0],
                [-0.09592, 0.001446, -0.995389, -0.632468, -0.995223, 0.018109, 0.09593, -0.509796, 0.018164, 0.999835, -0.000298, 0.119248, 0.0, 0.0, 0.0, 1.0],
                [-0.102114, 0.00145, -0.994773, -0.622051, -0.994607, 0.018104, 0.102124, -0.496744, 0.018157, 0.999835, -0.000406, 0.138188, 0.0, 0.0, 0.0, 1.0],
                [-0.103491, 0.001452, -0.994631, -0.610794, -0.994464, 0.018103, 0.103501, -0.495737, 0.018156, 0.999835, -0.00043, 0.150637, 0.0, 0.0, 0.0, 1.0],
                [-0.099362, 0.001449, -0.995052, -0.59646, -0.994886, 0.018106, 0.099372, -0.506216, 0.01816, 0.999835, -0.000358, 0.157113, 0.0, 0.0, 0.0, 1.0],
                [-0.092477, 0.001444, -0.995715, -0.577622, -0.995549, 0.018111, 0.092488, -0.521151, 0.018167, 0.999835, -0.000237, 0.165338, 0.0, 0.0, 0.0, 1.0],
                [-0.080076, 0.001436, -0.996789, -0.557649, -0.996623, 0.01812, 0.080089, -0.541366, 0.018177, 0.999835, -2e-05, 0.173669, 0.0, 0.0, 0.0, 1.0],
                [-0.06284, 0.001424, -0.998024, -0.539902, -0.997858, 0.018133, 0.062856, -0.567675, 0.018186, 0.999835, 0.000282, 0.182121, 0.0, 0.0, 0.0, 1.0],
                [-0.045585, 0.001413, -0.998961, -0.527736, -0.998794, 0.018145, 0.045603, -0.600889, 0.01819, 0.999835, 0.000584, 0.190712, 0.0, 0.0, 0.0, 1.0],
                [-0.008981, 0.001388, -0.99996, -0.522517, -0.999794, 0.01817, 0.009005, -0.652236, 0.018182, 0.999834, 0.001224, 0.203068, 0.0, 0.0, 0.0, 1.0],
                [0.047657, 0.001348, -0.998864, -0.522, -0.998699, 0.018209, -0.047625, -0.721175, 0.018124, 0.999834, 0.002214, 0.220357, 0.0, 0.0, 0.0, 1.0],
                [0.118621, 0.001297, -0.99294, -0.524161, -0.992777, 0.018256, -0.118578, -0.790863, 0.017973, 0.999833, 0.003453, 0.234751, 0.0, 0.0, 0.0, 1.0],
                [0.1939, 0.00124, -0.981022, -0.526979, -0.980861, 0.018304, -0.193846, -0.844465, 0.017717, 0.999832, 0.004766, 0.238492, 0.0, 0.0, 0.0, 1.0],
                [0.260933, 0.001188, -0.965357, -0.528417, -0.9652, 0.018346, -0.260869, -0.865164, 0.017401, 0.999831, 0.005934, 0.223754, 0.0, 0.0, 0.0, 1.0],
                [0.323221, 0.001137, -0.946324, -0.529191, -0.94617, 0.018385, -0.323147, -0.858486, 0.017031, 0.99983, 0.007019, 0.147649, 0.0, 0.0, 0.0, 1.0],
                [0.384138, 0.001084, -0.923276, -0.529883, -0.923127, 0.01842, -0.384055, -0.791544, 0.016591, 0.99983, 0.008077, 0.034714, 0.0, 0.0, 0.0, 1.0],
                [0.436963, 0.001037, -0.89948, -0.528266, -0.899334, 0.018451, -0.436873, -0.589811, 0.016144, 0.999829, 0.008995, -0.021709, 0.0, 0.0, 0.0, 1.0],
                [0.473656, 0.001003, -0.88071, -0.523345, -0.880568, 0.018472, -0.47356, -0.203391, 0.015794, 0.999829, 0.009632, 0.031019, 0.0, 0.0, 0.0, 1.0],
                [0.494881, 0.000982, -0.868961, -0.516129, -0.868821, 0.018484, -0.494782, 0.31784, 0.015576, 0.999829, 0.010001, 0.140291, 0.0, 0.0, 0.0, 1.0],
                [0.496744, 0.00098, -0.867898, -0.507408, -0.867758, 0.018485, -0.496644, 0.89875, 0.015556, 0.999829, 0.010033, 0.241684, 0.0, 0.0, 0.0, 1.0],
                [0.47867, 0.000998, -0.877996, -0.497378, -0.877853, 0.018475, -0.478573, 1.554691, 0.015744, 0.999829, 0.009719, 0.330278, 0.0, 0.0, 0.0, 1.0],
                [0.426739, 0.001046, -0.904375, -0.48582, -0.904229, 0.018445, -0.42665, 2.270294, 0.016235, 0.999829, 0.008817, 0.411025, 0.0, 0.0, 0.0, 1.0],
                [0.329014, 0.001132, -0.944326, -0.47364, -0.944171, 0.018388, -0.32894, 2.924316, 0.016992, 0.99983, 0.007119, 0.434227, 0.0, 0.0, 0.0, 1.0],
                [0.153607, 0.001271, -0.988132, -0.459512, -0.98797, 0.018279, -0.153559, 3.491216, 0.017867, 0.999832, 0.004063, 0.403063, 0.0, 0.0, 0.0, 1.0],
                [-0.121368, 0.001463, -0.992608, -0.444482, -0.992442, 0.01809, 0.121375, 4.03282, 0.018134, 0.999835, -0.000744, 0.355228, 0.0, 0.0, 0.0, 1.0],
                [-0.420969, 0.001647, -0.907075, -0.429339, -0.906918, 0.017846, 0.42093, 4.559011, 0.016881, 0.99984, -0.006019, 0.293, 0.0, 0.0, 0.0, 1.0],
                [-0.64385, 0.001771, -0.765151, -0.416348, -0.765012, 0.017619, 0.643776, 5.079696, 0.014622, 0.999843, -0.009989, 0.218669, 0.0, 0.0, 0.0, 1.0],
                [-0.763375, 0.001835, -0.645954, -0.404626, -0.64583, 0.017467, 0.763283, 5.604747, 0.012683, 0.999846, -0.012149, 0.276244, 0.0, 0.0, 0.0, 1.0],
                [-0.796449, 0.001852, -0.604704, -0.395979, -0.604586, 0.017418, 0.796351, 6.144016, 0.012008, 0.999847, -0.012753, 0.333819, 0.0, 0.0, 0.0, 1.0],
                [-0.650022, 0.001775, -0.759914, -0.37639, -0.759775, 0.017612, 0.649948, 6.705527, 0.014537, 0.999844, -0.0101, 0.391394, 0.0, 0.0, 0.0, 1.0],
                [0.148128, 0.001275, -0.988969, -0.351375, -0.988806, 0.018275, -0.148081, 7.281472, 0.017885, 0.999832, 0.003968, 0.221556, 0.0, 0.0, 0.0, 1.0],
                [0.856998, 0.000522, -0.515319, -0.351209, -0.515237, 0.018677, -0.856845, 7.861077, 0.009177, 0.999826, 0.016275, 0.062522, 0.0, 0.0, 0.0, 1.0],
                [0.993502, 0.000111, -0.113806, -0.404917, -0.113788, 0.018746, -0.99333, 8.420145, 0.002023, 0.999824, 0.018637, -0.033642, 0.0, 0.0, 0.0, 1.0],
                [0.954765, -0.000364, 0.297359, -0.553219, 0.297313, 0.018715, -0.954598, 8.979676, -0.005218, 0.999825, 0.017976, -0.007728, 0.0, 0.0, 0.0, 1.0],
                [0.700033, -0.000996, 0.71411, -0.78128, 0.714, 0.018476, -0.699903, 9.52352, -0.012497, 0.999829, 0.013645, 0.098054, 0.0, 0.0, 0.0, 1.0],
                [0.26519, -0.001576, 0.964197, -1.038142, 0.964048, 0.017951, -0.265121, 10.003334, -0.01689, 0.999838, 0.00628, 0.178059, 0.0, 0.0, 0.0, 1.0],
                [-0.279658, -0.001925, 0.960099, -1.355376, 0.959949, 0.017129, 0.27965, 10.407829, -0.016984, 0.999852, -0.002942, 0.193355, 0.0, 0.0, 0.0, 1.0],
                [-0.75046, -0.001857, 0.660914, -1.701059, 0.660805, 0.016185, 0.750385, 10.748436, -0.01209, 0.999867, -0.01092, 0.182887, 0.0, 0.0, 0.0, 1.0],
                [-0.940359, -0.001471, 0.34018, -1.928923, 0.340118, 0.015509, 0.940257, 11.01112, -0.006659, 0.999879, -0.014084, 0.157879, 0.0, 0.0, 0.0, 1.0],
                [-0.988896, -0.001016, 0.148609, -2.013403, 0.148577, 0.015126, 0.988787, 11.216558, -0.003252, 0.999885, -0.014807, 0.11819, 0.0, 0.0, 0.0, 1.0],
                [-0.999942, -0.000563, 0.010746, -2.040963, 0.010736, 0.014924, 0.999833, 11.394412, -0.000723, 0.999889, -0.014917, 0.063965, 0.0, 0.0, 0.0, 1.0],
                [-0.996881, -0.00019, -0.078918, -2.033561, -0.078912, 0.014851, 0.996773, 11.544042, 0.000982, 0.99989, -0.014819, 0.010305, 0.0, 0.0, 0.0, 1.0],
                [-0.992035, 5.2e-05, -0.125963, -2.01308, -0.125948, 0.014842, 0.991927, 11.664742, 0.001921, 0.99989, -0.014717, -0.032331, 0.0, 0.0, 0.0, 1.0],
                [-0.990992, 0.000131, -0.133922, -2.001394, -0.133905, 0.014846, 0.990885, 11.755869, 0.002118, 0.99989, -0.014695, -0.0504, 0.0, 0.0, 0.0, 1.0],
                [-0.995447, 9.3e-05, -0.095315, -1.997773, -0.095303, 0.014844, 0.995339, 11.820624, 0.001507, 0.99989, -0.014767, -0.04212, 0.0, 0.0, 0.0, 1.0],
                [-0.99992, 1.2e-05, -0.012658, -1.988327, -0.012657, 0.014841, 0.999811, 11.865261, 0.0002, 0.99989, -0.01484, -0.018012, 0.0, 0.0, 0.0, 1.0],
                [-0.994709, -0.0001, 0.102734, -1.975191, 0.102721, 0.014844, 0.994601, 11.893706, -0.001625, 0.99989, -0.014755, 0.016174, 0.0, 0.0, 0.0, 1.0],
                [-0.9763, -0.000213, 0.216422, -1.960496, 0.216395, 0.014853, 0.976195, 11.909903, -0.003422, 0.99989, -0.014455, 0.053996, 0.0, 0.0, 0.0, 1.0],
                [-0.948503, -0.000314, 0.316771, -1.946375, 0.316731, 0.014867, 0.9484, 11.917784, -0.005007, 0.99989, -0.014002, 0.091985, 0.0, 0.0, 0.0, 1.0],
                [-0.920893, -0.000389, 0.389814, -1.934951, 0.389765, 0.014881, 0.920796, 11.921272, -0.006159, 0.999889, -0.013552, 0.122172, 0.0, 0.0, 0.0, 1.0],
                [-0.905467, -0.000425, 0.424416, -1.928353, 0.424363, 0.014888, 0.905371, 11.924302, -0.006704, 0.999889, -0.013301, 0.139594, 0.0, 0.0, 0.0, 1.0],
                [-0.901614, -0.000434, 0.432541, -1.925277, 0.432487, 0.01489, 0.901519, 11.927069, -0.006831, 0.999889, -0.013238, 0.147123, 0.0, 0.0, 0.0, 1.0],
                [-0.901261, -0.000434, 0.433277, -1.92296, 0.433223, 0.01489, 0.901165, 11.927361, -0.006843, 0.999889, -0.013232, 0.151777, 0.0, 0.0, 0.0, 1.0],
                [-0.904423, -0.000427, 0.426638, -1.92133, 0.426584, 0.014889, 0.904326, 11.925467, -0.006739, 0.999889, -0.013283, 0.153967, 0.0, 0.0, 0.0, 1.0],
                [-0.909599, -0.000416, 0.415487, -1.920316, 0.415434, 0.014886, 0.909503, 11.921657, -0.006563, 0.999889, -0.013368, 0.153337, 0.0, 0.0, 0.0, 1.0],
                [-0.916978, -0.000398, 0.398938, -1.920081, 0.398888, 0.014882, 0.91688, 11.915594, -0.006302, 0.999889, -0.013488, 0.152751, 0.0, 0.0, 0.0, 1.0],
                [-0.926027, -0.000376, 0.377457, -1.919845, 0.377409, 0.014878, 0.925929, 11.909499, -0.005964, 0.999889, -0.013635, 0.149634, 0.0, 0.0, 0.0, 1.0],
                [-0.934574, -0.000353, 0.35577, -1.920413, 0.355726, 0.014874, 0.934474, 11.901337, -0.005622, 0.999889, -0.013775, 0.146558, 0.0, 0.0, 0.0, 1.0],
                [-0.943962, -0.000327, 0.330055, -1.920978, 0.330013, 0.014869, 0.943861, 11.89317, -0.005217, 0.99989, -0.013927, 0.143482, 0.0, 0.0, 0.0, 1.0],
                [-0.952698, -0.000301, 0.303919, -1.922177, 0.303881, 0.014864, 0.952596, 11.884085, -0.004804, 0.99989, -0.01407, 0.140404, 0.0, 0.0, 0.0, 1.0],
                [-0.960615, -0.000274, 0.277881, -1.92336, 0.277846, 0.01486, 0.960512, 11.875113, -0.004393, 0.99989, -0.014199, 0.137365, 0.0, 0.0, 0.0, 1.0],
                [-0.967862, -0.000248, 0.251481, -1.924551, 0.251449, 0.014857, 0.967758, 11.866111, -0.003976, 0.99989, -0.014317, 0.136412, 0.0, 0.0, 0.0, 1.0],
                [-0.973268, -0.000226, 0.229674, -1.925746, 0.229645, 0.014854, 0.973163, 11.857112, -0.003632, 0.99989, -0.014405, 0.132605, 0.0, 0.0, 0.0, 1.0],
                [-0.978182, -0.000204, 0.20775, -1.926984, 0.207723, 0.014852, 0.978077, 11.84952, -0.003285, 0.99989, -0.014485, 0.128798, 0.0, 0.0, 0.0, 1.0],
                [-0.981046, -0.000191, 0.193774, -1.928226, 0.19375, 0.014851, 0.98094, 11.841957, -0.003065, 0.99989, -0.014532, 0.12499, 0.0, 0.0, 0.0, 1.0],
                [-0.982409, -0.000184, 0.186741, -1.929033, 0.186717, 0.01485, 0.982303, 11.835552, -0.002954, 0.99989, -0.014554, 0.121183, 0.0, 0.0, 0.0, 1.0],
                [-0.982409, -0.000184, 0.186741, -1.929547, 0.186717, 0.01485, 0.982303, 11.829912, -0.002954, 0.99989, -0.014554, 0.117376, 0.0, 0.0, 0.0, 1.0],
                [-0.98148, -0.000188, 0.191565, -1.930227, 0.191541, 0.014851, 0.981374, 11.822735, -0.00303, 0.99989, -0.014539, 0.113569, 0.0, 0.0, 0.0, 1.0],
                [-0.980527, -0.000193, 0.196385, -1.932051, 0.19636, 0.014851, 0.980421, 11.816333, -0.003105, 0.99989, -0.014524, 0.109761, 0.0, 0.0, 0.0, 1.0],
                [-0.979551, -0.000198, 0.201199, -1.934018, 0.201174, 0.014851, 0.979445, 11.808516, -0.003182, 0.99989, -0.014508, 0.105954, 0.0, 0.0, 0.0, 1.0],
                [-0.978549, -0.000202, 0.20601, -1.939046, 0.205983, 0.014852, 0.978445, 11.800503, -0.003258, 0.99989, -0.014491, 0.102147, 0.0, 0.0, 0.0, 1.0],
                [-0.979097, -0.0002, 0.203395, -1.944193, 0.20337, 0.014852, 0.978991, 11.791202, -0.003217, 0.99989, -0.014501, 0.098339, 0.0, 0.0, 0.0, 1.0],
                [-0.981046, -0.000191, 0.193774, -1.952856, 0.19375, 0.014851, 0.98094, 11.780851, -0.003065, 0.99989, -0.014532, 0.094532, 0.0, 0.0, 0.0, 1.0],
                [-0.983896, -0.000176, 0.178743, -1.96699, 0.178721, 0.014849, 0.983789, 11.769611, -0.002827, 0.99989, -0.014579, 0.090725, 0.0, 0.0, 0.0, 1.0],
                [-0.986532, -0.000161, 0.163569, -1.987427, 0.163548, 0.014848, 0.986426, 11.757637, -0.002587, 0.99989, -0.014622, 0.086918, 0.0, 0.0, 0.0, 1.0],
                [-0.989258, -0.000143, 0.146181, -2.010964, 0.146163, 0.014846, 0.989151, 11.744579, -0.002312, 0.99989, -0.014666, 0.08311, 0.0, 0.0, 0.0, 1.0],
                [-0.991691, -0.000126, 0.128643, -2.03473, 0.128627, 0.014845, 0.991584, 11.730636, -0.002035, 0.99989, -0.014706, 0.079303, 0.0, 0.0, 0.0, 1.0],
                [-0.993813, -0.000109, 0.111065, -2.056068, 0.111051, 0.014845, 0.993706, 11.709704, -0.001757, 0.99989, -0.014741, 0.075496, 0.0, 0.0, 0.0, 1.0],
                [-0.995623, -9.1e-05, 0.093455, -2.072055, 0.093443, 0.014844, 0.995516, 11.696876, -0.001478, 0.99989, -0.01477, 0.087709, 0.0, 0.0, 0.0, 1.0],
                [-0.99731, -7.2e-05, 0.073294, -2.079681, 0.073285, 0.014842, 0.997202, 11.676656, -0.00116, 0.99989, -0.014797, 0.099922, 0.0, 0.0, 0.0, 1.0],
                [-0.998589, -5.2e-05, 0.0531, -2.079418, 0.053093, 0.014842, 0.998481, 11.653215, -0.00084, 0.99989, -0.014818, 0.112135, 0.0, 0.0, 0.0, 1.0],
                [-0.999459, -3.2e-05, 0.032884, -2.074374, 0.03288, 0.014841, 0.999351, 11.626532, -0.00052, 0.99989, -0.014832, 0.124348, 0.0, 0.0, 0.0, 1.0],
                [-0.99992, -1.3e-05, 0.012658, -2.065665, 0.012656, 0.014842, 0.999811, 11.597631, -0.0002, 0.99989, -0.01484, 0.136561, 0.0, 0.0, 0.0, 1.0],
                [-0.99994, 1e-05, -0.010855, -2.054385, -0.010854, 0.014841, 0.999833, 11.567451, 0.000172, 0.99989, -0.01484, 0.148774, 0.0, 0.0, 0.0, 1.0],
                [-0.999409, 3.4e-05, -0.03437, -2.041494, -0.034366, 0.014841, 0.999301, 11.537368, 0.000544, 0.99989, -0.014831, 0.160988, 0.0, 0.0, 0.0, 1.0],
                [-0.998325, 5.7e-05, -0.057865, -2.028598, -0.057858, 0.014842, 0.998216, 11.507282, 0.000915, 0.99989, -0.014814, 0.173201, 0.0, 0.0, 0.0, 1.0],
                [-0.996688, 8e-05, -0.081321, -2.016309, -0.081311, 0.014843, 0.99658, 11.479263, 0.001286, 0.99989, -0.014787, 0.185414, 0.0, 0.0, 0.0, 1.0],
                [-0.994577, 0.000102, -0.104004, -2.00595, -0.103991, 0.014844, 0.994469, 11.448092, 0.001645, 0.99989, -0.014753, 0.197627, 0.0, 0.0, 0.0, 1.0],
                [-0.991949, 0.000124, -0.126639, -1.998509, -0.126623, 0.014845, 0.991841, 11.432269, 0.002003, 0.99989, -0.01471, 0.207431, 0.0, 0.0, 0.0, 1.0],
                [-0.988784, 0.000146, -0.149347, -1.995222, -0.149329, 0.014847, 0.988678, 11.415184, 0.002362, 0.99989, -0.014658, 0.217236, 0.0, 0.0, 0.0, 1.0],
                [-0.98515, 0.000168, -0.171693, -1.995142, -0.171672, 0.014849, 0.985044, 11.401825, 0.002715, 0.99989, -0.014599, 0.22704, 0.0, 0.0, 0.0, 1.0],
                [-0.980289, 0.000194, -0.19757, -1.996491, -0.197545, 0.01485, 0.980183, 11.390073, 0.003124, 0.99989, -0.014519, 0.236844, 0.0, 0.0, 0.0, 1.0],
                [-0.974743, 0.00022, -0.223332, -1.999651, -0.223303, 0.014852, 0.974637, 11.380217, 0.003531, 0.99989, -0.014428, 0.256613, 0.0, 0.0, 0.0, 1.0],
                [-0.968516, 0.000245, -0.248951, -2.002739, -0.24892, 0.014855, 0.968412, 11.371037, 0.003936, 0.99989, -0.014326, 0.273925, 0.0, 0.0, 0.0, 1.0],
                [-0.961615, 0.000271, -0.274403, -2.00764, -0.274368, 0.014858, 0.961512, 11.363507, 0.004338, 0.99989, -0.014214, 0.289084, 0.0, 0.0, 0.0, 1.0],
                [-0.954046, 0.000296, -0.299659, -2.012451, -0.299621, 0.014862, 0.953944, 11.356817, 0.004736, 0.99989, -0.014091, 0.301663, 0.0, 0.0, 0.0, 1.0],
                [-0.945819, 0.000322, -0.324694, -2.018327, -0.324653, 0.014867, 0.945718, 11.350976, 0.005131, 0.99989, -0.013957, 0.314225, 0.0, 0.0, 0.0, 1.0],
                [-0.936943, 0.000347, -0.349481, -2.024095, -0.349437, 0.014872, 0.936843, 11.346169, 0.005523, 0.999889, -0.013813, 0.324404, 0.0, 0.0, 0.0, 1.0],
                [-0.928369, 0.000369, -0.371658, -2.030192, -0.371611, 0.014876, 0.928271, 11.341359, 0.005872, 0.999889, -0.013674, 0.334583, 0.0, 0.0, 0.0, 1.0],
                [-0.919272, 0.000392, -0.393624, -2.036162, -0.393574, 0.014881, 0.919174, 11.33777, 0.006218, 0.999889, -0.013525, 0.343706, 0.0, 0.0, 0.0, 1.0],
                [-0.93674, -0.001112, 0.350024, -2.050115, 0.349968, 0.015188, 0.93664, 11.29911, -0.006358, 0.999884, -0.013839, 0.473882, 0.0, 0.0, 0.0, 1.0]
            ]
        },
        {
            "name": "Thigh_R",
            "time": [0.0, 0.1333, 0.1667, 0.2, 0.2333, 0.2667, 0.3, 0.3333, 0.3667, 0.4, 0.4333, 0.4667, 0.5, 0.5333, 0.5667, 0.6, 0.6333, 0.6667, 0.7, 0.7333, 0.7667, 0.8, 0.8333, 0.8667, 0.9, 0.9333, 0.9667, 1.0, 1.0333, 1.0667, 1.1, 1.1333, 1.1667, 1.2, 1.2333, 1.2667, 1.3, 1.3333, 1.3667, 1.4, 1.4333, 1.4667, 1.5, 1.5333, 1.5667, 1.6, 1.6333, 1.6667, 1.7, 1.7333, 1.7667, 1.8, 1.8333, 1.8667, 1.9, 1.9333, 1.9667, 2.0, 2.0333, 2.0667, 2.1, 2.1333, 2.1667, 2.2, 2.2333, 2.2667, 2.3, 2.3333, 2.3667, 2.4, 2.4333, 2.4667, 2.5, 2.5333, 2.5667, 2.6, 2.6333, 2.6667, 2.7, 2.7333, 2.7667, 2.8, 2.8333, 2.8667, 2.9, 2.9333, 2.9667, 3.0, 3.0333, 3.0667, 3.1, 3.1333, 3.1667, 3.2, 3.2333, 3.2667, 3.3, 3.3333, 3.3667, 3.4, 3.4333, 3.4667, 3.5, 3.5333, 3.5667, 3.6, 3.6333, 3.6667, 3.7, 4.2],
            "transform": [
                [0.945483, 0.067158, 0.318674, 0.133847, 0.064694, -0.997738, 0.018325, 0.001085, 0.319184, 0.00329, -0.947688, 0.043038, 0.0, 0.0, 0.0, 1.0],
                [0.993875, 0.06156, -0.091774, 0.150429, 0.107586, -0.728731, 0.676296, -0.013298, -0.025246, -0.682027, -0.730892, 0.000761, 0.0, 0.0, 0.0, 1.0],
                [0.981255, -0.023653, -0.191257, 0.150429, 0.142353, -0.580002, 0.802081, -0.013298, -0.129901, -0.814271, -0.565764, 0.000761, 0.0, 0.0, 0.0, 1.0],
                [0.960118, -0.112004, -0.256179, 0.150429, 0.192444, -0.399945, 0.896109, -0.013298, -0.202825, -0.909669, -0.362441, 0.000761, 0.0, 0.0, 0.0, 1.0],
                [0.928118, -0.20768, -0.308976, 0.150429, 0.275337, -0.175679, 0.945161, -0.013298, -0.250571, -0.962291, -0.10587, 0.000761, 0.0, 0.0, 0.0, 1.0],
                [0.884518, -0.289039, -0.366177, 0.150429, 0.394869, 0.045908, 0.917591, -0.013298, -0.24841, -0.956214, 0.154739, 0.000761, 0.0, 0.0, 0.0, 1.0],
                [0.83686, -0.323682, -0.44147, 0.150429, 0.5159, 0.196646, 0.833774, -0.013298, -0.183065, -0.925504, 0.331554, 0.000761, 0.0, 0.0, 0.0, 1.0],
                [0.800319, -0.27918, -0.530611, 0.150429, 0.59364, 0.244759, 0.766607, -0.013298, -0.08415, -0.92852, 0.361618, 0.000761, 0.0, 0.0, 0.0, 1.0],
                [0.830229, -0.014688, -0.55723, 0.150429, 0.557065, 0.057711, 0.828463, -0.013298, 0.019989, -0.998224, 0.056095, 0.000761, 0.0, 0.0, 0.0, 1.0],
                [0.852221, 0.227948, -0.470912, 0.150428, 0.511308, -0.172211, 0.841968, -0.013298, 0.110829, -0.958321, -0.263315, 0.000761, 0.0, 0.0, 0.0, 1.0],
                [0.850883, 0.259453, -0.456818, 0.150429, 0.509053, -0.192239, 0.838994, -0.013298, 0.129861, -0.946428, -0.295649, 0.000761, 0.0, 0.0, 0.0, 1.0],
                [0.849313, 0.287906, -0.442468, 0.150429, 0.508295, -0.219768, 0.83267, -0.013298, 0.14249, -0.932099, -0.332995, 0.000761, 0.0, 0.0, 0.0, 1.0],
                [0.851756, 0.298696, -0.430455, 0.150429, 0.503336, -0.238372, 0.830561, -0.013298, 0.145476, -0.924098, -0.353381, 0.000761, 0.0, 0.0, 0.0, 1.0],
                [0.857485, 0.294489, -0.421896, 0.150429, 0.495254, -0.2502, 0.83194, -0.013298, 0.139438, -0.92232, -0.360391, 0.000761, 0.0, 0.0, 0.0, 1.0],
                [0.864606, 0.288267, -0.411532, 0.150429, 0.485246, -0.266559, 0.832757, -0.013299, 0.130359, -0.919699, -0.37035, 0.000761, 0.0, 0.0, 0.0, 1.0],
                [0.874889, 0.269492, -0.40242, 0.150429, 0.471443, -0.283534, 0.835076, -0.013298, 0.110946, -0.920316, -0.375112, 0.000761, 0.0, 0.0, 0.0, 1.0],
                [0.887291, 0.259141, -0.381524, 0.150429, 0.450747, -0.312038, 0.836338, -0.013298, 0.097679, -0.914043, -0.393677, 0.000761, 0.0, 0.0, 0.0, 1.0],
                [0.904088, 0.233996, -0.357589, 0.150429, 0.420278, -0.335301, 0.843173, -0.013298, 0.077399, -0.912588, -0.401487, 0.000761, 0.0, 0.0, 0.0, 1.0],
                [0.928224, 0.196543, -0.315866, 0.150429, 0.368204, -0.364026, 0.855518, -0.013298, 0.053163, -0.910413, -0.410267, 0.000761, 0.0, 0.0, 0.0, 1.0],
                [0.956156, 0.142809, -0.255676, 0.150429, 0.292195, -0.406574, 0.865633, -0.013298, 0.019669, -0.902386, -0.430478, 0.000761, 0.0, 0.0, 0.0, 1.0],
                [0.976174, 0.085343, -0.199504, 0.150429, 0.216535, -0.44272, 0.870122, -0.013298, -0.014065, -0.892587, -0.450653, 0.000761, 0.0, 0.0, 0.0, 1.0],
                [0.985559, 0.034958, -0.165688, 0.150429, 0.162841, -0.464038, 0.87072, -0.013298, -0.046447, -0.885124, -0.463031, 0.000761, 0.0, 0.0, 0.0, 1.0],
                [0.985693, 0.011837, -0.168133, 0.150429, 0.154149, -0.466743, 0.870856, -0.013298, -0.068167, -0.884313, -0.461891, 0.000761, 0.0, 0.0, 0.0, 1.0],
                [0.976341, 0.001718, -0.216232, 0.150428, 0.198, -0.409061, 0.890768, -0.013298, -0.086922, -0.912504, -0.399725, 0.000761, 0.0, 0.0, 0.0, 1.0],
                [0.931509, 0.06372, -0.358095, 0.150429, 0.355899, -0.362741, 0.861252, -0.013298, -0.075017, -0.929707, -0.360576, 0.000761, 0.0, 0.0, 0.0, 1.0],
                [0.761732, 0.328076, -0.558687, 0.150429, 0.642929, -0.489293, 0.589265, -0.013298, -0.080038, -0.808057, -0.583641, 0.000761, 0.0, 0.0, 0.0, 1.0],
                [0.702741, 0.424978, -0.570569, 0.150429, 0.694685, -0.582946, 0.42141, -0.013298, -0.153521, -0.692506, -0.704888, 0.000761, 0.0, 0.0, 0.0, 1.0],
                [0.682169, 0.494403, -0.538712, 0.150429, 0.694622, -0.668273, 0.26629, -0.013298, -0.228353, -0.555856, -0.7993, 0.000761, 0.0, 0.0, 0.0, 1.0],
                [0.671654, 0.508973, -0.538355, 0.150429, 0.680601, -0.710962, 0.176961, -0.013299, -0.292682, -0.485261, -0.82393, 0.000761, 0.0, 0.0, 0.0, 1.0],
                [0.640157, 0.558733, -0.527273, 0.150429, 0.677059, -0.73464, 0.043538, -0.013298, -0.36303, -0.384865, -0.84858, 0.000761, 0.0, 0.0, 0.0, 1.0],
                [0.575749, 0.679735, -0.454393, 0.150428, 0.6834, -0.705166, -0.188956, -0.013298, -0.448863, -0.20174, -0.870531, 0.00076, 0.0, 0.0, 0.0, 1.0],
                [0.470172, 0.796107, -0.380988, 0.150428, 0.695182, -0.600012, -0.395862, -0.013299, -0.543745, -0.078732, -0.835549, 0.000761, 0.0, 0.0, 0.0, 1.0],
                [0.285208, 0.850408, -0.442111, 0.150428, 0.694404, -0.501279, -0.516258, -0.013299, -0.66065, -0.159763, -0.733497, 0.000761, 0.0, 0.0, 0.0, 1.0],
                [-0.013026, 0.834593, -0.550712, 0.150429, 0.658521, -0.407292, -0.632822, -0.013299, -0.752449, -0.370898, -0.544293, 0.000761, 0.0, 0.0, 0.0, 1.0],
                [-0.35155, 0.756222, -0.551852, 0.150428, 0.59315, -0.276133, -0.756257, -0.013298, -0.724282, -0.593192, -0.351479, 0.000761, 0.0, 0.0, 0.0, 1.0],
                [-0.619977, 0.640875, -0.452666, 0.15043, 0.518355, -0.098545, -0.84947, -0.013299, -0.58901, -0.761293, -0.271106, 0.000761, 0.0, 0.0, 0.0, 1.0],
                [-0.802755, 0.50123, -0.323035, 0.150428, 0.449179, 0.151978, -0.880422, -0.013298, -0.392199, -0.851862, -0.347145, 0.000762, 0.0, 0.0, 0.0, 1.0],
                [-0.885741, 0.323121, -0.333248, 0.150428, 0.401818, 0.174319, -0.898976, -0.013299, -0.232387, -0.930163, -0.284238, 0.000761, 0.0, 0.0, 0.0, 1.0],
                [-0.826485, 0.358452, -0.43409, 0.150427, 0.449647, -0.043633, -0.892142, -0.013298, -0.338731, -0.932526, -0.125115, 0.000761, 0.0, 0.0, 0.0, 1.0],
                [-0.410076, 0.683404, -0.603984, 0.150429, 0.550006, -0.342963, -0.761492, -0.013298, -0.727551, -0.644463, -0.235236, 0.000761, 0.0, 0.0, 0.0, 1.0],
                [0.167373, 0.832257, -0.52852, 0.150427, 0.737143, -0.461624, -0.49348, -0.013299, -0.65468, -0.306999, -0.690758, 0.000762, 0.0, 0.0, 0.0, 1.0],
                [0.403742, 0.91457, 0.023542, 0.150428, 0.86404, -0.372724, -0.338395, -0.013299, -0.300711, 0.156965, -0.94071, 0.000758, 0.0, 0.0, 0.0, 1.0],
                [0.40675, 0.87489, 0.262911, 0.15043, 0.909656, -0.414392, -0.02836, -0.013298, 0.084136, 0.250694, -0.964404, 0.000757, 0.0, 0.0, 0.0, 1.0],
                [0.323949, 0.829698, 0.454595, 0.150431, 0.865239, -0.45417, 0.212346, -0.013298, 0.382646, 0.324544, -0.865016, 0.000761, 0.0, 0.0, 0.0, 1.0],
                [0.272144, 0.809949, 0.519538, 0.150427, 0.801767, -0.489408, 0.342999, -0.013298, 0.532077, 0.323203, -0.782582, 0.00076, 0.0, 0.0, 0.0, 1.0],
                [0.283751, 0.814659, 0.505782, 0.15043, 0.785829, -0.499826, 0.364207, -0.013298, 0.549507, 0.294113, -0.782011, 0.00076, 0.0, 0.0, 0.0, 1.0],
                [0.356111, 0.7136, 0.603291, 0.150428, 0.849516, -0.51616, 0.109085, -0.013298, 0.389237, 0.473659, -0.790027, 0.000759, 0.0, 0.0, 0.0, 1.0],
                [0.426392, 0.498774, 0.754596, 0.15043, 0.865455, -0.46753, -0.180005, -0.013299, 0.263014, 0.729821, -0.631019, 0.000761, 0.0, 0.0, 0.0, 1.0],
                [0.474159, 0.468183, 0.74564, 0.150428, 0.851229, -0.46011, -0.252402, -0.013298, 0.224906, 0.754388, -0.616698, 0.000759, 0.0, 0.0, 0.0, 1.0],
                [0.517586, 0.451071, 0.727077, 0.150429, 0.837142, -0.442661, -0.321317, -0.013298, 0.176911, 0.774974, -0.606727, 0.000765, 0.0, 0.0, 0.0, 1.0],
                [0.559, 0.465949, 0.685865, 0.150427, 0.820994, -0.426881, -0.37913, -0.013297, 0.116127, 0.775024, -0.62117, 0.000762, 0.0, 0.0, 0.0, 1.0],
                [0.586684, 0.526465, 0.615334, 0.150428, 0.808853, -0.418005, -0.413556, -0.013298, 0.03949, 0.74034, -0.671071, 0.000763, 0.0, 0.0, 0.0, 1.0],
                [0.589747, 0.617344, 0.520658, 0.150428, 0.806898, -0.42382, -0.411449, -0.013298, -0.033341, 0.662769, -0.748082, 0.000762, 0.0, 0.0, 0.0, 1.0],
                [0.559772, 0.731823, 0.388702, 0.150429, 0.822582, -0.434101, -0.367307, -0.013299, -0.100068, 0.525347, -0.844984, 0.00076, 0.0, 0.0, 0.0, 1.0],
                [0.492457, 0.844336, 0.211144, 0.150429, 0.856285, -0.426615, -0.291161, -0.013298, -0.155761, 0.324183, -0.933083, 0.000762, 0.0, 0.0, 0.0, 1.0],
                [0.418168, 0.908319, -0.009539, 0.150429, 0.891819, -0.412522, -0.185693, -0.013299, -0.172604, 0.069144, -0.982562, 0.000765, 0.0, 0.0, 0.0, 1.0],
                [0.386236, 0.898201, -0.209897, 0.150429, 0.910659, -0.407506, -0.068097, -0.013298, -0.1467, -0.164843, -0.975349, 0.000763, 0.0, 0.0, 0.0, 1.0],
                [0.392056, 0.860407, -0.325564, 0.150429, 0.912489, -0.408668, 0.018816, -0.013298, -0.116858, -0.30445, -0.945334, 0.00076, 0.0, 0.0, 0.0, 1.0],
                [0.378172, 0.848949, -0.369151, 0.150429, 0.920302, -0.387906, 0.050709, -0.013298, -0.100147, -0.358907, -0.927986, 0.000762, 0.0, 0.0, 0.0, 1.0],
                [0.38445, 0.83001, -0.40408, 0.150429, 0.918971, -0.385679, 0.082114, -0.013298, -0.08769, -0.402906, -0.911031, 0.000763, 0.0, 0.0, 0.0, 1.0],
                [0.38983, 0.818629, -0.421756, 0.15043, 0.917087, -0.386673, 0.09713, -0.013298, -0.083569, -0.424651, -0.901493, 0.00076, 0.0, 0.0, 0.0, 1.0],
                [0.394023, 0.814032, -0.426727, 0.150429, 0.915515, -0.388591, 0.104066, -0.013298, -0.08111, -0.431678, -0.898374, 0.000763, 0.0, 0.0, 0.0, 1.0],
                [0.396489, 0.816018, -0.420606, 0.150429, 0.91441, -0.391737, 0.101969, -0.013298, -0.081559, -0.425035, -0.901495, 0.00076, 0.0, 0.0, 0.0, 1.0],
                [0.397068, 0.824202, -0.403767, 0.150429, 0.913851, -0.395757, 0.090838, -0.013298, -0.084925, -0.405051, -0.910342, 0.000762, 0.0, 0.0, 0.0, 1.0],
                [0.397648, 0.831997, -0.386854, 0.15043, 0.913264, -0.399543, 0.079457, -0.013299, -0.088457, -0.384894, -0.918712, 0.000762, 0.0, 0.0, 0.0, 1.0],
                [0.399973, 0.841121, -0.364057, 0.150429, 0.911613, -0.406172, 0.063125, -0.013299, -0.094774, -0.357127, -0.929235, 0.000758, 0.0, 0.0, 0.0, 1.0],
                [0.40234, 0.849521, -0.341228, 0.150429, 0.909859, -0.412325, 0.046288, -0.013298, -0.101375, -0.329093, -0.938841, 0.000761, 0.0, 0.0, 0.0, 1.0],
                [0.407441, 0.857357, -0.314531, 0.150429, 0.90694, -0.420235, 0.029355, -0.013299, -0.107009, -0.29722, -0.948794, 0.000763, 0.0, 0.0, 0.0, 1.0],
                [0.412603, 0.864285, -0.287698, 0.150428, 0.903879, -0.427628, 0.011647, -0.013298, -0.112961, -0.264849, -0.957651, 0.000759, 0.0, 0.0, 0.0, 1.0],
                [0.41957, 0.869478, -0.26071, 0.150429, 0.899986, -0.435885, -0.005313, -0.013298, -0.118259, -0.232406, -0.965403, 0.000764, 0.0, 0.0, 0.0, 1.0],
                [0.428224, 0.872554, -0.235102, 0.150429, 0.895382, -0.444845, -0.020113, -0.013298, -0.122134, -0.201892, -0.971763, 0.000762, 0.0, 0.0, 0.0, 1.0],
                [0.436961, 0.874745, -0.20949, 0.150429, 0.89097, -0.452886, -0.032656, -0.013298, -0.123442, -0.17238, -0.977266, 0.000759, 0.0, 0.0, 0.0, 1.0],
                [0.447505, 0.874272, -0.188116, 0.150429, 0.885486, -0.462618, -0.043566, -0.013298, -0.125115, -0.147078, -0.98118, 0.000762, 0.0, 0.0, 0.0, 1.0],
                [0.457629, 0.872693, -0.170241, 0.150429, 0.880485, -0.471443, -0.049871, -0.013298, -0.123781, -0.127072, -0.98414, 0.000764, 0.0, 0.0, 0.0, 1.0],
                [0.468833, 0.868848, -0.159054, 0.15043, 0.874566, -0.481857, -0.054283, -0.013298, -0.123805, -0.113653, -0.985777, 0.000764, 0.0, 0.0, 0.0, 1.0],
                [0.483141, 0.862304, -0.151676, 0.150429, 0.866793, -0.49551, -0.05603, -0.013298, -0.123473, -0.104401, -0.986841, 0.000761, 0.0, 0.0, 0.0, 1.0],
                [0.497345, 0.855455, -0.144377, 0.150429, 0.858784, -0.509054, -0.05791, -0.013299, -0.123035, -0.095188, -0.987827, 0.000759, 0.0, 0.0, 0.0, 1.0],
                [0.511439, 0.848302, -0.137161, 0.150429, 0.850544, -0.522479, -0.059917, -0.013299, -0.122492, -0.086018, -0.988735, 0.00076, 0.0, 0.0, 0.0, 1.0],
                [0.524593, 0.841698, -0.127855, 0.150429, 0.842325, -0.534956, -0.065654, -0.013298, -0.123658, -0.073253, -0.989618, 0.000763, 0.0, 0.0, 0.0, 1.0],
                [0.537409, 0.835654, -0.113468, 0.150429, 0.834633, -0.5463, -0.070315, -0.013298, -0.120746, -0.056916, -0.99105, 0.000764, 0.0, 0.0, 0.0, 1.0],
                [0.548144, 0.831117, -0.093712, 0.15043, 0.828381, -0.554942, -0.076313, -0.013299, -0.11543, -0.035799, -0.992671, 0.000763, 0.0, 0.0, 0.0, 1.0],
                [0.554484, 0.829427, -0.067797, 0.150428, 0.825228, -0.558533, -0.083895, -0.013299, -0.107452, -0.009429, -0.994166, 0.000762, 0.0, 0.0, 0.0, 1.0],
                [0.55756, 0.828977, -0.043858, 0.150428, 0.824332, -0.559124, -0.088633, -0.013298, -0.097997, 0.013265, -0.995099, 0.000762, 0.0, 0.0, 0.0, 1.0],
                [0.557999, 0.829378, -0.027754, 0.150429, 0.824691, -0.557945, -0.092631, -0.013298, -0.092312, 0.0288, -0.995314, 0.000766, 0.0, 0.0, 0.0, 1.0],
                [0.561931, 0.823423, -0.078789, 0.150429, 0.823, -0.566114, -0.046736, -0.013298, -0.083087, -0.038581, -0.995795, 0.000762, 0.0, 0.0, 0.0, 1.0],
                [0.571258, 0.810546, -0.129145, 0.150429, 0.81738, -0.576098, -0.000155, -0.013298, -0.074526, -0.105472, -0.991626, 0.000763, 0.0, 0.0, 0.0, 1.0],
                [0.585659, 0.791827, -0.173248, 0.150429, 0.807873, -0.587611, 0.045321, -0.013298, -0.065916, -0.166505, -0.983835, 0.000759, 0.0, 0.0, 0.0, 1.0],
                [0.611751, 0.763753, -0.206013, 0.150429, 0.789245, -0.606878, 0.09376, -0.013298, -0.053416, -0.219953, -0.974047, 0.000762, 0.0, 0.0, 0.0, 1.0],
                [0.647931, 0.727951, -0.224216, 0.150429, 0.760988, -0.631366, 0.149248, -0.013298, -0.032917, -0.267327, -0.963044, 0.000763, 0.0, 0.0, 0.0, 1.0],
                [0.695358, 0.682805, -0.224176, 0.150429, 0.718656, -0.662163, 0.212306, -0.013299, -0.003478, -0.308734, -0.951142, 0.000764, 0.0, 0.0, 0.0, 1.0],
                [0.747039, 0.630855, -0.209652, 0.150429, 0.664126, -0.694236, 0.277439, -0.013298, 0.029475, -0.346493, -0.93759, 0.000763, 0.0, 0.0, 0.0, 1.0],
                [0.798017, 0.574385, -0.182349, 0.150429, 0.599372, -0.725043, 0.339213, -0.013298, 0.062628, -0.379992, -0.922867, 0.000761, 0.0, 0.0, 0.0, 1.0],
                [0.844576, 0.515577, -0.144472, 0.150428, 0.527427, -0.75459, 0.390404, -0.013298, 0.092266, -0.405924, -0.909238, 0.000761, 0.0, 0.0, 0.0, 1.0],
                [0.883516, 0.457637, -0.099842, 0.150428, 0.453634, -0.782889, 0.425793, -0.013297, 0.116694, -0.421486, -0.899296, 0.000763, 0.0, 0.0, 0.0, 1.0],
                [0.914805, 0.40021, -0.054455, 0.150429, 0.381107, -0.810652, 0.444521, -0.013298, 0.133757, -0.427402, -0.894113, 0.00076, 0.0, 0.0, 0.0, 1.0],
                [0.93748, 0.347704, -0.015289, 0.150428, 0.317138, -0.835319, 0.44907, -0.013298, 0.143372, -0.425842, -0.893366, 0.000762, 0.0, 0.0, 0.0, 1.0],
                [0.953271, 0.301574, 0.018114, 0.150429, 0.262322, -0.855955, 0.445564, -0.013299, 0.149875, -0.41999, -0.895068, 0.000763, 0.0, 0.0, 0.0, 1.0],
                [0.962983, 0.267325, 0.034664, 0.150428, 0.221854, -0.859007, 0.461397, -0.013298, 0.15312, -0.436626, -0.886517, 0.000763, 0.0, 0.0, 0.0, 1.0],
                [0.969445, 0.240735, 0.047141, 0.150428, 0.187509, -0.851118, 0.490345, -0.013299, 0.158166, -0.466523, -0.870253, 0.000761, 0.0, 0.0, 0.0, 1.0],
                [0.972567, 0.224382, 0.061362, 0.150428, 0.16135, -0.840714, 0.516883, -0.013297, 0.167567, -0.492802, -0.853855, 0.000763, 0.0, 0.0, 0.0, 1.0],
                [0.973586, 0.212916, 0.082442, 0.150428, 0.136198, -0.831389, 0.538741, -0.013298, 0.183248, -0.513282, -0.838428, 0.000762, 0.0, 0.0, 0.0, 1.0],
                [0.972864, 0.203997, 0.109179, 0.150429, 0.11153, -0.826887, 0.551197, -0.013299, 0.202722, -0.524062, -0.827202, 0.000763, 0.0, 0.0, 0.0, 1.0],
                [0.970168, 0.198814, 0.138732, 0.150428, 0.090317, -0.827456, 0.554218, -0.013298, 0.224981, -0.525154, -0.82073, 0.000764, 0.0, 0.0, 0.0, 1.0],
                [0.96616, 0.192957, 0.171176, 0.150427, 0.068651, -0.832048, 0.55044, -0.013297, 0.248638, -0.520061, -0.817139, 0.000765, 0.0, 0.0, 0.0, 1.0],
                [0.960362, 0.18768, 0.206106, 0.150428, 0.049945, -0.843271, 0.535164, -0.013298, 0.274243, -0.503658, -0.81922, 0.000763, 0.0, 0.0, 0.0, 1.0],
                [0.953888, 0.177826, 0.241817, 0.150428, 0.032297, -0.861747, 0.50631, -0.013299, 0.29842, -0.475152, -0.827754, 0.000765, 0.0, 0.0, 0.0, 1.0],
                [0.946403, 0.171234, 0.27386, 0.150428, 0.01793, -0.874444, 0.484794, -0.013298, 0.322489, -0.4539, -0.830648, 0.000761, 0.0, 0.0, 0.0, 1.0],
                [0.940747, 0.165476, 0.295994, 0.150428, 0.005755, -0.880523, 0.473969, -0.013299, 0.33906, -0.444181, -0.829302, 0.000763, 0.0, 0.0, 0.0, 1.0],
                [0.935219, 0.160536, 0.315584, 0.150427, -0.005801, -0.884237, 0.467002, -0.013297, 0.354022, -0.438579, -0.826025, 0.000762, 0.0, 0.0, 0.0, 1.0],
                [0.945483, 0.067158, 0.318674, 0.133847, 0.064694, -0.997738, 0.018325, 0.001085, 0.319184, 0.00329, -0.947687, 0.04304, 0.0, 0.0, 0.0, 1.0]
            ]
        },
        {
            "name": "Leg_R",
            "time": [0.0, 0.1333, 0.1667, 0.2, 0.2333, 0.2667, 0.3, 0.3333, 0.3667, 0.4, 0.4333, 0.4667, 0.5, 0.5333, 0.5667, 0.6, 0.6333, 0.6667, 0.7, 0.7333, 0.7667, 0.8, 0.8333, 0.8667, 0.9, 0.9333, 0.9667, 1.0, 1.0333, 1.0667, 1.1, 1.1333, 1.1667, 1.2, 1.2333, 1.2667, 1.3, 1.3333, 1.3667, 1.4, 1.4333, 1.4667, 1.5, 1.5333, 1.5667, 1.6, 1.6333, 1.6667, 1.7, 1.7333, 1.7667, 1.8, 1.8333, 1.8667, 1.9, 1.9333, 1.9667, 2.0, 2.0333, 2.0667, 2.1, 2.1333, 2.1667, 2.2, 2.2333, 2.2667, 2.3, 2.3333, 2.3667, 2.4, 2.4333, 2.4667, 2.5, 2.5333, 2.5667, 2.6, 2.6333, 2.6667, 2.7, 2.7333, 2.7667, 2.8, 2.8333, 2.8667, 2.9, 2.9333, 2.9667, 3.0, 3.0333, 3.0667, 3.1, 3.1333, 3.1667, 3.2, 3.2333, 3.2667, 3.3, 3.3333, 3.3667, 3.4, 3.4333, 3.4667, 3.5, 3.5333, 3.5667, 3.6, 3.6333, 3.6667, 3.7, 4.2],
            "transform": [
                [1.000002, 0.001608, -0.001109, 0.0, -0.00111, 0.934967, 0.354727, 0.37472, 0.001607, -0.354724, 0.934969, 0.0, 0.0, 0.0, 0.0, 1.0],
                [1.000006, -0.001927, 0.000328, 0.0, 0.000327, 0.330429, 0.94383, 0.37472, -0.001928, -0.943823, 0.330431, 0.0, 0.0, 0.0, 0.0, 1.0],
                [1.000005, -0.001949, 0.000154, 0.0, 0.000151, 0.15561, 0.987818, 0.37472, -0.001949, -0.987811, 0.15561, -0.0, 0.0, 0.0, 0.0, 1.0],
                [1.000005, -0.001955, -4.8e-05, 0.0, -4.8e-05, -0.049206, 0.998788, 0.37472, -0.001955, -0.998782, -0.049206, 0.0, 0.0, 0.0, 0.0, 1.0],
                [1.000005, -0.001939, -0.000254, -0.0, -0.000257, -0.259068, 0.965858, 0.37472, -0.001939, -0.965851, -0.25907, -0.0, 0.0, 0.0, 0.0, 1.0],
                [1.000005, -0.00191, -0.000416, -0.0, -0.000415, -0.415485, 0.909598, 0.37472, -0.001911, -0.909593, -0.415487, -0.0, 0.0, 0.0, 0.0, 1.0],
                [1.000005, -0.001891, -0.000497, 0.0, -0.000498, -0.491983, 0.870603, 0.37472, -0.001891, -0.870598, -0.491984, -0.0, 0.0, 0.0, 0.0, 1.0],
                [1.000006, -0.001892, -0.000493, -0.0, -0.000494, -0.488494, 0.872565, 0.37472, -0.001892, -0.872559, -0.488497, 0.0, 0.0, 0.0, 0.0, 1.0],
                [1.000005, -0.001929, -0.00032, 0.0, -0.000321, -0.323215, 0.946325, 0.37472, -0.001929, -0.946318, -0.323216, 0.0, 0.0, 0.0, 0.0, 1.0],
                [1.000005, -0.001955, -5.1e-05, 0.0, -5.1e-05, -0.052061, 0.998643, 0.37472, -0.001955, -0.998636, -0.052061, 0.0, 0.0, 0.0, 0.0, 1.0],
                [1.000005, -0.001956, -4e-06, -0.0, -5e-06, -0.004294, 0.99999, 0.37472, -0.001956, -0.999983, -0.004294, -0.0, 0.0, 0.0, 0.0, 1.0],
