{
    "animation": [
        {
            "name": "Root",
            "time": [0.0, 0.2, 0.2333, 0.2667, 0.3, 0.3333, 0.3667, 0.4, 0.4333, 0.4667, 0.5, 0.5333, 0.5667, 0.6, 0.6333, 0.6667, 0.7, 0.7667, 0.8333, 0.9, 0.9667, 1.0, 1.0333, 1.0667, 1.1, 1.1333, 1.1667, 1.2, 1.2333, 1.2667, 1.3, 1.3333, 1.3667, 1.4, 1.4333, 1.4667, 1.5, 1.5333, 1.5667, 1.6, 1.6333, 1.6667, 1.7, 1.7333, 1.7667, 1.8, 1.8333, 1.8667, 1.9, 1.9333, 1.9667, 2.0, 2.0333, 2.0667, 2.1, 2.1333, 2.1667, 2.2, 2.2333, 2.2667, 2.3, 2.3333, 2.3667, 2.4, 2.4333, 2.4667, 2.5, 2.5333, 2.5667, 2.6, 2.6333, 2.6667, 2.7, 2.7333, 2.7667, 2.8, 2.8333, 2.8667, 3.1667, 3.3667],
            "transform": [
                [0.477044, -0.001, 0.87888, -0.399246, 0.878738, 0.018475, -0.476947, -0.169185, -0.01576, 0.999829, 0.009692, 0.509519, 0.0, 0.0, 0.0, 1.0],
                [0.097987, -0.001312, 0.995188, -0.427817, 0.995024, 0.018243, -0.097947, -0.036791, -0.018027, 0.999833, 0.003093, 0.535003, 0.0, 0.0, 0.0, 1.0],
                [-0.016579, -0.001393, 0.999863, -0.452161, 0.999697, 0.018165, 0.016602, 0.014943, -0.018186, 0.999834, 0.001091, 0.528524, 0.0, 0.0, 0.0, 1.0],
                [-0.135099, -0.001472, 0.990833, -0.479265, 0.990667, 0.01808, 0.135104, 0.070675, -0.018113, 0.999836, -0.000984, 0.521993, 0.0, 0.0, 0.0, 1.0],
                [-0.241381, -0.001539, 0.970431, -0.506616, 0.970266, 0.017998, 0.24137, 0.130521, -0.017838, 0.999837, -0.002851, 0.515406, 0.0, 0.0, 0.0, 1.0],
                [-0.321727, -0.001589, 0.946833, -0.531702, 0.946671, 0.017933, 0.321703, 0.194596, -0.017491, 0.999838, -0.004266, 0.508764, 0.0, 0.0, 0.0, 1.0],
                [-0.367176, -0.001616, 0.930151, -0.552019, 0.929993, 0.017894, 0.367145, 0.263061, -0.017238, 0.999839, -0.005068, 0.504051, 0.0, 0.0, 0.0, 1.0],
                [-0.367176, -0.001616, 0.930151, -0.565053, 0.929992, 0.017894, 0.367145, 0.335993, -0.017238, 0.999839, -0.005068, 0.499646, 0.0, 0.0, 0.0, 1.0],
                [-0.308443, -0.001581, 0.951243, -0.568294, 0.951081, 0.017944, 0.308421, 0.413537, -0.017557, 0.999838, -0.004031, 0.496775, 0.0, 0.0, 0.0, 1.0],
                [-0.111745, -0.001457, 0.993737, -0.547886, 0.993571, 0.018097, 0.111753, 0.503396, -0.018147, 0.999836, -0.000575, 0.496863, 0.0, 0.0, 0.0, 1.0],
                [0.240033, -0.001204, 0.970765, -0.501676, 0.970607, 0.018334, -0.239972, 0.61187, -0.017509, 0.999831, 0.00557, 0.502214, 0.0, 0.0, 0.0, 1.0],
                [0.62913, -0.000842, 0.777301, -0.444693, 0.777176, 0.018559, -0.629011, 0.736833, -0.013896, 0.999828, 0.01233, 0.50793, 0.0, 0.0, 0.0, 1.0],
                [0.916978, -0.000398, 0.398938, -0.391991, 0.398874, 0.018708, -0.916816, 0.876285, -0.007099, 0.999825, 0.017314, 0.513542, 0.0, 0.0, 0.0, 1.0],
                [0.994992, 9.8e-05, -0.099955, -0.358621, -0.09994, 0.018747, -0.994819, 1.02825, 0.001776, 0.999825, 0.018663, 0.518215, 0.0, 0.0, 0.0, 1.0],
                [0.705082, 0.00075, -0.709127, -0.386342, -0.709014, 0.018599, -0.704951, 1.246326, 0.01266, 0.999827, 0.013646, 0.520694, 0.0, 0.0, 0.0, 1.0],
                [-0.089722, 0.001442, -0.995967, -0.438181, -0.995801, 0.018113, 0.089734, 1.516668, 0.018169, 0.999835, -0.000189, 0.517035, 0.0, 0.0, 0.0, 1.0],
                [-0.832927, 0.001871, -0.55338, -0.447286, -0.55327, 0.01736, 0.832822, 1.815517, 0.011165, 0.999848, -0.013425, 0.50018, 0.0, 0.0, 0.0, 1.0],
                [-0.78941, 0.001848, 0.613865, -0.280801, 0.613808, 0.016161, 0.789291, 2.226841, -0.008462, 0.999868, -0.013892, 0.443264, 0.0, 0.0, 0.0, 1.0],
                [0.153608, 0.001271, 0.988132, -0.164029, 0.988014, 0.015311, -0.15361, 2.597764, -0.015325, 0.999882, 0.001096, 0.387392, 0.0, 0.0, 0.0, 1.0],
                [0.676018, 0.000786, 0.736886, -0.201947, 0.736794, 0.015007, -0.675952, 2.892875, -0.01159, 0.999887, 0.009565, 0.333659, 0.0, 0.0, 0.0, 1.0],
                [0.953775, 0.000297, 0.300523, -0.282269, 0.300485, 0.014864, -0.953672, 3.195133, -0.004751, 0.99989, 0.014088, 0.280313, 0.0, 0.0, 0.0, 1.0],
                [0.84152, -0.00055, -0.540226, -0.497701, -0.540159, 0.01492, -0.841432, 3.76954, 0.008523, 0.999889, 0.012259, 0.16941, 0.0, 0.0, 0.0, 1.0],
                [0.783242, -0.000643, -0.621718, -0.515118, -0.621639, 0.01495, -0.783162, 3.825893, 0.009798, 0.999888, 0.01131, 0.159346, 0.0, 0.0, 0.0, 1.0],
                [0.75844, -0.000679, -0.651744, -0.522633, -0.651662, 0.014963, -0.758363, 3.846553, 0.010267, 0.999888, 0.010906, 0.15472, 0.0, 0.0, 0.0, 1.0],
                [0.735793, -0.00071, -0.677207, -0.52938, -0.677122, 0.014975, -0.73572, 3.862647, 0.010663, 0.999888, 0.010537, 0.150359, 0.0, 0.0, 0.0, 1.0],
                [0.716664, -0.000735, -0.697419, -0.535379, -0.697332, 0.014985, -0.716592, 3.874528, 0.010978, 0.999887, 0.010226, 0.14745, 0.0, 0.0, 0.0, 1.0],
                [0.700831, -0.000756, -0.713328, -0.540648, -0.713239, 0.014993, -0.700762, 3.882507, 0.011225, 0.999887, 0.009969, 0.144593, 0.0, 0.0, 0.0, 1.0],
                [0.688504, -0.000771, -0.725233, -0.545206, -0.725143, 0.015, -0.688436, 3.886912, 0.011409, 0.999888, 0.009768, 0.141785, 0.0, 0.0, 0.0, 1.0],
                [0.67929, -0.000782, -0.733871, -0.54907, -0.733779, 0.015005, -0.679224, 3.888079, 0.011543, 0.999887, 0.009618, 0.13902, 0.0, 0.0, 0.0, 1.0],
                [0.674654, -0.000788, -0.738135, -0.552263, -0.738043, 0.015007, -0.674588, 3.886372, 0.011609, 0.999887, 0.009543, 0.138181, 0.0, 0.0, 0.0, 1.0],
                [0.669991, -0.000794, -0.74237, -0.554804, -0.742278, 0.01501, -0.669925, 3.882094, 0.011675, 0.999887, 0.009467, 0.137377, 0.0, 0.0, 0.0, 1.0],
                [0.670815, -0.000793, -0.741626, -0.55671, -0.741533, 0.015009, -0.67075, 3.875574, 0.011663, 0.999887, 0.009481, 0.136602, 0.0, 0.0, 0.0, 1.0],
                [0.671638, -0.000792, -0.74088, -0.558, -0.740788, 0.015009, -0.671572, 3.867146, 0.011652, 0.999887, 0.009494, 0.135854, 0.0, 0.0, 0.0, 1.0],
                [0.677113, -0.000785, -0.73588, -0.558694, -0.735788, 0.015006, -0.677047, 3.857173, 0.011574, 0.999887, 0.009583, 0.136703, 0.0, 0.0, 0.0, 1.0],
                [0.682552, -0.000779, -0.730838, -0.558813, -0.730747, 0.015003, -0.682485, 3.84596, 0.011496, 0.999887, 0.009671, 0.137655, 0.0, 0.0, 0.0, 1.0],
                [0.691747, -0.000767, -0.72214, -0.558371, -0.722051, 0.014998, -0.691679, 3.833836, 0.011361, 0.999887, 0.009821, 0.138705, 0.0, 0.0, 0.0, 1.0],
                [0.700832, -0.000756, -0.713327, -0.55739, -0.713238, 0.014993, -0.700762, 3.821141, 0.011225, 0.999887, 0.009969, 0.139848, 0.0, 0.0, 0.0, 1.0],
                [0.711963, -0.000741, -0.702218, -0.55589, -0.702131, 0.014988, -0.711891, 3.808202, 0.011052, 0.999888, 0.01015, 0.14108, 0.0, 0.0, 0.0, 1.0],
                [0.722991, -0.000727, -0.690858, -0.553872, -0.690772, 0.014982, -0.722918, 3.795277, 0.010876, 0.999888, 0.010329, 0.142405, 0.0, 0.0, 0.0, 1.0],
                [0.735506, -0.000711, -0.677519, -0.551403, -0.677434, 0.014975, -0.735432, 3.78293, 0.010668, 0.999888, 0.010532, 0.143792, 0.0, 0.0, 0.0, 1.0],
                [0.747852, -0.000694, -0.663866, -0.548456, -0.663784, 0.014968, -0.747776, 3.771262, 0.010456, 0.999888, 0.010733, 0.145263, 0.0, 0.0, 0.0, 1.0],
                [0.759947, -0.000677, -0.649986, -0.545064, -0.649905, 0.014961, -0.75987, 3.760703, 0.010239, 0.999888, 0.01093, 0.147863, 0.0, 0.0, 0.0, 1.0],
                [0.771785, -0.00066, -0.635885, -0.541248, -0.635805, 0.014955, -0.771706, 3.751566, 0.010019, 0.999888, 0.011122, 0.150445, 0.0, 0.0, 0.0, 1.0],
                [0.78336, -0.000643, -0.621569, -0.537027, -0.62149, 0.014949, -0.783281, 3.744181, 0.009796, 0.999888, 0.011311, 0.153003, 0.0, 0.0, 0.0, 1.0],
                [0.794668, -0.000626, -0.607045, -0.532418, -0.606969, 0.014944, -0.794586, 3.738884, 0.009569, 0.999889, 0.011495, 0.155533, 0.0, 0.0, 0.0, 1.0],
                [0.805701, -0.000609, -0.592323, -0.527439, -0.592249, 0.014939, -0.805618, 3.736006, 0.009339, 0.999888, 0.011675, 0.15803, 0.0, 0.0, 0.0, 1.0],
                [0.815039, -0.000594, -0.579407, -0.522113, -0.579334, 0.014934, -0.814955, 3.735879, 0.009137, 0.999889, 0.011827, 0.160491, 0.0, 0.0, 0.0, 1.0],
                [0.824169, -0.000579, -0.566344, -0.516457, -0.566273, 0.014929, -0.824084, 3.738837, 0.008932, 0.999889, 0.011976, 0.16291, 0.0, 0.0, 0.0, 1.0],
                [0.830765, -0.000568, -0.556624, -0.51049, -0.556555, 0.014926, -0.830678, 3.745213, 0.00878, 0.999889, 0.012083, 0.165283, 0.0, 0.0, 0.0, 1.0],
                [0.837245, -0.000557, -0.546828, -0.504232, -0.546759, 0.014922, -0.837159, 3.755339, 0.008626, 0.999889, 0.012189, 0.167606, 0.0, 0.0, 0.0, 1.0],
                [0.841738, -0.00055, -0.539887, -0.497701, -0.53982, 0.01492, -0.841649, 3.769548, 0.008518, 0.999889, 0.012262, 0.169874, 0.0, 0.0, 0.0, 1.0],
                [0.846172, -0.000542, -0.53291, -0.489182, -0.532843, 0.014918, -0.846084, 3.790939, 0.008408, 0.999889, 0.012334, 0.172045, 0.0, 0.0, 0.0, 1.0],
                [0.853479, -0.000529, -0.521128, -0.477221, -0.521062, 0.014914, -0.85339, 3.821611, 0.008223, 0.999889, 0.012453, 0.176182, 0.0, 0.0, 0.0, 1.0],
                [0.860621, -0.000515, -0.509247, -0.462239, -0.509183, 0.014911, -0.860531, 3.860312, 0.008037, 0.999889, 0.01257, 0.180588, 0.0, 0.0, 0.0, 1.0],
                [0.870236, -0.000498, -0.492635, -0.444646, -0.492574, 0.014906, -0.870144, 3.905812, 0.007776, 0.999889, 0.012727, 0.185266, 0.0, 0.0, 0.0, 1.0],
                [0.879531, -0.000479, -0.475842, -0.424862, -0.475782, 0.014901, -0.879438, 3.956897, 0.007512, 0.999889, 0.012878, 0.190219, 0.0, 0.0, 0.0, 1.0],
                [0.890281, -0.000458, -0.455413, -0.4033, -0.455356, 0.014895, -0.890186, 4.012337, 0.007191, 0.999889, 0.013052, 0.195446, 0.0, 0.0, 0.0, 1.0],
                [0.900562, -0.000436, -0.434728, -0.380378, -0.434674, 0.014889, -0.900467, 4.070913, 0.006865, 0.999889, 0.013219, 0.200952, 0.0, 0.0, 0.0, 1.0],
                [0.910367, -0.000414, -0.413802, -0.356513, -0.41375, 0.014884, -0.91027, 4.131434, 0.006536, 0.999889, 0.013379, 0.208718, 0.0, 0.0, 0.0, 1.0],
                [0.919687, -0.000392, -0.392652, -0.332119, -0.392603, 0.014879, -0.919589, 4.192644, 0.006203, 0.999889, 0.01353, 0.216752, 0.0, 0.0, 0.0, 1.0],
                [0.928515, -0.000369, -0.371295, -0.307612, -0.371249, 0.014875, -0.928416, 4.253321, 0.005866, 0.99989, 0.013675, 0.225155, 0.0, 0.0, 0.0, 1.0],
                [0.936844, -0.000347, -0.349749, -0.283408, -0.349705, 0.014872, -0.936743, 4.312244, 0.005527, 0.99989, 0.013811, 0.234028, 0.0, 0.0, 0.0, 1.0],
                [0.944668, -0.000325, -0.328031, -0.259922, -0.32799, 0.014869, -0.944565, 4.368188, 0.005184, 0.99989, 0.013939, 0.243447, 0.0, 0.0, 0.0, 1.0],
                [0.950926, -0.000306, -0.309418, -0.237574, -0.309379, 0.014865, -0.950824, 4.419936, 0.00489, 0.99989, 0.014041, 0.253389, 0.0, 0.0, 0.0, 1.0],
                [0.956819, -0.000287, -0.290684, -0.216775, -0.290647, 0.014863, -0.956716, 4.466256, 0.004595, 0.99989, 0.014137, 0.263808, 0.0, 0.0, 0.0, 1.0],
                [0.961455, -0.000271, -0.274963, -0.197945, -0.274929, 0.01486, -0.961351, 4.505926, 0.004347, 0.99989, 0.014213, 0.274657, 0.0, 0.0, 0.0, 1.0],
                [0.964044, -0.000262, -0.265744, -0.180461, -0.265711, 0.014859, -0.963939, 4.538661, 0.004201, 0.99989, 0.014255, 0.288133, 0.0, 0.0, 0.0, 1.0],
                [0.964951, -0.000259, -0.26243, -0.163846, -0.262397, 0.014859, -0.964847, 4.564879, 0.004149, 0.99989, 0.01427, 0.301525, 0.0, 0.0, 0.0, 1.0],
                [0.964322, -0.000261, -0.264733, -0.147802, -0.264699, 0.014859, -0.964218, 4.586092, 0.004185, 0.99989, 0.01426, 0.318931, 0.0, 0.0, 0.0, 1.0],
                [0.963687, -0.000263, -0.267034, -0.132436, -0.267, 0.014859, -0.963583, 4.603024, 0.004221, 0.99989, 0.014249, 0.336389, 0.0, 0.0, 0.0, 1.0],
                [0.963047, -0.000265, -0.269334, -0.117759, -0.2693, 0.014859, -0.962943, 4.616673, 0.004258, 0.99989, 0.014239, 0.35664, 0.0, 0.0, 0.0, 1.0],
                [0.962401, -0.000268, -0.271631, -0.103784, -0.271597, 0.01486, -0.962297, 4.627941, 0.004294, 0.99989, 0.014228, 0.376924, 0.0, 0.0, 0.0, 1.0],
                [0.963338, -0.000265, -0.268293, -0.090516, -0.268259, 0.014859, -0.963233, 4.63778, 0.004242, 0.99989, 0.014244, 0.397227, 0.0, 0.0, 0.0, 1.0],
                [0.966084, -0.000254, -0.258229, -0.077965, -0.258197, 0.014858, -0.965979, 4.647141, 0.004082, 0.99989, 0.014288, 0.417537, 0.0, 0.0, 0.0, 1.0],
                [0.971081, -0.000235, -0.238749, -0.066139, -0.238719, 0.014856, -0.970977, 4.656978, 0.003775, 0.99989, 0.01437, 0.43784, 0.0, 0.0, 0.0, 1.0],
                [0.977997, -0.000205, -0.20862, -0.055046, -0.208593, 0.014852, -0.977891, 4.668241, 0.003299, 0.99989, 0.014483, 0.458124, 0.0, 0.0, 0.0, 1.0],
                [0.986217, -0.000162, -0.165457, -0.044999, -0.165436, 0.014848, -0.986111, 4.67978, 0.002617, 0.99989, 0.014617, 0.478404, 0.0, 0.0, 0.0, 1.0],
                [0.993918, -0.000108, -0.110123, -0.036161, -0.110109, 0.014845, -0.99381, 4.689974, 0.001742, 0.99989, 0.014742, 0.498703, 0.0, 0.0, 0.0, 1.0],
                [0.938207, 0.000172, -0.346076, -0.036161, -0.346024, 0.01776, -0.938059, 4.707648, 0.005985, 0.999843, 0.016722, 0.633962, 0.0, 0.0, 0.0, 1.0],
                [0.907199, 0.000421, -0.420704, -0.036161, -0.420637, 0.018704, -0.907037, 4.71354, 0.007487, 0.999825, 0.017145, 0.679048, 0.0, 0.0, 0.0, 1.0]
            ]
        },
        {
            "name": "Thigh_R",
            "time": [0.0, 0.2, 0.2333, 0.2667, 0.3, 0.3333, 0.3667, 0.4, 0.4333, 0.4667, 0.5, 0.5333, 0.5667, 0.6, 0.6333, 0.6667, 0.7, 0.7667, 0.8333, 0.9, 0.9667, 1.0, 1.0333, 1.0667, 1.1, 1.1333, 1.1667, 1.2, 1.2333, 1.2667, 1.3, 1.3333, 1.3667, 1.4, 1.4333, 1.4667, 1.5, 1.5333, 1.5667, 1.6, 1.6333, 1.6667, 1.7, 1.7333, 1.7667, 1.8, 1.8333, 1.8667, 1.9, 1.9333, 1.9667, 2.0, 2.0333, 2.0667, 2.1, 2.1333, 2.1667, 2.2, 2.2333, 2.2667, 2.3, 2.3333, 2.3667, 2.4, 2.4333, 2.4667, 2.5, 2.5333, 2.5667, 2.6, 2.6333, 2.6667, 2.7, 2.7333, 2.7667, 2.8, 2.8333, 2.8667, 3.1667, 3.3667],
            "transform": [
                [0.881956, 0.268202, 0.387501, 0.130602, 0.124645, -0.925797, 0.356993, -0.000779, 0.454451, -0.266576, -0.84994, -0.075821, 0.0, 0.0, 0.0, 1.0],
                [0.889946, -0.276363, 0.362703, 0.141771, -0.199941, -0.951436, -0.234252, -0.023671, 0.40979, 0.135966, -0.901982, 0.046338, 0.0, 0.0, 0.0, 1.0],
                [0.920534, -0.210684, 0.328872, 0.141771, -0.179317, -0.976081, -0.123278, -0.023672, 0.346946, 0.054515, -0.936294, 0.046338, 0.0, 0.0, 0.0, 1.0],
                [0.949334, -0.145563, 0.278383, 0.141771, -0.139813, -0.989397, -0.040464, -0.023672, 0.281295, -0.000507, -0.959617, 0.046338, 0.0, 0.0, 0.0, 1.0],
                [0.972171, -0.089701, 0.216226, 0.141771, -0.087455, -0.996016, -0.019913, -0.023671, 0.217131, 0.00045, -0.97614, 0.046338, 0.0, 0.0, 0.0, 1.0],
                [0.987663, -0.038642, 0.151458, 0.141771, -0.03175, -0.998407, -0.04764, -0.023671, 0.153043, 0.042248, -0.987315, 0.046338, 0.0, 0.0, 0.0, 1.0],
                [0.994806, 0.006962, 0.101106, 0.141771, 0.011912, -0.998802, -0.048442, -0.023672, 0.100638, 0.0494, -0.993695, 0.046338, 0.0, 0.0, 0.0, 1.0],
                [0.997254, 0.050182, 0.05362, 0.141771, 0.051541, -0.998421, -0.02435, -0.023672, 0.052309, 0.02705, -0.998264, 0.046338, 0.0, 0.0, 0.0, 1.0],
                [0.996075, 0.08796, 0.003008, 0.141771, 0.087913, -0.996109, 0.011479, -0.023672, 0.004006, -0.01117, -0.999929, 0.046338, 0.0, 0.0, 0.0, 1.0],
                [0.997384, 0.071144, 0.008597, 0.141771, 0.070274, -0.994625, 0.076644, -0.023672, 0.014002, -0.075846, -0.997021, 0.046338, 0.0, 0.0, 0.0, 1.0],
                [0.993134, 0.102199, 0.056145, 0.141771, 0.085267, -0.965031, 0.248056, -0.023672, 0.079525, -0.241587, -0.967117, 0.046338, 0.0, 0.0, 0.0, 1.0],
                [0.971294, 0.149335, 0.184939, 0.141771, 0.071309, -0.925312, 0.372551, -0.023672, 0.22674, -0.348701, -0.909397, 0.046338, 0.0, 0.0, 0.0, 1.0],
                [0.925355, 0.195965, 0.324406, 0.141771, 0.070195, -0.929817, 0.36138, -0.023672, 0.372421, -0.311663, -0.874166, 0.046338, 0.0, 0.0, 0.0, 1.0],
                [0.906692, 0.251105, 0.338802, 0.141771, 0.151025, -0.943522, 0.295026, -0.023672, 0.393713, -0.21635, -0.893405, 0.046338, 0.0, 0.0, 0.0, 1.0],
                [0.963428, 0.250555, 0.094596, 0.141771, 0.195856, -0.900165, 0.389123, -0.023672, 0.182631, -0.356399, -0.916316, 0.046338, 0.0, 0.0, 0.0, 1.0],
                [0.959026, 0.079632, -0.271741, 0.141771, 0.218812, -0.817535, 0.532746, -0.023672, -0.179717, -0.57043, -0.801461, 0.046338, 0.0, 0.0, 0.0, 1.0],
                [0.932967, -0.108097, -0.343231, 0.141771, 0.214758, -0.598076, 0.772149, -0.023672, -0.288719, -0.794175, -0.534771, 0.046338, 0.0, 0.0, 0.0, 1.0],
                [0.974396, -0.04509, -0.220073, 0.141771, 0.194266, -0.322757, 0.926335, -0.023672, -0.112788, -0.945457, -0.305734, 0.046338, 0.0, 0.0, 0.0, 1.0],
                [0.990658, -0.020154, 0.134531, 0.141771, -0.12961, -0.440001, 0.888605, -0.023672, 0.041281, -0.897825, -0.438502, 0.046338, 0.0, 0.0, 0.0, 1.0],
                [0.980459, 0.010063, 0.196243, 0.127979, -0.129054, -0.720137, 0.681759, 0.003779, 0.148168, -0.693827, -0.704765, 0.066021, 0.0, 0.0, 0.0, 1.0],
                [0.983412, -0.06295, 0.169853, 0.115636, -0.122265, -0.922563, 0.366072, 0.030607, 0.133644, -0.380802, -0.914954, 0.076252, 0.0, 0.0, 0.0, 1.0],
                [0.786956, 0.320525, -0.527179, 0.109464, 0.353442, -0.934615, -0.040539, 0.044021, -0.505657, -0.154439, -0.848787, 0.081368, 0.0, 0.0, 0.0, 1.0],
                [0.719423, 0.374409, -0.584991, 0.103292, 0.407463, -0.909656, -0.081005, 0.057435, -0.562417, -0.180102, -0.806985, 0.086483, 0.0, 0.0, 0.0, 1.0],
                [0.688993, 0.395956, -0.607025, 0.097121, 0.431501, -0.897097, -0.0953, 0.070848, -0.582241, -0.196289, -0.788948, 0.091599, 0.0, 0.0, 0.0, 1.0],
                [0.662854, 0.410815, -0.625965, 0.09095, 0.449669, -0.886936, -0.105821, 0.084262, -0.598608, -0.211351, -0.772639, 0.096715, 0.0, 0.0, 0.0, 1.0],
                [0.640782, 0.421752, -0.641485, 0.084778, 0.465923, -0.877789, -0.111604, 0.097676, -0.610101, -0.22739, -0.758974, 0.101831, 0.0, 0.0, 0.0, 1.0],
                [0.621822, 0.428437, -0.655562, 0.078607, 0.478385, -0.870602, -0.115115, 0.11109, -0.619994, -0.242052, -0.746316, 0.106947, 0.0, 0.0, 0.0, 1.0],
                [0.607317, 0.432729, -0.666256, 0.079541, 0.489192, -0.864524, -0.115493, 0.117219, -0.625913, -0.255809, -0.736727, 0.106338, 0.0, 0.0, 0.0, 1.0],
                [0.597194, 0.431766, -0.675961, 0.080476, 0.496021, -0.86112, -0.111722, 0.123348, -0.630263, -0.268596, -0.72842, 0.10573, 0.0, 0.0, 0.0, 1.0],
                [0.586978, 0.430616, -0.685575, 0.081411, 0.502834, -0.857627, -0.108074, 0.129477, -0.634446, -0.28132, -0.719936, 0.105122, 0.0, 0.0, 0.0, 1.0],
                [0.583531, 0.424824, -0.6921, 0.082345, 0.50502, -0.857284, -0.10033, 0.135607, -0.635888, -0.291005, -0.714796, 0.104514, 0.0, 0.0, 0.0, 1.0],
                [0.580087, 0.418942, -0.698551, 0.08328, 0.507218, -0.856856, -0.092593, 0.141736, -0.637288, -0.300634, -0.709546, 0.103906, 0.0, 0.0, 0.0, 1.0],
                [0.582149, 0.410199, -0.702015, 0.084215, 0.505557, -0.858864, -0.082528, 0.147865, -0.636729, -0.306893, -0.707365, 0.103297, 0.0, 0.0, 0.0, 1.0],
                [0.584228, 0.401414, -0.705357, 0.085149, 0.503865, -0.860767, -0.072434, 0.153994, -0.636164, -0.313116, -0.705142, 0.102689, 0.0, 0.0, 0.0, 1.0],
                [0.5905, 0.391084, -0.705936, 0.086084, 0.499318, -0.864292, -0.06106, 0.160123, -0.633955, -0.31646, -0.70564, 0.102081, 0.0, 0.0, 0.0, 1.0],
                [0.596754, 0.380736, -0.706333, 0.08761, 0.49469, -0.867677, -0.049679, 0.156893, -0.631724, -0.319799, -0.706135, 0.100323, 0.0, 0.0, 0.0, 1.0],
                [0.606412, 0.370261, -0.70367, 0.089136, 0.488719, -0.871668, -0.037406, 0.153664, -0.627158, -0.321243, -0.709542, 0.098565, 0.0, 0.0, 0.0, 1.0],
                [0.615997, 0.359777, -0.700775, 0.090662, 0.482607, -0.875504, -0.025178, 0.150433, -0.622532, -0.322719, -0.712938, 0.096807, 0.0, 0.0, 0.0, 1.0],
                [0.628972, 0.349211, -0.694565, 0.092187, 0.47393, -0.88049, -0.013435, 0.147204, -0.616191, -0.320755, -0.719305, 0.095049, 0.0, 0.0, 0.0, 1.0],
                [0.641622, 0.338741, -0.688149, 0.093714, 0.46516, -0.885255, -0.001975, 0.143974, -0.6098, -0.318862, -0.725567, 0.093291, 0.0, 0.0, 0.0, 1.0],
                [0.655751, 0.329961, -0.679035, 0.09524, 0.455042, -0.890475, 0.006815, 0.140744, -0.602359, -0.313487, -0.734075, 0.091534, 0.0, 0.0, 0.0, 1.0],
                [0.669648, 0.321102, -0.669652, 0.096765, 0.444739, -0.89556, 0.015391, 0.137514, -0.594716, -0.308155, -0.742516, 0.089775, 0.0, 0.0, 0.0, 1.0],
                [0.684448, 0.315273, -0.657344, 0.098291, 0.434821, -0.900304, 0.021031, 0.134284, -0.585125, -0.30025, -0.753297, 0.088018, 0.0, 0.0, 0.0, 1.0],
                [0.698962, 0.309289, -0.644792, 0.099816, 0.424738, -0.904964, 0.026416, 0.131054, -0.575291, -0.292358, -0.763902, 0.086259, 0.0, 0.0, 0.0, 1.0],
                [0.713826, 0.305858, -0.629973, 0.101343, 0.413569, -0.910112, 0.026835, 0.127825, -0.565085, -0.279719, -0.776154, 0.084502, 0.0, 0.0, 0.0, 1.0],
                [0.728363, 0.302163, -0.614935, 0.102868, 0.402312, -0.915142, 0.026931, 0.124595, -0.554564, -0.267036, -0.788118, 0.082743, 0.0, 0.0, 0.0, 1.0],
                [0.742016, 0.304013, -0.597451, 0.104395, 0.39291, -0.91939, 0.020238, 0.121365, -0.543088, -0.249784, -0.80165, 0.080986, 0.0, 0.0, 0.0, 1.0],
                [0.75535, 0.305451, -0.579743, 0.10592, 0.383535, -0.923468, 0.013252, 0.118135, -0.531276, -0.232383, -0.814692, 0.079227, 0.0, 0.0, 0.0, 1.0],
                [0.767776, 0.31034, -0.560503, 0.107446, 0.375536, -0.926844, 0.001327, 0.114905, -0.519039, -0.211527, -0.828151, 0.07747, 0.0, 0.0, 0.0, 1.0],
                [0.77844, 0.316989, -0.54176, 0.108971, 0.367855, -0.929793, -0.015372, 0.111675, -0.508551, -0.18734, -0.840393, 0.075711, 0.0, 0.0, 0.0, 1.0],
                [0.78887, 0.327043, -0.52027, 0.110497, 0.36251, -0.931334, -0.035672, 0.108445, -0.496165, -0.160477, -0.853257, 0.073954, 0.0, 0.0, 0.0, 1.0],
                [0.800086, 0.34622, -0.489844, 0.112023, 0.362593, -0.929731, -0.064774, 0.105215, -0.477806, -0.1258, -0.869401, 0.072196, 0.0, 0.0, 0.0, 1.0],
                [0.81396, 0.376751, -0.442133, 0.113549, 0.369896, -0.923102, -0.105487, 0.101985, -0.447835, -0.077688, -0.890725, 0.070438, 0.0, 0.0, 0.0, 1.0],
                [0.829094, 0.415817, -0.373701, 0.115667, 0.382772, -0.909463, -0.162567, 0.092946, -0.407427, -0.00826, -0.913192, 0.06607, 0.0, 0.0, 0.0, 1.0],
                [0.842221, 0.454482, -0.289939, 0.117784, 0.393124, -0.885879, -0.246436, 0.083907, -0.368818, 0.093581, -0.924773, 0.061703, 0.0, 0.0, 0.0, 1.0],
                [0.864652, 0.452364, -0.218392, 0.119902, 0.382155, -0.874642, -0.29836, 0.074867, -0.325952, 0.174534, -0.929132, 0.057334, 0.0, 0.0, 0.0, 1.0],
                [0.879983, 0.428349, -0.205167, 0.122019, 0.366735, -0.8874, -0.279441, 0.065828, -0.301736, 0.170678, -0.937987, 0.052967, 0.0, 0.0, 0.0, 1.0],
                [0.898755, 0.388757, -0.202607, 0.124137, 0.340337, -0.910151, -0.236356, 0.056788, -0.276262, 0.143485, -0.950309, 0.0486, 0.0, 0.0, 0.0, 1.0],
                [0.919309, 0.335389, -0.205714, 0.126254, 0.303429, -0.93727, -0.171843, 0.047749, -0.250421, 0.095567, -0.963406, 0.044231, 0.0, 0.0, 0.0, 1.0],
                [0.939772, 0.270107, -0.209275, 0.128372, 0.256794, -0.962421, -0.088797, 0.038709, -0.225375, 0.029711, -0.973817, 0.039863, 0.0, 0.0, 0.0, 1.0],
                [0.95719, 0.196622, -0.212243, 0.130489, 0.203323, -0.979104, 0.01009, 0.02967, -0.205805, -0.052816, -0.977164, 0.035497, 0.0, 0.0, 0.0, 1.0],
                [0.97032, 0.12165, -0.2088, 0.132607, 0.14871, -0.981712, 0.119227, 0.02063, -0.19046, -0.146752, -0.970663, 0.031129, 0.0, 0.0, 0.0, 1.0],
                [0.978633, 0.046517, -0.20007, 0.134724, 0.093938, -0.967591, 0.234586, 0.011591, -0.182657, -0.24839, -0.951284, 0.026762, 0.0, 0.0, 0.0, 1.0],
                [0.982427, -0.021554, -0.185164, 0.136842, 0.045202, -0.936147, 0.348808, 0.002551, -0.180842, -0.35108, -0.91872, 0.022394, 0.0, 0.0, 0.0, 1.0],
                [0.982138, -0.082008, -0.169095, 0.138959, 0.006021, -0.885622, 0.464447, -0.006488, -0.187825, -0.457211, -0.869308, 0.018026, 0.0, 0.0, 0.0, 1.0],
                [0.979925, -0.127024, -0.153382, 0.139361, -0.016792, -0.820194, 0.571895, -0.008943, -0.198429, -0.55789, -0.80586, 0.022071, 0.0, 0.0, 0.0, 1.0],
                [0.975444, -0.157417, -0.153765, 0.139763, -0.009732, -0.728992, 0.684489, -0.011398, -0.219823, -0.666246, -0.712623, 0.026115, 0.0, 0.0, 0.0, 1.0],
                [0.968624, -0.176856, -0.174379, 0.140165, 0.028081, -0.619657, 0.784394, -0.013852, -0.246757, -0.764749, -0.595247, 0.03016, 0.0, 0.0, 0.0, 1.0],
                [0.961186, -0.18224, -0.206951, 0.140566, 0.080353, -0.532841, 0.842407, -0.016307, -0.263768, -0.826415, -0.497516, 0.034203, 0.0, 0.0, 0.0, 1.0],
                [0.957302, -0.175299, -0.229699, 0.140968, 0.116783, -0.492409, 0.862507, -0.018762, -0.264278, -0.852583, -0.450912, 0.038247, 0.0, 0.0, 0.0, 1.0],
                [0.961495, -0.15631, -0.225857, 0.141369, 0.12129, -0.496153, 0.859734, -0.021217, -0.246422, -0.854104, -0.45809, 0.042292, 0.0, 0.0, 0.0, 1.0],
                [0.972281, -0.129023, -0.194779, 0.141771, 0.095231, -0.542448, 0.834691, -0.023672, -0.213332, -0.830179, -0.515124, 0.046336, 0.0, 0.0, 0.0, 1.0],
                [0.982188, -0.099546, -0.159094, 0.141771, 0.071437, -0.585619, 0.807452, -0.023672, -0.173531, -0.804509, -0.568076, 0.046337, 0.0, 0.0, 0.0, 1.0],
                [0.989945, -0.069631, -0.122767, 0.141771, 0.052193, -0.627586, 0.77682, -0.023672, -0.131125, -0.775488, -0.617641, 0.046337, 0.0, 0.0, 0.0, 1.0],
                [0.995856, -0.034604, -0.08357, 0.141771, 0.039094, -0.668526, 0.742689, -0.023672, -0.081561, -0.742947, -0.664402, 0.046337, 0.0, 0.0, 0.0, 1.0],
                [0.999342, -0.000889, -0.034998, 0.141771, 0.024124, -0.707, 0.706836, -0.023672, -0.02537, -0.70728, -0.706512, 0.046337, 0.0, 0.0, 0.0, 1.0],
                [0.999269, 0.034335, 0.01387, 0.141771, 0.01635, -0.745236, 0.66664, -0.023671, 0.033222, -0.665987, -0.745251, 0.046337, 0.0, 0.0, 0.0, 1.0],
                [0.995335, 0.064938, 0.070723, 0.141771, 0.006506, -0.78057, 0.625081, -0.023672, 0.095787, -0.621762, -0.77735, 0.046337, 0.0, 0.0, 0.0, 1.0],
                [0.962336, 0.082676, 0.258946, 0.135828, 0.036339, -0.983215, 0.17886, -0.005104, 0.269381, -0.162716, -0.949187, 0.043862, 0.0, 0.0, 0.0, 1.0],
                [0.945483, 0.067158, 0.318675, 0.133847, 0.064694, -0.997738, 0.018325, 0.001085, 0.319184, 0.00329, -0.947687, 0.043038, 0.0, 0.0, 0.0, 1.0]
            ]
        },
        {
            "name": "Leg_R",
            "time": [0.0, 0.2, 0.2333, 0.2667, 0.3, 0.3333, 0.3667, 0.4, 0.4333, 0.4667, 0.5, 0.5333, 0.5667, 0.6, 0.6333, 0.6667, 0.7, 0.7667, 0.8333, 0.9, 0.9667, 1.0, 1.0333, 1.0667, 1.1, 1.1333, 1.1667, 1.2, 1.2333, 1.2667, 1.3, 1.3333, 1.3667, 1.4, 1.4333, 1.4667, 1.5, 1.5333, 1.5667, 1.6, 1.6333, 1.6667, 1.7, 1.7333, 1.7667, 1.8, 1.8333, 1.8667, 1.9, 1.9333, 1.9667, 2.0, 2.0333, 2.0667, 2.1, 2.1333, 2.1667, 2.2, 2.2333, 2.2667, 2.3, 2.3333, 2.3667, 2.4, 2.4333, 2.4667, 2.5, 2.5333, 2.5667, 2.6, 2.6333, 2.6667, 2.7, 2.7333, 2.7667, 2.8, 2.8333, 2.8667, 3.1667, 3.3667],
            "transform": [
                [0.999954, 0.001931, -0.000293, 0.0, -0.000293, 0.296421, 0.955033, 0.37472, 0.001931, -0.955137, 0.296388, 0.0, 0.0, 0.0, 0.0, 1.0],
                [0.999954, 0.001808, -0.000739, 0.0, -0.000742, 0.701742, 0.712462, 0.37472, 0.001807, -0.712511, 0.701692, 0.0, 0.0, 0.0, 0.0, 1.0],
                [0.999954, 0.001855, -0.000613, -0.0, -0.000615, 0.596713, 0.802468, 0.37472, 0.001854, -0.802534, 0.596663, 0.0, 0.0, 0.0, 0.0, 1.0],
                [0.999954, 0.001883, -0.00052, -0.0, -0.000522, 0.514057, 0.857757, 0.37472, 0.001882, -0.857835, 0.514009, -0.0, 0.0, 0.0, 0.0, 1.0],
                [0.999953, 0.00189, -0.000495, -0.0, -0.000497, 0.491317, 0.870978, 0.37472, 0.001889, -0.87106, 0.49127, 0.0, 0.0, 0.0, 0.0, 1.0],
                [0.999954, 0.001882, -0.000525, -0.0, -0.000526, 0.518133, 0.855301, 0.37472, 0.001881, -0.855379, 0.518085, 0.0, 0.0, 0.0, 0.0, 1.0],
                [0.999954, 0.001888, -0.000504, -0.0, -0.000505, 0.498963, 0.866622, 0.37472, 0.001887, -0.866702, 0.498916, -0.0, 0.0, 0.0, 0.0, 1.0],
                [0.999954, 0.0019, -0.000459, 0.0, -0.000461, 0.457693, 0.889104, 0.37472, 0.001899, -0.889189, 0.457648, -0.0, 0.0, 0.0, 0.0, 1.0],
                [0.999954, 0.00191, -0.000415, 0.0, -0.000416, 0.415375, 0.909638, 0.37472, 0.00191, -0.909729, 0.415332, 0.0, 0.0, 0.0, 0.0, 1.0],
                [0.999954, 0.001918, -0.000369, -0.0, -0.000371, 0.372163, 0.928151, 0.37472, 0.001918, -0.928247, 0.372124, 0.0, 0.0, 0.0, 0.0, 1.0],
                [0.999954, 0.00194, -0.000229, 0.0, -0.000232, 0.234497, 0.972088, 0.37472, 0.001939, -0.972196, 0.234471, 0.0, 0.0, 0.0, 0.0, 1.0],
                [0.999954, 0.001948, -0.000145, 0.0, -0.000148, 0.149325, 0.988754, 0.37472, 0.001947, -0.988869, 0.149307, 0.0, 0.0, 0.0, 0.0, 1.0],
                [0.999954, 0.001944, -0.00018, -0.0, -0.000182, 0.184991, 0.982708, 0.37472, 0.001944, -0.982821, 0.18497, -0.0, 0.0, 0.0, 0.0, 1.0],
                [0.999954, 0.001934, -0.000269, -0.0, -0.000272, 0.27415, 0.961661, 0.37472, 0.001934, -0.961767, 0.274119, -0.0, 0.0, 0.0, 0.0, 1.0],
                [0.999955, 0.001952, -7.3e-05, -0.0, -7.5e-05, 0.0757, 0.997095, 0.37472, 0.001951, -0.99721, 0.075691, 0.0, 0.0, 0.0, 0.0, 1.0],
                [0.999955, 0.001942, 0.000204, 0.0, 0.000202, -0.206897, 0.978333, 0.37472, 0.001942, -0.978442, -0.206873, 0.0, 0.0, 0.0, 0.0, 1.0],
                [0.999954, 0.00191, 0.000403, -0.0, 0.000401, -0.402749, 0.915297, 0.37472, 0.001911, -0.915389, -0.402707, -0.0, 0.0, 0.0, 0.0, 1.0],
                [0.999954, 0.001899, 0.000453, -0.0, 0.000451, -0.450825, 0.892604, 0.37472, 0.001899, -0.892691, -0.45078, 0.0, 0.0, 0.0, 0.0, 1.0],
                [0.999954, 0.001905, 0.000427, -0.0, 0.000426, -0.426668, 0.904397, 0.37472, 0.001905, -0.904487, -0.426625, 0.0, 0.0, 0.0, 0.0, 1.0],
                [0.999954, 0.001915, 0.000377, 0.0, 0.000375, -0.37834, 0.925651, 0.37472, 0.001915, -0.925747, -0.3783, 0.0, 0.0, 0.0, 0.0, 1.0],
                [0.999954, 0.00192, 0.000358, -0.0, 0.000356, -0.359712, 0.933046, 0.37472, 0.00192, -0.933143, -0.359674, -0.0, 0.0, 0.0, 0.0, 1.0],
                [0.999954, 0.001951, 8.5e-05, -0.0, 8.1e-05, -0.08507, 0.996339, 0.37472, 0.001951, -0.996455, -0.08506, 0.0, 0.0, 0.0, 0.0, 1.0],
                [0.999954, 0.001954, 1.9e-05, 0.0, 1.7e-05, -0.018301, 0.999796, 0.37472, 0.001953, -0.999912, -0.018299, 0.0, 0.0, 0.0, 0.0, 1.0],
                [0.999954, 0.001953, -8e-06, -0.0, -1.3e-05, 0.010716, 0.999906, 0.37472, 0.001953, -1.000022, 0.010715, -0.0, 0.0, 0.0, 0.0, 1.0],
                [0.999954, 0.001953, -3e-05, 0.0, -3.4e-05, 0.032944, 0.999421, 0.37472, 0.001953, -0.999538, 0.03294, 0.0, 0.0, 0.0, 0.0, 1.0],
                [0.999954, 0.001952, -4.6e-05, -0.0, -5e-05, 0.04921, 0.998752, 0.37472, 0.001952, -0.998868, 0.049204, 0.0, 0.0, 0.0, 0.0, 1.0],
                [0.999955, 0.001952, -5.7e-05, 0.0, -6.1e-05, 0.060608, 0.998126, 0.37472, 0.001952, -0.998241, 0.060601, -0.0, 0.0, 0.0, 0.0, 1.0],
                [0.999954, 0.001952, -6.2e-05, 0.0, -6.7e-05, 0.066282, 0.997765, 0.37472, 0.001951, -0.997881, 0.066275, 0.0, 0.0, 0.0, 0.0, 1.0],
                [0.999954, 0.001952, -6.1e-05, 0.0, -6.5e-05, 0.064392, 0.997888, 0.37472, 0.001952, -0.998005, 0.064384, 0.0, 0.0, 0.0, 0.0, 1.0],
                [0.999954, 0.001952, -5.9e-05, 0.0, -6.3e-05, 0.062502, 0.998009, 0.37472, 0.001951, -0.998125, 0.062494, -0.0, 0.0, 0.0, 0.0, 1.0],
                [0.999954, 0.001952, -5.1e-05, -0.0, -5.6e-05, 0.054918, 0.998454, 0.37472, 0.001952, -0.998571, 0.054911, -0.0, 0.0, 0.0, 0.0, 1.0],
                [0.999954, 0.001953, -3.9e-05, 0.0, -4.3e-05, 0.04201, 0.999081, 0.37472, 0.001953, -0.999198, 0.042005, -0.0, 0.0, 0.0, 0.0, 1.0],
                [0.999954, 0.001953, -2.7e-05, -0.0, -3e-05, 0.029096, 0.99954, 0.37472, 0.001953, -0.999657, 0.029093, -0.0, 0.0, 0.0, 0.0, 1.0],
                [0.999954, 0.001953, -8e-06, 0.0, -1.3e-05, 0.01053, 0.999908, 0.37472, 0.001953, -1.000025, 0.010528, -0.0, 0.0, 0.0, 0.0, 1.0],
                [0.999954, 0.001953, 1e-05, -0.0, 6e-06, -0.008048, 0.999931, 0.37472, 0.001953, -1.000048, -0.008047, 0.0, 0.0, 0.0, 0.0, 1.0],
                [0.999954, 0.001953, 2.8e-05, 0.0, 2.4e-05, -0.026625, 0.999609, 0.37472, 0.001953, -0.999726, -0.026622, 0.0, 0.0, 0.0, 0.0, 1.0],
                [0.999955, 0.001953, 4.5e-05, 0.0, 4.3e-05, -0.045193, 0.998942, 0.37472, 0.001952, -0.999058, -0.045188, 0.0, 0.0, 0.0, 0.0, 1.0],
                [0.999955, 0.001952, 6.4e-05, -0.0, 6.1e-05, -0.063742, 0.99793, 0.37472, 0.001952, -0.998046, -0.063735, -0.0, 0.0, 0.0, 0.0, 1.0],
                [0.999954, 0.001951, 8.2e-05, 0.0, 7.9e-05, -0.082374, 0.996566, 0.37472, 0.001951, -0.996682, -0.082364, -0.0, 0.0, 0.0, 0.0, 1.0],
                [0.999954, 0.00195, 9.9e-05, -0.0, 9.5e-05, -0.098973, 0.995055, 0.37472, 0.00195, -0.99517, -0.098961, -0.0, 0.0, 0.0, 0.0, 1.0],
                [0.999954, 0.001949, 0.000114, -0.0, 0.000112, -0.115653, 0.993255, 0.37472, 0.001949, -0.99337, -0.11564, 0.0, 0.0, 0.0, 0.0, 1.0],
                [0.999954, 0.001949, 0.000128, 0.0, 0.000124, -0.128436, 0.991684, 0.37472, 0.001949, -0.991798, -0.128421, 0.0, 0.0, 0.0, 0.0, 1.0],
                [0.999954, 0.001948, 0.00014, -0.0, 0.000136, -0.141196, 0.989948, 0.37472, 0.001948, -0.990062, -0.141179, -0.0, 0.0, 0.0, 0.0, 1.0],
                [0.999954, 0.001948, 0.000146, 0.0, 0.000142, -0.147514, 0.989027, 0.37472, 0.001948, -0.98914, -0.147497, -0.0, 0.0, 0.0, 0.0, 1.0],
                [0.999954, 0.001947, 0.000152, -0.0, 0.000149, -0.153825, 0.988065, 0.37472, 0.001947, -0.988178, -0.153807, -0.0, 0.0, 0.0, 0.0, 1.0],
                [0.999954, 0.001947, 0.000151, 0.0, 0.000148, -0.152927, 0.988204, 0.37472, 0.001947, -0.988317, -0.152909, -0.0, 0.0, 0.0, 0.0, 1.0],
                [0.999954, 0.001947, 0.000151, -0.0, 0.000147, -0.152027, 0.988343, 0.37472, 0.001947, -0.988456, -0.15201, -0.0, 0.0, 0.0, 0.0, 1.0],
                [0.999954, 0.001947, 0.000142, 0.0, 0.000139, -0.143909, 0.989557, 0.37472, 0.001947, -0.989671, -0.143893, 0.0, 0.0, 0.0, 0.0, 1.0],
                [0.999955, 0.001949, 0.000129, -0.0, 0.000126, -0.130294, 0.991441, 0.37472, 0.001949, -0.991555, -0.130279, 0.0, 0.0, 0.0, 0.0, 1.0],
                [0.999954, 0.00195, 0.00011, 0.0, 0.000107, -0.111054, 0.99378, 0.37472, 0.00195, -0.993895, -0.111041, 0.0, 0.0, 0.0, 0.0, 1.0],
                [0.999954, 0.001951, 8.5e-05, 0.0, 8.1e-05, -0.08507, 0.99634, 0.37472, 0.001951, -0.996455, -0.08506, -0.0, 0.0, 0.0, 0.0, 1.0],
                [0.999954, 0.001953, 4.7e-05, -0.0, 4.4e-05, -0.046348, 0.998889, 0.37472, 0.001953, -0.999005, -0.046343, -0.0, 0.0, 0.0, 0.0, 1.0],
                [0.999954, 0.001953, -8e-06, -0.0, -1.1e-05, 0.009745, 0.999916, 0.37472, 0.001953, -1.000032, 0.009744, -0.0, 0.0, 0.0, 0.0, 1.0],
                [0.999954, 0.001951, -9.1e-05, 0.0, -9.5e-05, 0.095322, 0.995411, 0.37472, 0.001951, -0.995526, 0.095311, -0.0, 0.0, 0.0, 0.0, 1.0],
                [0.999955, 0.001942, -0.000208, 0.0, -0.000212, 0.213843, 0.976838, 0.37472, 0.001942, -0.976947, 0.213819, -0.0, 0.0, 0.0, 0.0, 1.0],
                [0.999954, 0.00193, -0.000301, -0.0, -0.000304, 0.306256, 0.951926, 0.37472, 0.00193, -0.952028, 0.306222, 0.0, 0.0, 0.0, 0.0, 1.0],
                [0.999955, 0.001936, -0.000258, -0.0, -0.000262, 0.264128, 0.964461, 0.37472, 0.001935, -0.964566, 0.264099, 0.0, 0.0, 0.0, 0.0, 1.0],
                [0.999955, 0.001944, -0.00019, -0.0, -0.000192, 0.194667, 0.980839, 0.37472, 0.001944, -0.980949, 0.194645, -0.0, 0.0, 0.0, 0.0, 1.0],
                [0.999954, 0.001951, -0.000102, 0.0, -0.000104, 0.105518, 0.994383, 0.37472, 0.00195, -0.994498, 0.105506, 0.0, 0.0, 0.0, 0.0, 1.0],
                [0.999954, 0.001954, -5e-06, -0.0, -8e-06, 0.006826, 0.99994, 0.37472, 0.001953, -1.000056, 0.006825, 0.0, 0.0, 0.0, 0.0, 1.0],
                [0.999954, 0.001952, 9.1e-05, -0.0, 9e-05, -0.092531, 0.995675, 0.37472, 0.001951, -0.99579, -0.09252, 0.0, 0.0, 0.0, 0.0, 1.0],
                [0.999954, 0.001945, 0.000184, -0.0, 0.000183, -0.186756, 0.982374, 0.37472, 0.001944, -0.982486, -0.186734, -1e-06, 0.0, 0.0, 0.0, 1.0],
                [0.999955, 0.001935, 0.000265, 0.0, 0.000264, -0.268313, 0.963306, 0.37472, 0.001935, -0.963411, -0.268283, 0.0, 0.0, 0.0, 0.0, 1.0],
                [0.999954, 0.001925, 0.000329, 0.0, 0.000328, -0.331256, 0.94352, 0.37472, 0.001925, -0.94362, -0.33122, -0.0, 0.0, 0.0, 0.0, 1.0],
                [0.999954, 0.001917, 0.000377, 0.0, 0.000376, -0.37834, 0.92565, 0.37472, 0.001916, -0.925746, -0.3783, -1e-06, 0.0, 0.0, 0.0, 1.0],
                [0.999954, 0.00191, 0.000406, -0.0, 0.000405, -0.406518, 0.91363, 0.37472, 0.00191, -0.913722, -0.406476, -0.0, 0.0, 0.0, 0.0, 1.0],
                [0.999955, 0.001908, 0.000415, 0.0, 0.000415, -0.415456, 0.909601, 0.37472, 0.001908, -0.909691, -0.415414, 0.0, 0.0, 0.0, 0.0, 1.0],
                [0.999954, 0.001915, 0.000386, -0.0, 0.000385, -0.386786, 0.922154, 0.37472, 0.001915, -0.922249, -0.386746, -0.0, 0.0, 0.0, 0.0, 1.0],
                [0.999956, 0.001929, 0.000301, 0.0, 0.000299, -0.303811, 0.952709, 0.37472, 0.00193, -0.95281, -0.303778, 0.0, 0.0, 0.0, 0.0, 1.0],
                [0.999955, 0.001944, 0.000182, -0.0, 0.00018, -0.184993, 0.982708, 0.37472, 0.001944, -0.982819, -0.184972, 0.0, 0.0, 0.0, 0.0, 1.0],
                [0.999954, 0.001952, 8e-05, 0.0, 7.7e-05, -0.080392, 0.996727, 0.37472, 0.001951, -0.996844, -0.080382, 0.0, 0.0, 0.0, 0.0, 1.0],
                [0.999955, 0.001954, 1.7e-05, -0.0, 1.6e-05, -0.017057, 0.999818, 0.37472, 0.001954, -0.999934, -0.017055, 0.0, 0.0, 0.0, 0.0, 1.0],
                [0.999955, 0.001953, -4.4e-05, -0.0, -4.6e-05, 0.046348, 0.998888, 0.37472, 0.001953, -0.999004, 0.046343, 0.0, 0.0, 0.0, 0.0, 1.0],
                [0.999955, 0.001952, -0.000109, 0.0, -0.000111, 0.11238, 0.99363, 0.37472, 0.001951, -0.993745, 0.112367, 0.0, 0.0, 0.0, 0.0, 1.0],
                [0.999955, 0.001946, -0.000173, 0.0, -0.000175, 0.17792, 0.984012, 0.37472, 0.001945, -0.984125, 0.177899, 0.0, 0.0, 0.0, 0.0, 1.0],
                [0.999955, 0.00194, -0.000236, -0.0, -0.000238, 0.240542, 0.97061, 0.37472, 0.00194, -0.970718, 0.240515, 1e-06, 0.0, 0.0, 0.0, 1.0],
                [0.999954, 0.001931, -0.000298, 0.0, -0.0003, 0.30218, 0.953227, 0.37472, 0.00193, -0.953331, 0.302146, -0.0, 0.0, 0.0, 0.0, 1.0],
                [0.999955, 0.00192, -0.000362, -0.0, -0.000364, 0.365174, 0.930921, 0.37472, 0.001919, -0.931018, 0.365135, -0.0, 0.0, 0.0, 0.0, 1.0],
                [0.99999, 0.001742, -0.000953, -0.0, -0.000954, 0.842495, 0.538722, 0.37472, 0.001741, -0.538733, 0.842474, 0.0, 0.0, 0.0, 0.0, 1.0],
                [1.000002, 0.001608, -0.001109, -0.0, -0.00111, 0.934967, 0.354727, 0.37472, 0.001607, -0.354724, 0.934969, -0.0, 0.0, 0.0, 0.0, 1.0]
            ]
        },
        {
            "name": "Knee_R",
            "time": [0.0, 3.1667, 3.3667],
            "transform": [
