{
    "animation": [
        {
            "name": "Root",
            "time": [0.0, 0.1, 0.1333, 0.1667, 0.2, 0.2667, 0.3, 0.3333, 0.4, 0.4333, 0.4667, 0.5, 0.5333, 0.6, 0.6667, 0.7, 0.7333, 0.7667, 0.8, 0.8333, 0.9, 0.9667, 1.0333, 1.1, 1.1667, 1.2, 1.2667, 1.3667, 1.4333, 1.4667, 1.5, 1.5333, 1.5667, 1.6, 1.6333, 1.6667, 1.7, 1.7667, 1.8, 1.8667, 1.9, 1.9333, 1.9667, 2.0, 2.0333, 2.0667, 2.1, 2.1333, 2.1667, 2.2, 2.2333, 2.2667, 2.3, 2.3333, 2.3667, 2.4, 2.4333, 2.4667, 2.5, 2.5333, 2.5667, 2.6, 2.6333, 2.6667, 2.7, 2.7333, 2.7667, 3.2333],
            "transform": [
                [0.235474, -0.001209, 0.971881, -0.016201, 0.971723, 0.018332, -0.235413, -0.204839, -0.017532, 0.999831, 0.005491, 0.321955, 0.0, 0.0, 0.0, 1.0],
                [-0.334978, -0.001597, 0.942226, -0.282632, 0.942066, 0.017922, 0.334952, -0.245786, -0.017421, 0.999839, -0.004499, 0.349705, 0.0, 0.0, 0.0, 1.0],
                [-0.347491, -0.001604, 0.937684, -0.269411, 0.937523, 0.017911, 0.347463, -0.282122, -0.017353, 0.999839, -0.00472, 0.355292, 0.0, 0.0, 0.0, 1.0],
                [-0.352095, -0.001607, 0.935964, -0.257681, 0.935805, 0.017908, 0.352066, -0.300005, -0.017327, 0.999839, -0.004802, 0.360568, 0.0, 0.0, 0.0, 1.0],
                [-0.347492, -0.001604, 0.937683, -0.248562, 0.937523, 0.017911, 0.347464, -0.285601, -0.017353, 0.999839, -0.00472, 0.365302, 0.0, 0.0, 0.0, 1.0],
                [-0.342881, -0.001601, 0.939379, -0.237466, 0.939218, 0.017915, 0.342854, -0.241604, -0.017378, 0.999838, -0.004639, 0.369539, 0.0, 0.0, 0.0, 1.0],
                [-0.346174, -0.001603, 0.93817, -0.223644, 0.93801, 0.017912, 0.346147, -0.177244, -0.01736, 0.999839, -0.004697, 0.373433, 0.0, 0.0, 0.0, 1.0],
                [-0.332319, -0.001595, 0.943167, -0.213983, 0.943006, 0.017924, 0.332294, -0.088469, -0.017436, 0.999838, -0.004453, 0.376918, 0.0, 0.0, 0.0, 1.0],
                [-0.279731, -0.001563, 0.960079, -0.215361, 0.959916, 0.017968, 0.279714, 0.028768, -0.017688, 0.999838, -0.003526, 0.379925, 0.0, 0.0, 0.0, 1.0],
                [-0.161819, -0.001489, 0.986821, -0.234658, 0.986656, 0.01806, 0.161819, 0.178514, -0.018063, 0.999836, -0.001453, 0.382386, 0.0, 0.0, 0.0, 1.0],
                [0.064909, -0.001336, 0.997892, -0.292645, 0.997727, 0.018221, -0.064874, 0.398696, -0.018096, 0.999833, 0.002516, 0.385301, 0.0, 0.0, 0.0, 1.0],
                [0.380233, -0.001088, 0.924891, -0.38278, 0.924742, 0.018419, -0.380151, 0.685107, -0.016622, 0.99983, 0.008009, 0.387104, 0.0, 0.0, 0.0, 1.0],
                [0.691198, -0.000768, 0.722666, -0.470984, 0.72255, 0.018592, -0.69107, 0.978682, -0.012905, 0.999827, 0.013405, 0.388787, 0.0, 0.0, 0.0, 1.0],
                [0.904074, -0.000428, 0.427377, -0.523206, 0.42731, 0.018702, -0.903913, 1.220283, -0.007606, 0.999825, 0.017091, 0.386559, 0.0, 0.0, 0.0, 1.0],
                [0.998439, -5.4e-05, 0.055862, -0.52222, 0.055853, 0.018748, -0.998265, 1.392511, -0.000993, 0.999825, 0.018722, 0.373834, 0.0, 0.0, 0.0, 1.0],
                [0.933975, 0.000355, -0.357338, -0.48893, -0.357281, 0.018716, -0.933811, 1.527401, 0.006356, 0.999825, 0.017607, 0.353712, 0.0, 0.0, 0.0, 1.0],
                [0.747958, 0.000694, -0.663747, -0.446507, -0.663641, 0.018621, -0.747821, 1.64011, 0.011841, 0.999827, 0.014389, 0.340315, 0.0, 0.0, 0.0, 1.0],
                [0.585686, 0.00089, -0.810539, -0.418064, -0.810409, 0.018535, -0.585573, 1.745839, 0.014502, 0.999828, 0.011576, 0.347804, 0.0, 0.0, 0.0, 1.0],
                [0.597408, 0.000877, -0.801938, -0.406481, -0.801809, 0.018541, -0.597294, 1.827808, 0.014345, 0.999828, 0.01178, 0.397353, 0.0, 0.0, 0.0, 1.0],
                [0.731181, 0.000717, -0.682184, -0.406001, -0.682075, 0.018613, -0.731047, 1.888456, 0.012173, 0.999827, 0.014098, 0.475621, 0.0, 0.0, 0.0, 1.0],
                [0.861026, 0.000515, -0.508562, -0.426775, -0.50848, 0.01868, -0.860873, 1.971829, 0.009056, 0.999826, 0.016346, 0.544906, 0.0, 0.0, 0.0, 1.0],
                [0.955562, 0.000291, -0.294792, -0.480379, -0.294745, 0.018727, -0.955394, 2.086512, 0.005242, 0.999825, 0.017981, 0.59644, 0.0, 0.0, 0.0, 1.0],
                [0.99992, 1.3e-05, -0.012658, -0.555252, -0.012656, 0.018749, -0.999746, 2.223886, 0.000225, 0.999825, 0.018748, 0.638991, 0.0, 0.0, 0.0, 1.0],
                [0.961693, -0.000269, 0.274131, -0.626768, 0.274087, 0.018731, -0.961524, 2.402195, -0.004876, 0.999825, 0.018087, 0.661076, 0.0, 0.0, 0.0, 1.0],
                [0.804783, -0.00061, 0.59357, -0.707144, 0.593475, 0.018651, -0.804638, 2.672709, -0.01058, 0.999826, 0.015372, 0.641558, 0.0, 0.0, 0.0, 1.0],
                [0.689582, -0.000769, 0.724208, -0.734683, 0.724092, 0.018591, -0.689454, 2.996316, -0.012933, 0.999827, 0.013377, 0.585111, 0.0, 0.0, 0.0, 1.0],
                [0.896621, -0.000444, 0.442799, -0.603541, 0.442728, 0.018698, -0.896462, 3.343403, -0.007881, 0.999825, 0.016962, 0.498901, 0.0, 0.0, 0.0, 1.0],
                [0.997131, 7.4e-05, -0.075694, -0.45087, -0.075682, 0.018748, -0.996957, 3.646398, 0.001345, 0.999825, 0.018699, 0.397952, 0.0, 0.0, 0.0, 1.0],
                [0.833796, 0.000563, -0.552074, -0.37967, -0.551986, 0.018666, -0.833646, 3.849421, 0.009836, 0.999826, 0.015875, 0.290969, 0.0, 0.0, 0.0, 1.0],
                [0.467373, 0.001009, -0.884061, -0.332955, -0.883918, 0.018468, -0.467277, 4.007087, 0.015855, 0.999829, 0.009523, 0.184749, 0.0, 0.0, 0.0, 1.0],
                [0.081456, 0.001324, -0.996677, -0.271031, -0.996514, 0.018232, -0.081419, 4.171578, 0.018064, 0.999833, 0.002805, 0.064801, 0.0, 0.0, 0.0, 1.0],
                [0.102804, 0.001309, -0.994702, -0.226923, -0.994539, 0.018245, -0.102764, 4.227376, 0.018014, 0.999833, 0.003177, 0.01116, 0.0, 0.0, 0.0, 1.0],
                [0.152923, 0.001272, -0.988238, -0.213781, -0.988077, 0.018278, -0.152874, 4.23707, 0.017869, 0.999833, 0.004052, -0.000117, 0.0, 0.0, 0.0, 1.0],
                [0.182995, 0.001249, -0.983115, -0.208131, -0.982954, 0.018298, -0.182943, 4.244119, 0.01776, 0.999832, 0.004576, -0.002076, 0.0, 0.0, 0.0, 1.0],
                [0.188711, 0.001245, -0.982034, -0.207244, -0.981873, 0.018301, -0.188657, 4.251204, 0.017737, 0.999832, 0.004676, 0.001338, 0.0, 0.0, 0.0, 1.0],
                [0.194421, 0.00124, -0.980919, -0.207542, -0.980759, 0.018305, -0.194366, 4.256451, 0.017714, 0.999832, 0.004775, 0.007449, 0.0, 0.0, 0.0, 1.0],
                [0.200124, 0.001236, -0.979771, -0.208921, -0.979611, 0.018308, -0.200068, 4.26007, 0.017691, 0.999832, 0.004875, 0.013587, 0.0, 0.0, 0.0, 1.0],
                [0.205821, 0.001232, -0.97859, -0.211263, -0.978431, 0.018311, -0.205765, 4.262383, 0.017666, 0.999832, 0.004974, 0.02267, 0.0, 0.0, 0.0, 1.0],
                [0.21151, 0.001227, -0.977376, -0.214464, -0.977217, 0.018316, -0.211453, 4.263591, 0.017642, 0.999832, 0.005073, 0.031772, 0.0, 0.0, 0.0, 1.0],
                [0.217192, 0.001223, -0.976129, -0.21841, -0.975971, 0.018319, -0.217134, 4.264001, 0.017617, 0.999832, 0.005172, 0.043038, 0.0, 0.0, 0.0, 1.0],
                [0.222902, 0.001218, -0.974842, -0.223025, -0.974682, 0.018323, -0.222843, 4.263824, 0.01759, 0.999832, 0.005271, 0.054395, 0.0, 0.0, 0.0, 1.0],
                [0.228535, 0.001214, -0.973537, -0.2281, -0.973377, 0.018326, -0.228475, 4.263371, 0.017564, 0.999832, 0.00537, 0.067397, 0.0, 0.0, 0.0, 1.0],
                [0.236993, 0.001207, -0.971512, -0.233625, -0.971354, 0.018331, -0.236932, 4.262858, 0.017523, 0.999832, 0.005517, 0.080482, 0.0, 0.0, 0.0, 1.0],
                [0.245434, 0.0012, -0.969414, -0.239457, -0.969256, 0.018337, -0.245372, 4.26255, 0.017481, 0.999832, 0.005664, 0.093563, 0.0, 0.0, 0.0, 1.0],
                [0.256225, 0.001192, -0.966618, -0.245484, -0.96646, 0.018343, -0.256161, 4.262709, 0.017425, 0.999831, 0.005852, 0.106636, 0.0, 0.0, 0.0, 1.0],
                [0.266984, 0.001183, -0.963701, -0.251596, -0.963545, 0.01835, -0.266919, 4.263596, 0.017368, 0.999831, 0.006039, 0.119697, 0.0, 0.0, 0.0, 1.0],
                [0.283092, 0.00117, -0.959094, -0.257686, -0.958937, 0.01836, -0.283024, 4.265473, 0.017278, 0.999831, 0.00632, 0.132742, 0.0, 0.0, 0.0, 1.0],
                [0.299119, 0.001157, -0.954217, -0.26364, -0.954061, 0.01837, -0.299049, 4.268589, 0.017183, 0.999831, 0.006598, 0.145066, 0.0, 0.0, 0.0, 1.0],
                [0.32009, 0.001139, -0.947388, -0.269351, -0.947234, 0.018383, -0.320016, 4.273219, 0.017051, 0.999831, 0.006963, 0.157365, 0.0, 0.0, 0.0, 1.0],
                [0.340905, 0.001122, -0.940099, -0.275545, -0.939946, 0.018394, -0.340828, 4.27916, 0.01691, 0.99983, 0.007325, 0.167888, 0.0, 0.0, 0.0, 1.0],
                [0.367832, 0.001099, -0.929893, -0.282838, -0.929742, 0.018411, -0.367752, 4.286116, 0.016716, 0.99983, 0.007794, 0.178394, 0.0, 0.0, 0.0, 1.0],
                [0.39906, 0.001071, -0.916926, -0.290948, -0.916778, 0.018429, -0.398975, 4.294099, 0.016471, 0.99983, 0.008336, 0.188883, 0.0, 0.0, 0.0, 1.0],
                [0.434412, 0.001039, -0.900715, -0.299595, -0.90057, 0.01845, -0.434321, 4.303127, 0.016166, 0.99983, 0.008951, 0.199354, 0.0, 0.0, 0.0, 1.0],
                [0.472401, 0.001004, -0.881384, -0.308497, -0.881242, 0.018471, -0.472305, 4.313218, 0.015805, 0.999829, 0.00961, 0.209807, 0.0, 0.0, 0.0, 1.0],
                [0.514038, 0.000963, -0.857768, -0.317374, -0.85763, 0.018495, -0.513936, 4.324425, 0.015369, 0.999829, 0.010333, 0.222363, 0.0, 0.0, 0.0, 1.0],
                [0.558364, 0.000918, -0.829597, -0.325944, -0.829463, 0.01852, -0.558255, 4.336726, 0.014851, 0.999828, 0.011102, 0.234902, 0.0, 0.0, 0.0, 1.0],
                [0.604975, 0.000869, -0.796245, -0.333926, -0.796117, 0.018545, -0.604859, 4.350187, 0.014241, 0.999828, 0.011911, 0.250102, 0.0, 0.0, 0.0, 1.0],
                [0.653654, 0.000814, -0.756795, -0.341039, -0.756674, 0.018572, -0.65353, 4.364817, 0.013524, 0.999828, 0.012756, 0.267638, 0.0, 0.0, 0.0, 1.0],
                [0.699766, 0.000757, -0.714373, -0.347, -0.714259, 0.018596, -0.699636, 4.380638, 0.012755, 0.999827, 0.013554, 0.287982, 0.0, 0.0, 0.0, 1.0],
                [0.748461, 0.000693, -0.66318, -0.35208, -0.663074, 0.018622, -0.748323, 4.3983, 0.011831, 0.999827, 0.014397, 0.312523, 0.0, 0.0, 0.0, 1.0],
                [0.798313, 0.000621, -0.602244, -0.356719, -0.602148, 0.018648, -0.798168, 4.418128, 0.010735, 0.999826, 0.015261, 0.34158, 0.0, 0.0, 0.0, 1.0],
                [0.846592, 0.000541, -0.532242, -0.360898, -0.532157, 0.018672, -0.846442, 4.439683, 0.00948, 0.999826, 0.016096, 0.373964, 0.0, 0.0, 0.0, 1.0],
                [0.890057, 0.000459, -0.455849, -0.364592, -0.455777, 0.018694, -0.889899, 4.462525, 0.008114, 0.999826, 0.016848, 0.408818, 0.0, 0.0, 0.0, 1.0],
                [0.927245, 0.000373, -0.374455, -0.367784, -0.374395, 0.018713, -0.927082, 4.48619, 0.006662, 0.999825, 0.017491, 0.443658, 0.0, 0.0, 0.0, 1.0],
                [0.956819, 0.000287, -0.290684, -0.37045, -0.290637, 0.018728, -0.956652, 4.510255, 0.005169, 0.999825, 0.018003, 0.478491, 0.0, 0.0, 0.0, 1.0],
                [0.978367, 0.000204, -0.20688, -0.372567, -0.206847, 0.018738, -0.978195, 4.534298, 0.003678, 0.999825, 0.018375, 0.513324, 0.0, 0.0, 0.0, 1.0],
                [0.991949, 0.000124, -0.126636, -0.374112, -0.126615, 0.018745, -0.991777, 4.557838, 0.002251, 0.999825, 0.01861, 0.544728, 0.0, 0.0, 0.0, 1.0],
                [0.907198, 0.000421, -0.420704, -0.362378, -0.420638, 0.018703, -0.907037, 4.826417, 0.007487, 0.999825, 0.017144, 0.668693, 0.0, 0.0, 0.0, 1.0]
            ]
        },
        {
            "name": "Thigh_R",
            "time": [0.0, 0.1, 0.1333, 0.1667, 0.2, 0.2667, 0.3, 0.3333, 0.3667, 0.4, 0.4333, 0.4667, 0.5, 0.5333, 0.6, 0.6667, 0.7, 0.7333, 0.7667, 0.8, 0.8333, 0.9, 0.9667, 1.0, 1.0333, 1.1, 1.1667, 1.2, 1.2667, 1.3667, 1.4, 1.4333, 1.4667, 1.5, 1.5333, 1.5667, 1.6, 1.6333, 1.6667, 1.7, 1.7667, 1.8, 1.8667, 1.9, 1.9333, 1.9667, 2.0, 2.0333, 2.0667, 2.1, 2.1333, 2.1667, 2.2, 2.2333, 2.2667, 2.3, 2.3333, 2.3667, 2.4, 2.4333, 2.4667, 2.5, 2.5333, 2.5667, 2.6, 2.6333, 2.6667, 2.7, 2.7333, 2.7667, 3.2333],
            "transform": [
                [0.912091, 0.392201, -0.119179, 0.125082, 0.36867, -0.657981, 0.656638, 0.007652, 0.179099, -0.642914, -0.744731, 0.000654, 0.0, 0.0, 0.0, 1.0],
                [0.247675, 0.889752, 0.383405, 0.071253, 0.551431, -0.454841, 0.699316, -0.057131, 0.796606, 0.038218, -0.60329, -0.023607, 0.0, 0.0, 0.0, 1.0],
                [0.244896, 0.87757, 0.412187, 0.073311, 0.565243, -0.474638, 0.6747, -0.052549, 0.787735, 0.067755, -0.612278, -0.030658, 0.0, 0.0, 0.0, 1.0],
                [0.247316, 0.862204, 0.442085, 0.075369, 0.572648, -0.498112, 0.651121, -0.047968, 0.781607, 0.092127, -0.616932, -0.037708, 0.0, 0.0, 0.0, 1.0],
                [0.269393, 0.845594, 0.460869, 0.077427, 0.564758, -0.526348, 0.635615, -0.043386, 0.780048, 0.08905, -0.619351, -0.044759, 0.0, 0.0, 0.0, 1.0],
                [0.30802, 0.829111, 0.466582, 0.081543, 0.546979, -0.555599, 0.626198, -0.034223, 0.778418, 0.062329, -0.624644, -0.05886, 0.0, 0.0, 0.0, 1.0],
                [0.362531, 0.808423, 0.463705, 0.083601, 0.515087, -0.588459, 0.623219, -0.029641, 0.776696, 0.012912, -0.629744, -0.065911, 0.0, 0.0, 0.0, 1.0],
                [0.431691, 0.781699, 0.450099, 0.085659, 0.462196, -0.620198, 0.633822, -0.02506, 0.774608, -0.065581, -0.629033, -0.072961, 0.0, 0.0, 0.0, 1.0],
                [0.472136, 0.760038, 0.446577, 0.087717, 0.418949, -0.639187, 0.64492, -0.020478, 0.775609, -0.117396, -0.620201, -0.080012, 0.0, 0.0, 0.0, 1.0],
                [0.511279, 0.73602, 0.443699, 0.092171, 0.374561, -0.655504, 0.655759, 0.009793, 0.773497, -0.169083, -0.61083, -0.086698, 0.0, 0.0, 0.0, 1.0],
                [0.586342, 0.643895, 0.491532, 0.096625, 0.265064, -0.72588, 0.634696, 0.040064, 0.765471, -0.241861, -0.596287, -0.093385, 0.0, 0.0, 0.0, 1.0],
                [0.646296, 0.463712, 0.606031, 0.101079, 0.12004, -0.846076, 0.519371, 0.070335, 0.753586, -0.262919, -0.60248, -0.100071, 0.0, 0.0, 0.0, 1.0],
                [0.678306, 0.191179, 0.709473, 0.105533, 0.045421, -0.974623, 0.219202, 0.100606, 0.733373, -0.116461, -0.669776, -0.106758, 0.0, 0.0, 0.0, 1.0],
                [0.761848, -0.012142, 0.647642, 0.109987, 0.104146, -0.984522, -0.140968, 0.130877, 0.639328, 0.174846, -0.748792, -0.113444, 0.0, 0.0, 0.0, 1.0],
                [0.876861, 0.02313, 0.480188, 0.097056, 0.187137, -0.936481, -0.296618, 0.135667, 0.442826, 0.349954, -0.825493, -0.063092, 0.0, 0.0, 0.0, 1.0],
                [0.941735, 0.17838, 0.285162, 0.084125, 0.275908, -0.894575, -0.35158, 0.140457, 0.192384, 0.409774, -0.891669, -0.012739, 0.0, 0.0, 0.0, 1.0],
                [0.921247, 0.385751, 0.05002, 0.07766, 0.385334, -0.887464, -0.252835, 0.142852, -0.05314, 0.252198, -0.966216, 0.012437, 0.0, 0.0, 0.0, 1.0],
                [0.848943, 0.489101, -0.20019, 0.071194, 0.486628, -0.871199, -0.064864, 0.145247, -0.20613, -0.042352, -0.977608, 0.037613, 0.0, 0.0, 0.0, 1.0],
                [0.802328, 0.498006, -0.32903, 0.074157, 0.536802, -0.843065, 0.032943, 0.138116, -0.260989, -0.203055, -0.943745, 0.045442, 0.0, 0.0, 0.0, 1.0],
                [0.811949, 0.497182, -0.305859, 0.077119, 0.511898, -0.858282, -0.036246, 0.130986, -0.280534, -0.127139, -0.951387, 0.05327, 0.0, 0.0, 0.0, 1.0],
                [0.868639, 0.456081, -0.193539, 0.080081, 0.421617, -0.885624, -0.194705, 0.123855, -0.260204, 0.087529, -0.961578, 0.061098, 0.0, 0.0, 0.0, 1.0],
                [0.925624, 0.369981, -0.079589, 0.086006, 0.34474, -0.91109, -0.225987, 0.109594, -0.156124, 0.181742, -0.970874, 0.076756, 0.0, 0.0, 0.0, 1.0],
                [0.934355, 0.352247, 0.053886, 0.091931, 0.344148, -0.931222, 0.119956, 0.095333, 0.092434, -0.093537, -0.991316, 0.092413, 0.0, 0.0, 0.0, 1.0],
                [0.914702, 0.388893, 0.109929, 0.094893, 0.338572, -0.885943, 0.316978, 0.088203, 0.220661, -0.252721, -0.942041, 0.100241, 0.0, 0.0, 0.0, 1.0],
                [0.887491, 0.433581, 0.156107, 0.092116, 0.307037, -0.808961, 0.501309, 0.0943, 0.343643, -0.396976, -0.85107, 0.066096, 0.0, 0.0, 0.0, 1.0],
                [0.801701, 0.522286, 0.290676, 0.086563, 0.280401, -0.758096, 0.588783, 0.106495, 0.527873, -0.390522, -0.754217, -0.002194, 0.0, 0.0, 0.0, 1.0],
                [0.701523, 0.475529, 0.53079, 0.081009, 0.386102, -0.879643, 0.277767, 0.11869, 0.598991, 0.010079, -0.800693, -0.070484, 0.0, 0.0, 0.0, 1.0],
                [0.737153, 0.273389, 0.617952, 0.078232, 0.391963, -0.917926, -0.06147, 0.124788, 0.550429, 0.287527, -0.78381, -0.104629, 0.0, 0.0, 0.0, 1.0],
                [0.811523, 0.250439, 0.527931, 0.080825, 0.356687, -0.92795, -0.108091, 0.083049, 0.462823, 0.276025, -0.842381, -0.092556, 0.0, 0.0, 0.0, 1.0],
                [0.839917, 0.347127, 0.417184, 0.084713, 0.462704, -0.859749, -0.216189, 0.020442, 0.283628, 0.374614, -0.882734, -0.074445, 0.0, 0.0, 0.0, 1.0],
                [0.815185, 0.47575, 0.330358, 0.086009, 0.55447, -0.805884, -0.207641, -0.000427, 0.167445, 0.35244, -0.920733, -0.068409, 0.0, 0.0, 0.0, 1.0],
                [0.767595, 0.594609, 0.239245, 0.07361, 0.638764, -0.740406, -0.209236, 0.040154, 0.052725, 0.313429, -0.948147, -0.015524, 0.0, 0.0, 0.0, 1.0],
                [0.609485, 0.79165, -0.042645, 0.06121, 0.788401, -0.610885, -0.072418, 0.080735, -0.083381, 0.010517, -0.996462, 0.037361, 0.0, 0.0, 0.0, 1.0],
                [0.507518, 0.75228, -0.42012, 0.048811, 0.853894, -0.50436, 0.128404, 0.121316, -0.115296, -0.423904, -0.898339, 0.090246, 0.0, 0.0, 0.0, 1.0],
                [0.562113, 0.614286, -0.553788, 0.03641, 0.814731, -0.526464, 0.243, 0.161897, -0.142278, -0.587781, -0.796411, 0.143131, 0.0, 0.0, 0.0, 1.0],
                [0.587367, 0.596974, -0.546464, 0.033312, 0.794469, -0.554069, 0.24865, 0.161456, -0.154342, -0.580197, -0.799719, 0.140415, 0.0, 0.0, 0.0, 1.0],
                [0.589762, 0.620435, -0.516955, 0.030213, 0.792284, -0.568505, 0.221561, 0.161015, -0.156427, -0.540242, -0.826843, 0.137698, 0.0, 0.0, 0.0, 1.0],
                [0.591218, 0.632173, -0.500818, 0.027115, 0.792077, -0.572088, 0.212912, 0.160574, -0.151915, -0.522562, -0.838959, 0.134982, 0.0, 0.0, 0.0, 1.0],
                [0.594976, 0.638732, -0.487879, 0.024016, 0.789662, -0.57767, 0.206718, 0.160133, -0.149796, -0.508251, -0.848082, 0.132266, 0.0, 0.0, 0.0, 1.0],
                [0.598459, 0.64427, -0.476197, 0.024913, 0.788114, -0.580242, 0.20542, 0.158437, -0.143964, -0.498232, -0.855009, 0.132805, 0.0, 0.0, 0.0, 1.0],
                [0.603044, 0.646976, -0.466648, 0.026704, 0.785682, -0.58292, 0.207145, 0.155046, -0.138002, -0.491554, -0.859843, 0.133884, 0.0, 0.0, 0.0, 1.0],
                [0.609392, 0.647682, -0.45733, 0.027599, 0.782102, -0.585783, 0.212547, 0.15335, -0.130234, -0.487202, -0.863524, 0.134423, 0.0, 0.0, 0.0, 1.0],
                [0.61571, 0.648261, -0.44795, 0.029392, 0.77839, -0.588775, 0.217839, 0.149959, -0.122525, -0.482804, -0.867114, 0.135502, 0.0, 0.0, 0.0, 1.0],
                [0.622849, 0.647436, -0.439189, 0.030286, 0.773936, -0.591986, 0.224892, 0.148263, -0.114391, -0.479977, -0.869791, 0.136041, 0.0, 0.0, 0.0, 1.0],
                [0.629838, 0.646527, -0.430473, 0.031181, 0.769407, -0.595226, 0.231774, 0.146568, -0.106381, -0.477189, -0.872338, 0.136581, 0.0, 0.0, 0.0, 1.0],
                [0.63624, 0.646656, -0.420756, 0.032078, 0.765105, -0.598905, 0.23649, 0.144872, -0.099065, -0.472386, -0.875807, 0.13712, 0.0, 0.0, 0.0, 1.0],
                [0.642598, 0.646647, -0.410994, 0.032974, 0.760687, -0.602678, 0.241114, 0.143176, -0.091781, -0.467577, -0.879175, 0.137659, 0.0, 0.0, 0.0, 1.0],
                [0.648156, 0.648412, -0.39932, 0.033868, 0.756606, -0.607744, 0.241235, 0.141481, -0.086266, -0.458485, -0.884506, 0.138199, 0.0, 0.0, 0.0, 1.0],
                [0.653712, 0.649923, -0.387637, 0.034764, 0.752418, -0.612928, 0.241223, 0.139785, -0.080817, -0.449354, -0.889691, 0.138738, 0.0, 0.0, 0.0, 1.0],
                [0.660901, 0.65252, -0.370712, 0.03566, 0.746231, -0.623839, 0.232301, 0.138089, -0.079684, -0.430164, -0.899227, 0.139277, 0.0, 0.0, 0.0, 1.0],
                [0.667375, 0.656542, -0.351517, 0.036555, 0.740606, -0.634662, 0.220697, 0.136393, -0.078198, -0.407622, -0.909796, 0.139817, 0.0, 0.0, 0.0, 1.0],
                [0.670753, 0.66379, -0.33087, 0.037451, 0.737591, -0.643791, 0.2037, 0.134698, -0.077798, -0.380678, -0.92143, 0.140356, 0.0, 0.0, 0.0, 1.0],
                [0.672514, 0.673047, -0.307789, 0.038347, 0.7358, -0.652744, 0.180344, 0.133002, -0.079528, -0.347754, -0.934207, 0.140896, 0.0, 0.0, 0.0, 1.0],
                [0.675565, 0.680397, -0.28403, 0.042206, 0.73242, -0.663552, 0.152513, 0.129467, -0.0847, -0.311061, -0.946609, 0.128551, 0.0, 0.0, 0.0, 1.0],
                [0.678071, 0.689076, -0.255724, 0.046065, 0.729217, -0.674257, 0.116712, 0.125932, -0.092001, -0.265617, -0.959679, 0.116208, 0.0, 0.0, 0.0, 1.0],
                [0.681619, 0.697435, -0.221317, 0.049925, 0.724698, -0.685237, 0.072555, 0.122396, -0.101053, -0.209842, -0.9725, 0.103864, 0.0, 0.0, 0.0, 1.0],
                [0.687643, 0.702536, -0.183278, 0.059936, 0.717608, -0.696019, 0.024431, 0.114831, -0.110401, -0.148321, -0.982757, 0.09416, 0.0, 0.0, 0.0, 1.0],
                [0.696189, 0.705225, -0.134085, 0.069947, 0.707701, -0.705569, -0.036495, 0.107266, -0.120344, -0.069484, -0.990298, 0.084457, 0.0, 0.0, 0.0, 1.0],
                [0.708978, 0.700639, -0.08035, 0.079958, 0.693694, -0.713362, -0.099525, 0.099701, -0.12705, 0.014823, -0.991786, 0.074753, 0.0, 0.0, 0.0, 1.0],
                [0.724483, 0.688591, -0.031118, 0.089969, 0.677531, -0.719698, -0.151616, 0.092136, -0.126797, 0.088761, -0.987949, 0.06505, 0.0, 0.0, 0.0, 1.0],
                [0.74368, 0.668487, -0.008047, 0.09998, 0.658435, -0.734473, -0.164354, 0.08457, -0.115779, 0.116928, -0.986369, 0.055346, 0.0, 0.0, 0.0, 1.0],
                [0.765338, 0.6436, 0.006214, 0.109992, 0.637355, -0.756495, -0.146613, 0.077005, -0.089659, 0.116169, -0.989175, 0.045643, 0.0, 0.0, 0.0, 1.0],
                [0.789213, 0.612736, 0.041213, 0.120003, 0.612096, -0.779389, -0.133761, 0.06944, -0.04984, 0.130792, -0.990156, 0.035939, 0.0, 0.0, 0.0, 1.0],
                [0.81267, 0.579557, 0.060686, 0.127366, 0.582714, -0.807569, -0.09098, 0.057051, -0.003721, 0.1093, -0.994002, 0.024807, 0.0, 0.0, 0.0, 1.0],
                [0.835196, 0.542992, 0.087229, 0.13473, 0.54763, -0.835705, -0.041229, 0.044663, 0.05051, 0.082204, -0.995335, 0.013675, 0.0, 0.0, 0.0, 1.0],
                [0.854806, 0.5058, 0.116074, 0.142093, 0.508318, -0.861123, 0.008984, 0.032274, 0.104498, 0.051324, -0.9932, 0.002543, 0.0, 0.0, 0.0, 1.0],
                [0.871087, 0.468746, 0.146578, 0.149457, 0.465471, -0.883157, 0.058059, 0.019885, 0.156666, 0.017654, -0.987494, -0.00859, 0.0, 0.0, 0.0, 1.0],
                [0.883803, 0.438432, 0.163308, 0.149456, 0.41912, -0.897058, 0.140097, 0.019885, 0.20792, -0.055372, -0.976578, -0.008589, 0.0, 0.0, 0.0, 1.0],
                [0.893316, 0.411665, 0.18033, 0.149457, 0.370725, -0.901784, 0.222146, 0.019885, 0.254068, -0.131593, -0.958193, -0.008589, 0.0, 0.0, 0.0, 1.0],
                [0.899358, 0.388659, 0.200249, 0.149456, 0.320532, -0.897611, 0.302581, 0.019885, 0.297346, -0.207942, -0.931851, -0.00859, 0.0, 0.0, 0.0, 1.0],
                [0.945483, 0.067158, 0.318674, 0.133847, 0.064694, -0.997738, 0.018325, 0.001085, 0.319184, 0.00329, -0.947688, 0.043039, 0.0, 0.0, 0.0, 1.0]
            ]
        },
        {
            "name": "Leg_R",
            "time": [0.0, 0.1, 0.1333, 0.1667, 0.2, 0.2667, 0.3, 0.3333, 0.4, 0.4333, 0.4667, 0.5, 0.5333, 0.6, 0.6667, 0.7, 0.7333, 0.7667, 0.8, 0.8333, 0.9, 0.9667, 1.0333, 1.1, 1.1667, 1.2, 1.2667, 1.3667, 1.4333, 1.4667, 1.5, 1.5333, 1.5667, 1.6, 1.6333, 1.6667, 1.7, 1.7667, 1.8, 1.8667, 1.9, 1.9333, 1.9667, 2.0, 2.0333, 2.0667, 2.1, 2.1333, 2.1667, 2.2, 2.2333, 2.2667, 2.3, 2.3333, 2.3667, 2.4, 2.4333, 2.4667, 2.5, 2.5333, 2.5667, 2.6, 2.6333, 2.6667, 2.7, 2.7333, 2.7667, 3.2333],
            "transform": [
                [0.999952, -0.001953, 8.9e-05, 0.0, 8.9e-05, 0.091121, 0.9958, 0.37472, -0.001953, -0.995926, 0.091109, 0.0, 0.0, 0.0, 0.0, 1.0],
                [1.000006, -0.001946, 0.000185, -0.0, 0.000184, 0.18762, 0.982241, 0.37472, -0.001946, -0.982234, 0.187621, 0.0, 0.0, 0.0, 0.0, 1.0],
                [1.000005, -0.001934, 0.000285, 0.0, 0.000284, 0.288211, 0.957566, 0.37472, -0.001934, -0.957559, 0.288212, 0.0, 0.0, 0.0, 0.0, 1.0],
                [1.000005, -0.001919, 0.000371, 0.0, 0.000371, 0.372905, 0.927868, 0.37472, -0.001919, -0.927862, 0.372907, 0.0, 0.0, 0.0, 0.0, 1.0],
                [1.000005, -0.001912, 0.000411, -0.0, 0.00041, 0.410243, 0.911975, 0.37472, -0.001912, -0.911969, 0.410245, 0.0, 0.0, 0.0, 0.0, 1.0],
                [1.000005, -0.001915, 0.000394, 0.0, 0.000393, 0.394382, 0.918945, 0.37472, -0.001915, -0.918939, 0.394384, 0.0, 0.0, 0.0, 0.0, 1.0],
                [1.000004, -0.001926, 0.000338, 0.0, 0.000336, 0.339194, 0.940715, 0.37472, -0.001926, -0.940709, 0.339196, -0.0, 0.0, 0.0, 0.0, 1.0],
                [1.000005, -0.00194, 0.000244, -0.0, 0.000243, 0.247247, 0.968952, 0.37472, -0.001939, -0.968944, 0.247248, 0.0, 0.0, 0.0, 0.0, 1.0],
                [1.000004, -0.00195, 0.000134, 0.0, 0.000134, 0.13665, 0.990619, 0.37472, -0.00195, -0.990613, 0.13665, -0.0, 0.0, 0.0, 0.0, 1.0],
                [1.000005, -0.001953, 8e-05, 0.0, 7.9e-05, 0.08132, 0.996688, 0.37472, -0.001953, -0.99668, 0.081321, 0.0, 0.0, 0.0, 0.0, 1.0],
                [1.000005, -0.001954, 7e-05, 0.0, 7e-05, 0.071932, 0.997409, 0.37472, -0.001954, -0.997402, 0.071932, 0.0, 0.0, 0.0, 0.0, 1.0],
                [1.000006, -0.001942, 0.000231, -0.0, 0.000229, 0.233623, 0.972327, 0.37472, -0.001942, -0.97232, 0.233624, 0.0, 0.0, 0.0, 0.0, 1.0],
                [1.000004, -0.001875, 0.000555, 0.0, 0.000553, 0.543529, 0.839389, 0.37472, -0.001875, -0.839383, 0.543531, -0.0, 0.0, 0.0, 0.0, 1.0],
                [1.000005, -0.001815, 0.000728, 0.0, 0.000725, 0.689843, 0.723955, 0.37472, -0.001816, -0.723949, 0.689846, 0.0, 0.0, 0.0, 0.0, 1.0],
                [1.000006, -0.001769, 0.000833, 0.0, 0.000831, 0.770325, 0.637645, 0.37472, -0.00177, -0.63764, 0.770328, 0.0, 0.0, 0.0, 0.0, 1.0],
                [1.000006, -0.001801, 0.000762, 0.0, 0.00076, 0.716972, 0.697096, 0.37472, -0.001801, -0.69709, 0.716976, -0.0, 0.0, 0.0, 0.0, 1.0],
                [1.000005, -0.00185, 0.000633, -0.0, 0.000632, 0.612036, 0.790826, 0.37472, -0.00185, -0.790821, 0.612039, -0.0, 0.0, 0.0, 0.0, 1.0],
                [1.000005, -0.001856, 0.000613, 0.0, 0.000612, 0.595431, 0.803403, 0.37472, -0.001857, -0.803397, 0.595434, 0.0, 0.0, 0.0, 0.0, 1.0],
                [1.000005, -0.001823, 0.000705, 0.0, 0.000704, 0.672186, 0.740378, 0.37472, -0.001824, -0.740373, 0.672189, -0.0, 0.0, 0.0, 0.0, 1.0],
                [1.000005, -0.001754, 0.000863, 0.0, 0.000863, 0.79225, 0.610189, 0.37472, -0.001754, -0.610185, 0.792254, -0.0, 0.0, 0.0, 0.0, 1.0],
                [1.000005, -0.001731, 0.000907, -0.0, 0.000906, 0.821842, 0.569709, 0.37472, -0.001732, -0.569704, 0.821845, -0.0, 0.0, 0.0, 0.0, 1.0],
                [1.000005, -0.001889, 0.000505, 0.0, 0.000504, 0.49823, 0.867043, 0.37472, -0.001889, -0.867037, 0.498233, -0.0, 0.0, 0.0, 0.0, 1.0],
                [1.000005, -0.001939, 0.000248, -0.0, 0.000248, 0.251479, 0.967862, 0.37472, -0.00194, -0.967855, 0.25148, 0.0, 0.0, 0.0, 0.0, 1.0],
                [1.000005, -0.001865, 0.000587, 0.0, 0.000587, 0.572752, 0.819726, 0.37472, -0.001865, -0.81972, 0.572755, -0.0, 0.0, 0.0, 0.0, 1.0],
                [1.000005, -0.001587, 0.001141, 0.0, 0.001139, 0.9475, 0.319738, 0.37472, -0.001588, -0.319735, 0.947504, -0.0, 0.0, 0.0, 0.0, 1.0],
                [1.000005, -0.001604, 0.001117, 0.0, 0.001115, 0.937433, 0.348151, 0.37472, -0.001605, -0.348148, 0.937437, -0.0, 0.0, 0.0, 0.0, 1.0],
                [1.000005, -0.001738, 0.000894, -0.0, 0.000892, 0.812654, 0.582739, 0.37472, -0.001739, -0.582735, 0.812658, 0.0, 0.0, 0.0, 0.0, 1.0],
                [1.000005, -0.001717, 0.000934, -0.0, 0.000933, 0.839133, 0.543918, 0.37472, -0.001718, -0.543914, 0.839137, -0.0, 0.0, 0.0, 0.0, 1.0],
                [1.000005, -0.001681, 0.000998, 0.0, 0.000996, 0.877305, 0.479922, 0.37472, -0.001682, -0.479918, 0.877309, 0.0, 0.0, 0.0, 0.0, 1.0],
                [1.000005, -0.001678, 0.001003, 0.0, 0.001001, 0.880029, 0.47491, 0.37472, -0.001679, -0.474907, 0.880032, 0.0, 0.0, 0.0, 0.0, 1.0],
                [1.000005, -0.001799, 0.000766, -0.0, 0.000766, 0.721115, 0.69281, 0.37472, -0.001799, -0.692804, 0.721119, 0.0, 0.0, 0.0, 0.0, 1.0],
                [1.000005, -0.001928, 0.000326, -0.0, 0.000323, 0.327227, 0.944945, 0.37472, -0.001929, -0.944938, 0.327228, 0.0, 0.0, 0.0, 0.0, 1.0],
                [1.000006, -0.00194, 0.000242, -0.0, 0.000242, 0.245551, 0.969383, 0.37472, -0.00194, -0.969375, 0.245552, -0.0, 0.0, 0.0, 0.0, 1.0],
                [1.000006, -0.001938, 0.000261, -0.0, 0.000262, 0.265072, 0.964228, 0.37472, -0.001938, -0.96422, 0.265074, -0.0, 0.0, 0.0, 0.0, 1.0],
                [1.000006, -0.001935, 0.00028, 0.0, 0.000281, 0.284488, 0.958679, 0.37472, -0.001935, -0.958671, 0.284489, -0.0, 0.0, 0.0, 0.0, 1.0],
                [1.000006, -0.001932, 0.000301, 0.0, 0.0003, 0.303786, 0.952739, 0.37472, -0.001932, -0.952732, 0.303787, -0.0, 0.0, 0.0, 0.0, 1.0],
                [1.000006, -0.00193, 0.000316, 0.0, 0.000316, 0.318743, 0.94784, 0.374721, -0.00193, -0.947833, 0.318745, -0.0, 0.0, 0.0, 0.0, 1.0],
                [1.000005, -0.001927, 0.000331, 0.0, 0.000331, 0.333623, 0.942706, 0.37472, -0.001927, -0.942699, 0.333625, 0.0, 0.0, 0.0, 0.0, 1.0],
                [1.000006, -0.001925, 0.000344, 0.0, 0.000344, 0.34604, 0.938218, 0.37472, -0.001925, -0.938211, 0.346042, -0.0, 0.0, 0.0, 0.0, 1.0],
                [1.000005, -0.001922, 0.000357, 1e-06, 0.000355, 0.358398, 0.933568, 0.37472, -0.001922, -0.933561, 0.3584, 0.0, 0.0, 0.0, 0.0, 1.0],
                [1.000005, -0.00192, 0.00037, 0.0, 0.000369, 0.370769, 0.928724, 0.37472, -0.00192, -0.928716, 0.370771, 0.0, 0.0, 0.0, 0.0, 1.0],
                [1.000005, -0.001917, 0.000381, 0.0, 0.000382, 0.382923, 0.923779, 0.37472, -0.001917, -0.923773, 0.382924, 0.0, 0.0, 0.0, 0.0, 1.0],
                [1.000005, -0.001914, 0.000397, -0.0, 0.000396, 0.397382, 0.917652, 0.37472, -0.001914, -0.917645, 0.397384, -0.0, 0.0, 0.0, 0.0, 1.0],
                [1.000005, -0.001911, 0.000412, -0.0, 0.000411, 0.411743, 0.911299, 0.37472, -0.001911, -0.911292, 0.411745, 0.0, 0.0, 0.0, 0.0, 1.0],
                [1.000005, -0.001907, 0.000431, -0.0, 0.000431, 0.430268, 0.902699, 0.37472, -0.001907, -0.902693, 0.43027, -0.0, 0.0, 0.0, 0.0, 1.0],
                [1.000005, -0.001903, 0.000451, 0.0, 0.000451, 0.448614, 0.893724, 0.37472, -0.001903, -0.893717, 0.448616, 0.0, 0.0, 0.0, 0.0, 1.0],
                [1.000005, -0.001896, 0.000475, -0.0, 0.000475, 0.471586, 0.881818, 0.37472, -0.001896, -0.881812, 0.471588, 0.0, 0.0, 0.0, 0.0, 1.0],
                [1.000005, -0.001889, 0.000504, 0.0, 0.000504, 0.49823, 0.867043, 0.37472, -0.001889, -0.867037, 0.498232, 0.0, 0.0, 0.0, 0.0, 1.0],
                [1.000006, -0.001879, 0.000537, -0.0, 0.000537, 0.52822, 0.849105, 0.37472, -0.00188, -0.849099, 0.528223, 0.0, 0.0, 0.0, 0.0, 1.0],
                [1.000005, -0.001868, 0.000575, 0.0, 0.000576, 0.56261, 0.82672, 0.37472, -0.001868, -0.826714, 0.562612, -0.0, 0.0, 0.0, 0.0, 1.0],
                [1.000005, -0.001856, 0.000614, 0.0, 0.000613, 0.596053, 0.802942, 0.37472, -0.001857, -0.802936, 0.596056, 0.0, 0.0, 0.0, 0.0, 1.0],
                [1.000005, -0.001841, 0.00066, 0.0, 0.000659, 0.634817, 0.772659, 0.37472, -0.001841, -0.772653, 0.63482, -0.0, 0.0, 0.0, 0.0, 1.0],
                [1.000005, -0.001821, 0.000715, -0.0, 0.000714, 0.680233, 0.732992, 0.37472, -0.001821, -0.732986, 0.680236, -0.0, 0.0, 0.0, 0.0, 1.0],
                [1.000005, -0.001797, 0.000769, 0.0, 0.000769, 0.723175, 0.690659, 0.37472, -0.001798, -0.690654, 0.723179, 0.0, 0.0, 0.0, 0.0, 1.0],
                [1.000005, -0.001763, 0.000845, -0.0, 0.000844, 0.779136, 0.626849, 0.37472, -0.001764, -0.626845, 0.779139, 0.0, 0.0, 0.0, 0.0, 1.0],
                [1.000006, -0.001723, 0.000923, -0.0, 0.000921, 0.832002, 0.554764, 0.37472, -0.001724, -0.55476, 0.832005, -0.0, 0.0, 0.0, 0.0, 1.0],
                [1.000005, -0.001692, 0.000979, -0.0, 0.000978, 0.866825, 0.498604, 0.37472, -0.001693, -0.4986, 0.866828, 0.0, 0.0, 0.0, 0.0, 1.0],
                [1.000005, -0.0017, 0.000967, -0.0, 0.000966, 0.859232, 0.511577, 0.37472, -0.0017, -0.511573, 0.859235, -0.0, 0.0, 0.0, 0.0, 1.0],
                [1.000005, -0.00173, 0.00091, 0.0, 0.000909, 0.823487, 0.567327, 0.37472, -0.001731, -0.567323, 0.823491, 0.0, 0.0, 0.0, 0.0, 1.0],
                [1.000005, -0.001749, 0.000874, 0.0, 0.000874, 0.799752, 0.600324, 0.37472, -0.001749, -0.60032, 0.799755, -0.0, 0.0, 0.0, 0.0, 1.0],
                [1.000005, -0.001787, 0.000792, -0.0, 0.000791, 0.740378, 0.672186, 0.37472, -0.001788, -0.672182, 0.740381, -0.0, 0.0, 0.0, 0.0, 1.0],
                [1.000005, -0.00182, 0.000712, 0.0, 0.000712, 0.678311, 0.73477, 0.37472, -0.00182, -0.734765, 0.678314, 0.0, 0.0, 0.0, 0.0, 1.0],
                [1.000004, -0.001847, 0.000642, -0.0, 0.000641, 0.619908, 0.784671, 0.37472, -0.001847, -0.784666, 0.619911, 1e-06, 0.0, 0.0, 0.0, 1.0],
                [1.000006, -0.001865, 0.000585, 1e-06, 0.000584, 0.570832, 0.821064, 0.37472, -0.001866, -0.821057, 0.570835, -0.0, 0.0, 0.0, 0.0, 1.0],
                [1.000005, -0.001892, 0.000494, -0.0, 0.000495, 0.489193, 0.872173, 0.37472, -0.001892, -0.872167, 0.489196, 0.0, 0.0, 0.0, 0.0, 1.0],
                [1.000005, -0.00191, 0.000419, -0.0, 0.000418, 0.418468, 0.90823, 0.37472, -0.00191, -0.908223, 0.418471, 0.0, 0.0, 0.0, 0.0, 1.0],
                [1.000005, -0.001921, 0.000366, 0.0, 0.000365, 0.367477, 0.930031, 0.37472, -0.001921, -0.930024, 0.367479, 1e-06, 0.0, 0.0, 0.0, 1.0],
                [1.000002, 0.001608, -0.001109, -0.0, -0.00111, 0.934967, 0.354727, 0.37472, 0.001607, -0.354724, 0.934969, -0.0, 0.0, 0.0, 0.0, 1.0]
            ]
        },
        {
            "name": "Knee_R",
            "time": [0.0, 3.2333],
            "transform": [
                [1.0, 0.0, -0.0, 0.0, -0.0, 1e-06, -1.0, 0.37472, -0.0, 1.0, 1e-06, 0.0, 0.0, 0.0, 0.0, 1.0],
                [1.0, 0.0, -0.0, -0.0, -0.0, 1e-06, -1.0, 0.37472, -0.0, 1.0, 1e-06, -0.0, 0.0, 0.0, 0.0, 1.0]
            ]
        },
        {
            "name": "Thigh_L",
            "time": [0.0, 0.1, 0.1333, 0.1667, 0.2, 0.2667, 0.3, 0.3333, 0.4, 0.4333, 0.4667, 0.5, 0.5333, 0.6, 0.6667, 0.7, 0.7333, 0.7667, 0.8, 0.8333, 0.9, 0.9667, 1.0333, 1.0667, 1.1, 1.1667, 1.2, 1.2333, 1.2667, 1.3667, 1.4333, 1.4667, 1.5, 1.5333, 1.5667, 1.6, 1.6333, 1.6667, 1.7, 1.7667, 1.8, 1.8667, 1.9, 1.9333, 1.9667, 2.0, 2.0333, 2.0667, 2.1, 2.1333, 2.1667, 2.2, 2.2333, 2.2667, 2.3, 2.3333, 2.3667, 2.4, 2.4333, 2.4667, 2.5, 2.5333, 2.5667, 2.6, 2.6333, 2.6667, 2.7, 2.7333, 2.7667, 3.2333],
            "transform": [
                [0.832032, -0.524762, 0.179858, -0.123749, -0.491967, -0.54823, 0.676323, 0.019826, -0.256305, -0.651206, -0.714311, 0.000891, 0.0, 0.0, 0.0, 1.0],
                [0.829941, -0.345303, 0.438077, -0.156804, -0.557767, -0.514989, 0.650907, 0.075723, 0.000845, -0.784632, -0.620009, 0.075996, 0.0, 0.0, 0.0, 1.0],
                [0.84991, -0.295456, 0.436235, -0.153957, -0.526601, -0.501389, 0.686512, 0.071839, 0.015888, -0.813271, -0.581723, 0.085087, 0.0, 0.0, 0.0, 1.0],
                [0.859766, -0.268946, 0.434061, -0.15111, -0.509954, -0.494969, 0.703529, 0.067954, 0.025633, -0.826298, -0.562707, 0.094179, 0.0, 0.0, 0.0, 1.0],
                [0.85261, -0.284505, 0.43824, -0.148263, -0.522014, -0.4985, 0.692096, 0.06407, 0.021556, -0.818931, -0.573542, 0.10327, 0.0, 0.0, 0.0, 1.0],
                [0.834227, -0.325361, 0.445143, -0.142569, -0.551229, -0.508157, 0.661755, 0.056301, 0.010893, -0.797503, -0.603267, 0.121453, 0.0, 0.0, 0.0, 1.0],
                [0.809197, -0.385081, 0.443696, -0.139722, -0.587426, -0.522444, 0.618043, 0.052417, -0.00619, -0.760829, -0.648966, 0.130545, 0.0, 0.0, 0.0, 1.0],
                [0.795405, -0.350156, 0.494646, -0.136875, -0.60591, -0.473721, 0.639101, 0.048532, 0.010538, -0.80813, -0.588963, 0.139636, 0.0, 0.0, 0.0, 1.0],
                [0.789738, -0.253941, 0.558369, -0.131181, -0.611654, -0.394059, 0.685987, 0.040764, 0.045826, -0.88336, -0.466528, 0.157819, 0.0, 0.0, 0.0, 1.0],
                [0.832481, -0.118642, 0.541145, -0.128334, -0.54582, -0.342622, 0.76464, 0.036879, 0.094681, -0.932002, -0.349983, 0.166911, 0.0, 0.0, 0.0, 1.0],
                [0.933303, 0.047527, 0.355818, -0.125487, -0.313123, -0.376894, 0.871729, 0.032995, 0.17552, -0.925087, -0.336875, 0.176003, 0.0, 0.0, 0.0, 1.0],
                [0.95271, 0.303595, 0.009917, -0.128649, 0.100138, -0.344791, 0.933329, 0.024306, 0.286747, -0.888281, -0.358888, 0.148634, 0.0, 0.0, 0.0, 1.0],
                [0.875752, 0.452202, -0.16888, -0.131812, 0.260275, -0.147777, 0.954157, 0.015617, 0.406477, -0.879641, -0.247114, 0.121265, 0.0, 0.0, 0.0, 1.0],
                [0.937473, 0.329896, -0.110646, -0.138136, 0.172318, -0.163968, 0.971299, -0.001762, 0.302257, -0.929718, -0.210563, 0.066527, 0.0, 0.0, 0.0, 1.0],
                [0.997611, 0.068323, -0.003326, -0.144461, 0.026195, -0.336725, 0.941245, -0.01914, 0.063183, -0.939172, -0.33771, 0.011789, 0.0, 0.0, 0.0, 1.0],
                [0.955684, -0.293587, -0.019946, -0.147624, -0.07297, -0.302154, 0.950467, -0.027829, -0.285045, -0.906975, -0.310187, -0.01558, 0.0, 0.0, 0.0, 1.0],
                [0.79038, -0.603543, -0.104937, -0.147185, -0.159894, -0.368662, 0.915715, -0.028995, -0.591303, -0.70705, -0.387887, -0.017494, 0.0, 0.0, 0.0, 1.0],
                [0.61447, -0.739774, -0.274186, -0.146768, -0.211773, -0.48949, 0.845914, -0.026964, -0.759924, -0.461767, -0.457441, -0.023282, 0.0, 0.0, 0.0, 1.0],
                [0.589385, -0.693712, -0.414008, -0.146479, -0.19741, -0.62067, 0.758836, -0.016476, -0.783301, -0.365551, -0.50276, -0.032903, 0.0, 0.0, 0.0, 1.0],
                [0.685802, -0.559861, -0.464992, -0.145857, -0.149906, -0.73395, 0.662493, -0.002688, -0.712116, -0.38467, -0.587271, -0.039099, 0.0, 0.0, 0.0, 1.0],
                [0.805651, -0.392644, -0.443522, -0.081496, -0.093127, -0.823455, 0.559744, 0.003511, -0.584944, -0.409693, -0.699983, -0.067648, 0.0, 0.0, 0.0, 1.0],
                [0.927623, -0.162409, -0.336245, -0.102859, -0.017259, -0.918204, 0.395836, 0.030046, -0.372993, -0.361417, -0.854549, -0.112634, 0.0, 0.0, 0.0, 1.0],
                [0.993111, 0.043502, -0.108378, -0.108007, 0.068337, -0.969073, 0.237314, 0.000785, -0.094694, -0.243108, -0.965369, -0.05364, 0.0, 0.0, 0.0, 1.0],
                [0.995398, 0.092373, 0.023611, -0.110582, 0.088329, -0.986795, 0.13612, -0.013845, 0.035869, -0.13342, -0.990411, -0.024143, 0.0, 0.0, 0.0, 1.0],
                [0.979129, 0.125738, 0.159392, -0.102778, 0.12135, -0.99197, 0.03694, -0.014113, 0.162741, -0.016828, -0.986524, 0.011191, 0.0, 0.0, 0.0, 1.0],
                [0.931152, 0.029162, 0.363351, -0.087172, 0.079422, -0.989124, -0.124175, -0.014649, 0.355744, 0.144498, -0.92334, 0.081858, 0.0, 0.0, 0.0, 1.0],
                [0.947721, 0.159392, 0.276292, -0.079368, 0.087024, -0.962602, 0.256737, -0.014916, 0.306852, -0.219292, -0.926147, 0.117191, 0.0, 0.0, 0.0, 1.0],
                [0.970432, 0.22974, 0.073474, -0.071565, 0.13013, -0.755254, 0.642427, -0.015184, 0.203063, -0.613928, -0.762818, 0.152525, 0.0, 0.0, 0.0, 1.0],
