{
    "animation": [
        {
            "name": "Root",
            "time": [0.0, 0.1667, 0.2, 0.2333, 0.2667, 0.3, 0.3333, 0.3667, 0.4, 0.4333, 0.4667, 0.5, 0.5333, 0.5667, 0.6, 0.6333, 0.6667, 0.7, 0.7333, 1.1333, 1.1667, 1.2, 1.2333, 1.2667, 1.3, 1.3333, 1.3667, 1.4, 1.4333, 1.4667, 1.5, 1.5333, 1.5667, 1.6, 1.6333, 1.6667, 1.7, 1.7333, 1.7667, 1.8, 1.8333, 1.8667, 2.3333],
            "transform": [
                [-0.443967, 0.00166, -0.896043, -0.403059, -0.895888, 0.017825, 0.443924, 0.649486, 0.016709, 0.99984, -0.006427, 0.269142, 0.0, 0.0, 0.0, 1.0],
                [0.863446, 0.000511, -0.504443, -0.37825, -0.504363, 0.018681, -0.86329, 0.433294, 0.008983, 0.999826, 0.016388, 0.603843, 0.0, 0.0, 0.0, 1.0],
                [0.905815, 0.000424, -0.423675, -0.379775, -0.423608, 0.018703, -0.905654, 0.551925, 0.00754, 0.999825, 0.017121, 0.596627, 0.0, 0.0, 0.0, 1.0],
                [0.940716, 0.000336, -0.339197, -0.381858, -0.339143, 0.01872, -0.94055, 0.708169, 0.006033, 0.999825, 0.017724, 0.530408, 0.0, 0.0, 0.0, 1.0],
                [0.967642, 0.000249, -0.252326, -0.38425, -0.252286, 0.018733, -0.967472, 0.885978, 0.004486, 0.999825, 0.01819, 0.491419, 0.0, 0.0, 0.0, 1.0],
                [0.998137, -0.001893, 0.060973, -0.386701, 0.060998, 0.018697, -0.997964, 1.0693, 0.000749, 0.999824, 0.018778, 0.451261, 0.0, 0.0, 0.0, 1.0],
                [0.957288, -0.003068, 0.289122, -0.388965, 0.289128, 0.018296, -0.957117, 1.242087, -0.002353, 0.999828, 0.018402, 0.418828, 0.0, 0.0, 0.0, 1.0],
                [0.85777, -0.003908, 0.51402, -0.391016, 0.514002, 0.017671, -0.857608, 1.38582, -0.005732, 0.999836, 0.017166, 0.390782, 0.0, 0.0, 0.0, 1.0],
                [0.69035, -0.004608, 0.723462, -0.393005, 0.723421, 0.0168, -0.690204, 1.530012, -0.008974, 0.999848, 0.014931, 0.367714, 0.0, 0.0, 0.0, 1.0],
                [0.487342, -0.005056, 0.873198, -0.394961, 0.873137, 0.015842, -0.487218, 1.730676, -0.01137, 0.999862, 0.012135, 0.364423, 0.0, 0.0, 0.0, 1.0],
                [0.315728, -0.004815, 0.948839, -0.397172, 0.94876, 0.015409, -0.315625, 2.127255, -0.013101, 0.99987, 0.009434, 0.231228, 0.0, 0.0, 0.0, 1.0],
                [0.17037, -0.004606, 0.985371, -0.398716, 0.98528, 0.015087, -0.170284, 2.479901, -0.014082, 0.999876, 0.007108, 0.367024, 0.0, 0.0, 0.0, 1.0],
                [0.11719, -0.004527, 0.9931, -0.399158, 0.993006, 0.014976, -0.117111, 2.615347, -0.014342, 0.999878, 0.006251, 0.399563, 0.0, 0.0, 0.0, 1.0],
                [0.08902, -0.004485, 0.996021, -0.39933, 0.995925, 0.014919, -0.088944, 2.709314, -0.01446, 0.999879, 0.005795, 0.413538, 0.0, 0.0, 0.0, 1.0],
                [0.076157, -0.004466, 0.997087, -0.399332, 0.996991, 0.014893, -0.076083, 2.772464, -0.014509, 0.999879, 0.005587, 0.415825, 0.0, 0.0, 0.0, 1.0],
                [0.067993, -0.004454, 0.997677, -0.399261, 0.99758, 0.014876, -0.067921, 2.815471, -0.014539, 0.99988, 0.005455, 0.414224, 0.0, 0.0, 0.0, 1.0],
                [0.059832, -0.004441, 0.9982, -0.399216, 0.998102, 0.01486, -0.05976, 2.848944, -0.014568, 0.99988, 0.005322, 0.412783, 0.0, 0.0, 0.0, 1.0],
                [0.043991, -0.004418, 0.999023, -0.399226, 0.998925, 0.014829, -0.043921, 2.877818, -0.014621, 0.99988, 0.005065, 0.414357, 0.0, 0.0, 0.0, 1.0],
                [0.028158, -0.004394, 0.999595, -0.399246, 0.999495, 0.014798, -0.02809, 2.900452, -0.014669, 0.999881, 0.004808, 0.413851, 0.0, 0.0, 0.0, 1.0],
                [0.073821, -0.004463, 0.997262, -0.2845, 0.997166, 0.014888, -0.073747, 2.967817, -0.014518, 0.999879, 0.005549, 0.460809, 0.0, 0.0, 0.0, 1.0],
                [0.114368, -0.004524, 0.993429, -0.277241, 0.993335, 0.014971, -0.114289, 2.965256, -0.014355, 0.999878, 0.006206, 0.477449, 0.0, 0.0, 0.0, 1.0],
                [0.15491, -0.004584, 0.987919, -0.270088, 0.987827, 0.015055, -0.154826, 2.962556, -0.014163, 0.999876, 0.00686, 0.494092, 0.0, 0.0, 0.0, 1.0],
                [0.195331, -0.004642, 0.980728, -0.26341, 0.980638, 0.01514, -0.195242, 2.960351, -0.013942, 0.999875, 0.00751, 0.510726, 0.0, 0.0, 0.0, 1.0],
                [0.233137, -0.004697, 0.972434, -0.257551, 0.972347, 0.015222, -0.233043, 2.959257, -0.013708, 0.999873, 0.008116, 0.525935, 0.0, 0.0, 0.0, 1.0],
                [0.265856, -0.004744, 0.964002, -0.252968, 0.963919, 0.015295, -0.265758, 2.959882, -0.013484, 0.999872, 0.008639, 0.53886, 0.0, 0.0, 0.0, 1.0],
                [0.292273, -0.004782, 0.956324, -0.249948, 0.956242, 0.015355, -0.292172, 2.96286, -0.013287, 0.999871, 0.009061, 0.548972, 0.0, 0.0, 0.0, 1.0],
                [0.311871, -0.00481, 0.950113, -0.248269, 0.950033, 0.015401, -0.311768, 2.968072, -0.013133, 0.99987, 0.009373, 0.556418, 0.0, 0.0, 0.0, 1.0],
                [0.331381, -0.004838, 0.943486, -0.247402, 0.943408, 0.015446, -0.331275, 2.9748, -0.012971, 0.999869, 0.009682, 0.561353, 0.0, 0.0, 0.0, 1.0],
                [0.346173, -0.004859, 0.93816, -0.247317, 0.938083, 0.015482, -0.346066, 2.982813, -0.012843, 0.999868, 0.009917, 0.566267, 0.0, 0.0, 0.0, 1.0],
                [0.360905, -0.004879, 0.932591, -0.247966, 0.932516, 0.015517, -0.360796, 2.991797, -0.012711, 0.999868, 0.01015, 0.568795, 0.0, 0.0, 0.0, 1.0],
                [0.372077, -0.004895, 0.928191, -0.249319, 0.928116, 0.015544, -0.371967, 3.001518, -0.012607, 0.999868, 0.010327, 0.57131, 0.0, 0.0, 0.0, 1.0],
                [0.383211, -0.004911, 0.923649, -0.251331, 0.923577, 0.015571, -0.383098, 3.01168, -0.012501, 0.999867, 0.010503, 0.572646, 0.0, 0.0, 0.0, 1.0],
                [0.392512, -0.004924, 0.919735, -0.253965, 0.919663, 0.015595, -0.392399, 3.022033, -0.012411, 0.999866, 0.01065, 0.573979, 0.0, 0.0, 0.0, 1.0],
                [0.401786, -0.004937, 0.915722, -0.257183, 0.915651, 0.015618, -0.401671, 3.032301, -0.012319, 0.999866, 0.010796, 0.575313, 0.0, 0.0, 0.0, 1.0],
                [0.41103, -0.00495, 0.91161, -0.260943, 0.91154, 0.015641, -0.410915, 3.04221, -0.012225, 0.999866, 0.010941, 0.576653, 0.0, 0.0, 0.0, 1.0],
                [0.420243, -0.004963, 0.9074, -0.265208, 0.907331, 0.015665, -0.420127, 3.051485, -0.012129, 0.999865, 0.011086, 0.578004, 0.0, 0.0, 0.0, 1.0],
                [0.429424, -0.004976, 0.90309, -0.270616, 0.903023, 0.015689, -0.429306, 3.060758, -0.012032, 0.999865, 0.01123, 0.579355, 0.0, 0.0, 0.0, 1.0],
                [0.438571, -0.004988, 0.898684, -0.27756, 0.898618, 0.015712, -0.438452, 3.070663, -0.011933, 0.999864, 0.011374, 0.580696, 0.0, 0.0, 0.0, 1.0],
                [0.447681, -0.005001, 0.894181, -0.285636, 0.894115, 0.015736, -0.447561, 3.080926, -0.011832, 0.999864, 0.011516, 0.581636, 0.0, 0.0, 0.0, 1.0],
                [0.454779, -0.005011, 0.890591, -0.294444, 0.890527, 0.015755, -0.454658, 3.091284, -0.011753, 0.999863, 0.011627, 0.582576, 0.0, 0.0, 0.0, 1.0],
                [0.461854, -0.005021, 0.886943, -0.303579, 0.886879, 0.015773, -0.461733, 3.10147, -0.011672, 0.999863, 0.011738, 0.583518, 0.0, 0.0, 0.0, 1.0],
                [0.468907, -0.005031, 0.883234, -0.312637, 0.883171, 0.015792, -0.468785, 3.111217, -0.01159, 0.999863, 0.011848, 0.584468, 0.0, 0.0, 0.0, 1.0],
                [0.632701, -0.010303, 0.774329, -0.362378, 0.774385, 0.013909, -0.632563, 3.147164, -0.004253, 0.99985, 0.016779, 0.678118, 0.0, 0.0, 0.0, 1.0]
            ]
        },
        {
            "name": "Thigh_R",
            "time": [0.0, 0.1667, 0.2, 0.2333, 0.2667, 0.3, 0.3333, 0.3667, 0.4, 0.4333, 0.4667, 0.5, 0.5333, 0.5667, 0.6, 0.6333, 0.6667, 0.7, 0.7333, 0.7667, 0.8, 0.8333, 0.8667, 0.9, 0.9333, 0.9667, 1.0, 1.0333, 1.0667, 1.1, 1.1333, 1.1667, 1.2, 1.2333, 1.2667, 1.3, 1.3333, 1.3667, 1.4, 1.4333, 1.4667, 1.5, 1.5333, 1.5667, 1.6, 1.6333, 1.6667, 1.7, 1.7333, 1.7667, 1.8, 1.8333, 1.8667, 2.3333],
            "transform": [
                [0.489365, 0.520314, -0.699857, -0.00579, 0.817317, -0.553463, 0.160118, 0.182965, -0.304003, -0.650425, -0.696106, 0.159401, 0.0, 0.0, 0.0, 1.0],
                [0.914379, 0.394643, -0.090031, 0.048094, 0.382688, -0.915398, -0.125151, 0.029876, -0.131791, 0.079989, -0.988045, 0.136672, 0.0, 0.0, 0.0, 1.0],
                [0.920509, 0.387777, -0.047206, 0.049322, 0.380234, -0.917251, -0.118916, 0.012194, -0.089404, 0.091523, -0.991782, 0.135956, 0.0, 0.0, 0.0, 1.0],
                [0.911529, 0.410976, 0.01233, 0.050549, 0.40374, -0.889187, -0.215412, -0.005487, -0.077558, 0.201352, -0.976446, 0.135239, 0.0, 0.0, 0.0, 1.0],
                [0.904364, 0.417568, 0.087772, 0.051777, 0.419803, -0.834168, -0.357741, -0.023168, -0.076158, 0.360409, -0.929687, 0.134523, 0.0, 0.0, 0.0, 1.0],
                [0.906269, 0.405499, 0.119111, 0.053004, 0.418102, -0.819385, -0.392234, -0.04085, -0.061447, 0.405309, -0.912121, 0.133806, 0.0, 0.0, 0.0, 1.0],
                [0.913203, 0.393762, 0.104646, 0.054232, 0.407367, -0.885503, -0.223599, -0.058531, 0.004619, 0.246844, -0.969048, 0.133089, 0.0, 0.0, 0.0, 1.0],
                [0.917429, 0.391505, 0.070609, 0.055459, 0.378355, -0.913641, 0.148913, -0.076212, 0.122799, -0.109912, -0.986326, 0.132373, 0.0, 0.0, 0.0, 1.0],
                [0.92966, 0.36757, -0.023585, 0.073286, 0.311188, -0.749728, 0.584051, -0.055429, 0.196979, -0.55036, -0.811375, 0.078833, 0.0, 0.0, 0.0, 1.0],
                [0.926864, 0.27241, -0.258161, 0.091112, 0.348869, -0.371948, 0.860202, -0.034646, 0.138292, -0.887434, -0.439781, 0.025293, 0.0, 0.0, 0.0, 1.0],
                [0.918791, 0.338778, -0.202451, 0.108938, 0.356074, -0.490532, 0.795363, -0.013863, 0.170127, -0.802934, -0.571325, -0.028246, 0.0, 0.0, 0.0, 1.0],
                [0.890835, 0.451923, -0.046116, 0.126765, 0.362329, -0.645764, 0.672111, 0.00692, 0.273937, -0.615505, -0.739013, -0.081786, 0.0, 0.0, 0.0, 1.0],
                [0.877083, 0.458065, 0.1444, 0.127062, 0.285537, -0.739163, 0.610042, 0.005324, 0.386138, -0.493872, -0.779101, -0.081444, 0.0, 0.0, 0.0, 1.0],
                [0.885253, 0.407412, 0.22425, 0.127569, 0.236394, -0.809565, 0.537382, 0.004007, 0.400444, -0.422746, -0.812978, -0.080724, 0.0, 0.0, 0.0, 1.0],
                [0.887328, 0.368891, 0.276603, 0.128057, 0.201323, -0.84976, 0.487281, 0.002684, 0.41476, -0.376726, -0.828281, -0.080004, 0.0, 0.0, 0.0, 1.0],
                [0.886737, 0.340722, 0.312326, 0.128667, 0.176801, -0.87444, 0.451846, 0.001637, 0.427025, -0.34548, -0.835636, -0.079047, 0.0, 0.0, 0.0, 1.0],
                [0.885355, 0.315921, 0.340996, 0.12926, 0.157283, -0.893956, 0.419738, 0.000582, 0.437398, -0.318013, -0.841156, -0.078088, 0.0, 0.0, 0.0, 1.0],
                [0.883716, 0.291215, 0.366302, 0.129938, 0.139994, -0.911509, 0.386822, -9.3e-05, 0.446494, -0.290588, -0.846281, -0.076956, 0.0, 0.0, 0.0, 1.0],
                [0.881956, 0.268202, 0.387501, 0.130602, 0.124645, -0.925797, 0.356993, -0.000779, 0.454451, -0.266577, -0.849941, -0.075821, 0.0, 0.0, 0.0, 1.0],
                [0.880719, 0.249658, 0.402418, 0.131277, 0.112721, -0.935904, 0.333857, -0.000932, 0.459931, -0.248696, -0.852408, -0.074643, 0.0, 0.0, 0.0, 1.0],
                [0.880277, 0.232568, 0.413471, 0.131941, 0.101546, -0.943816, 0.314615, -0.001096, 0.463367, -0.234983, -0.854435, -0.073461, 0.0, 0.0, 0.0, 1.0],
                [0.8799, 0.216692, 0.422793, 0.132582, 0.090594, -0.95018, 0.298387, -0.000621, 0.466344, -0.224269, -0.855693, -0.072305, 0.0, 0.0, 0.0, 1.0],
                [0.880831, 0.203295, 0.427483, 0.133212, 0.081707, -0.954879, 0.285689, -0.000158, 0.466229, -0.216735, -0.857695, -0.07114, 0.0, 0.0, 0.0, 1.0],
                [0.882548, 0.192515, 0.428927, 0.13379, 0.074142, -0.95795, 0.27735, 0.00089, 0.46424, -0.212993, -0.859709, -0.070041, 0.0, 0.0, 0.0, 1.0],
                [0.88421, 0.181737, 0.430205, 0.134186, 0.066624, -0.960896, 0.26894, 0.002688, 0.462215, -0.209156, -0.86174, -0.069234, 0.0, 0.0, 0.0, 1.0],
                [0.887867, 0.171215, 0.426976, 0.134429, 0.060776, -0.963734, 0.260025, 0.005567, 0.455969, -0.204937, -0.866071, -0.068589, 0.0, 0.0, 0.0, 1.0],
                [0.891422, 0.160776, 0.423613, 0.134601, 0.054995, -0.966461, 0.251032, 0.009236, 0.449723, -0.200497, -0.870365, -0.06785, 0.0, 0.0, 0.0, 1.0],
                [0.89663, 0.149597, 0.416658, 0.134631, 0.049181, -0.969062, 0.242056, 0.013476, 0.439937, -0.196561, -0.876245, -0.067075, 0.0, 0.0, 0.0, 1.0],
                [0.903844, 0.141357, 0.403745, 0.134579, 0.047789, -0.971336, 0.233053, 0.017696, 0.425075, -0.191367, -0.88469, -0.066193, 0.0, 0.0, 0.0, 1.0],
                [0.911412, 0.135085, 0.388594, 0.134444, 0.047076, -0.972648, 0.227663, 0.02189, 0.408681, -0.189219, -0.892841, -0.065205, 0.0, 0.0, 0.0, 1.0],
                [0.920593, 0.127878, 0.368891, 0.134468, 0.047075, -0.974354, 0.220245, 0.025761, 0.387559, -0.185407, -0.903002, -0.063725, 0.0, 0.0, 0.0, 1.0],
                [0.929251, 0.120882, 0.349001, 0.134529, 0.047127, -0.97606, 0.212548, 0.028866, 0.366305, -0.18108, -0.9127, -0.062251, 0.0, 0.0, 0.0, 1.0],
                [0.938732, 0.111207, 0.326092, 0.134614, 0.046328, -0.978676, 0.200348, 0.032138, 0.341386, -0.172982, -0.923864, -0.060435, 0.0, 0.0, 0.0, 1.0],
                [0.947507, 0.101932, 0.30292, 0.135287, 0.045481, -0.981189, 0.187864, 0.033102, 0.316341, -0.164241, -0.934316, -0.058378, 0.0, 0.0, 0.0, 1.0],
                [0.95595, 0.091755, 0.278669, 0.136107, 0.0447, -0.984352, 0.170723, 0.033013, 0.289945, -0.15076, -0.945091, -0.056494, 0.0, 0.0, 0.0, 1.0],
                [0.963533, 0.082336, 0.254444, 0.137368, 0.04381, -0.987221, 0.153515, 0.031486, 0.263808, -0.136782, -0.954825, -0.054265, 0.0, 0.0, 0.0, 1.0],
                [0.970193, 0.070948, 0.231528, 0.138934, 0.040964, -0.990475, 0.131818, 0.02838, 0.238653, -0.118415, -0.963856, -0.051943, 0.0, 0.0, 0.0, 1.0],
                [0.976315, 0.058521, 0.208082, 0.140392, 0.03552, -0.993054, 0.112589, 0.025248, 0.213206, -0.102541, -0.97161, -0.049588, 0.0, 0.0, 0.0, 1.0],
                [0.981595, 0.048109, 0.184576, 0.141884, 0.031807, -0.995458, 0.090272, 0.021808, 0.188063, -0.082747, -0.978664, -0.046901, 0.0, 0.0, 0.0, 1.0],
                [0.986061, 0.037481, 0.161836, 0.14324, 0.026333, -0.997213, 0.070476, 0.018332, 0.164011, -0.065238, -0.984298, -0.044188, 0.0, 0.0, 0.0, 1.0],
                [0.989301, 0.029482, 0.14256, 0.144491, 0.022457, -0.998514, 0.050625, 0.014836, 0.143827, -0.046885, -0.988491, -0.041335, 0.0, 0.0, 0.0, 1.0],
                [0.992094, 0.019902, 0.123537, 0.145596, 0.016105, -0.999418, 0.03165, 0.011294, 0.124083, -0.029412, -0.991835, -0.038476, 0.0, 0.0, 0.0, 1.0],
                [0.993901, 0.013445, 0.109046, 0.146527, 0.012029, -0.999882, 0.013625, 0.00838, 0.109207, -0.012231, -0.993944, -0.03558, 0.0, 0.0, 0.0, 1.0],
                [0.99546, 0.007527, 0.0944, 0.147317, 0.007977, -1.000006, -0.004389, 0.006141, 0.094359, 0.005123, -0.995525, -0.032654, 0.0, 0.0, 0.0, 1.0],
                [0.996399, 0.003716, 0.084172, 0.147924, 0.005412, -0.999835, -0.019931, 0.004143, 0.084076, 0.020317, -0.996252, -0.030126, 0.0, 0.0, 0.0, 1.0],
                [0.996847, 0.000333, 0.07877, 0.148496, 0.002976, -0.999484, -0.033437, 0.002499, 0.078711, 0.03357, -0.996332, -0.027367, 0.0, 0.0, 0.0, 1.0],
                [0.996953, -0.000935, 0.077417, 0.148937, 0.002771, -0.998903, -0.047752, 0.000886, 0.07737, 0.047826, -0.995854, -0.024961, 0.0, 0.0, 0.0, 1.0],
                [0.995737, 0.005217, 0.091602, 0.149312, 0.007373, -0.999751, -0.023213, -0.00082, 0.091449, 0.023792, -0.995526, -0.022609, 0.0, 0.0, 0.0, 1.0],
                [0.991241, 0.018918, 0.130363, 0.149608, 0.01692, -0.999771, 0.016408, -0.001576, 0.130631, -0.014059, -0.991331, -0.020526, 0.0, 0.0, 0.0, 1.0],
                [0.982128, 0.038696, 0.183952, 0.147564, 0.026182, -0.997254, 0.069964, -0.000807, 0.186136, -0.063903, -0.980442, -0.01876, 0.0, 0.0, 0.0, 1.0],
                [0.966956, 0.068459, 0.245402, 0.14552, 0.033034, -0.988833, 0.145651, -3.8e-05, 0.252608, -0.132744, -0.958418, -0.016996, 0.0, 0.0, 0.0, 1.0],
                [0.945942, 0.104321, 0.306966, 0.143477, 0.034051, -0.973601, 0.225903, 0.000731, 0.322398, -0.203257, -0.924522, -0.015231, 0.0, 0.0, 0.0, 1.0],
                [0.920848, 0.142971, 0.362658, 0.141432, 0.03004, -0.953629, 0.299631, 0.0015, 0.388642, -0.265046, -0.882441, -0.013465, 0.0, 0.0, 0.0, 1.0],
                [0.945483, 0.067158, 0.318674, 0.133846, 0.064694, -0.997738, 0.018325, 0.001085, 0.319184, 0.00329, -0.947687, 0.043038, 0.0, 0.0, 0.0, 1.0]
            ]
        },
        {
            "name": "Leg_R",
            "time": [0.0, 0.1667, 0.2, 0.2333, 0.2667, 0.3, 0.3333, 0.3667, 0.4, 0.4333, 0.4667, 0.5, 0.5333, 0.5667, 0.6, 0.6333, 0.6667, 0.7, 0.7333, 0.7667, 0.8, 0.8333, 0.8667, 0.9, 0.9333, 0.9667, 1.0, 1.0333, 1.0667, 1.1, 1.1333, 1.1667, 1.2, 1.2333, 1.2667, 1.3, 1.3333, 1.3667, 1.4, 1.4333, 1.4667, 1.5, 1.5333, 1.5667, 1.6, 1.6333, 1.6667, 1.7, 1.7333, 1.7667, 1.8, 1.8333, 1.8667, 2.3333],
            "transform": [
                [0.999952, -0.001857, 0.000612, 0.0, 0.00061, 0.593611, 0.804764, 0.37472, -0.001858, -0.804838, 0.593554, 0.0, 0.0, 0.0, 0.0, 1.0],
                [0.999955, 0.00166, -0.00103, 0.0, -0.001031, 0.896397, 0.443332, 0.37472, 0.001659, -0.443349, 0.896358, 0.0, 0.0, 0.0, 0.0, 1.0],
                [0.999955, 0.001698, -0.000966, 0.0, -0.000968, 0.860374, 0.509729, 0.37472, 0.001696, -0.509752, 0.860332, 0.0, 0.0, 0.0, 0.0, 1.0],
                [0.999954, 0.001678, -0.001, 0.0, -0.001001, 0.880073, 0.474911, 0.37472, 0.001677, -0.47493, 0.880034, -0.0, 0.0, 0.0, 0.0, 1.0],
                [0.999955, 0.001619, -0.001094, 0.0, -0.001096, 0.928369, 0.371755, 0.37472, 0.001617, -0.371766, 0.928334, -0.0, 0.0, 0.0, 0.0, 1.0],
                [0.999954, 0.001678, -0.001, -0.0, -0.001001, 0.880073, 0.474911, 0.37472, 0.001677, -0.474931, 0.880034, 0.0, 0.0, 0.0, 0.0, 1.0],
                [0.999956, 0.001864, -0.000581, 0.0, -0.000583, 0.568951, 0.82238, 0.37472, 0.001864, -0.822449, 0.568901, -0.0, 0.0, 0.0, 0.0, 1.0],
                [0.999955, 0.00195, 9.6e-05, 0.0, 9.4e-05, -0.09718, 0.995231, 0.37472, 0.00195, -0.995347, -0.097168, -0.0, 0.0, 0.0, 0.0, 1.0],
                [0.999955, 0.001848, 0.00063, 0.0, 0.000629, -0.610252, 0.792222, 0.37472, 0.001848, -0.792287, -0.610201, 0.0, 0.0, 0.0, 0.0, 1.0],
                [0.999955, 0.001826, 0.000692, 0.0, 0.000694, -0.663786, 0.747946, 0.37472, 0.001825, -0.748002, -0.663735, -0.0, 0.0, 0.0, 0.0, 1.0],
                [0.999955, 0.001933, 0.000272, 0.0, 0.000271, -0.275815, 0.961184, 0.37472, 0.001933, -0.961289, -0.275785, -0.0, 0.0, 0.0, 0.0, 1.0],
                [0.999956, 0.001941, -0.000217, -0.0, -0.000218, 0.22162, 0.975103, 0.37472, 0.001941, -0.975211, 0.221595, -0.0, 0.0, 0.0, 0.0, 1.0],
                [0.999956, 0.001941, -0.00022, 0.0, -0.000221, 0.224205, 0.974513, 0.37472, 0.001941, -0.974621, 0.224179, 0.0, 0.0, 0.0, 0.0, 1.0],
                [0.999955, 0.001938, -0.000235, 0.0, -0.000235, 0.238766, 0.971049, 0.37472, 0.001938, -0.971156, 0.238739, 0.0, 0.0, 0.0, 0.0, 1.0],
                [0.999956, 0.001938, -0.000243, -1e-06, -0.000244, 0.247267, 0.96892, 0.37472, 0.001937, -0.969025, 0.247239, -0.0, 0.0, 0.0, 0.0, 1.0],
                [0.999956, 0.001937, -0.000246, -0.0, -0.000249, 0.2515, 0.96783, 0.37472, 0.001936, -0.967935, 0.251472, 0.0, 0.0, 0.0, 0.0, 1.0],
                [0.999955, 0.001935, -0.000259, 0.0, -0.000261, 0.264128, 0.964461, 0.37472, 0.001935, -0.964567, 0.264098, 0.0, 0.0, 0.0, 0.0, 1.0],
                [0.999955, 0.001933, -0.000279, -0.0, -0.00028, 0.28328, 0.959012, 0.37472, 0.001933, -0.959117, 0.283248, -0.0, 0.0, 0.0, 0.0, 1.0],
                [0.999954, 0.001931, -0.000293, 0.0, -0.000293, 0.296421, 0.955033, 0.37472, 0.001931, -0.955137, 0.296388, -0.0, 0.0, 0.0, 0.0, 1.0],
                [0.999954, 0.001929, -0.000305, 0.0, -0.000307, 0.309507, 0.950874, 0.37472, 0.001929, -0.950976, 0.309473, -0.0, 0.0, 0.0, 0.0, 1.0],
                [0.999956, 0.001928, -0.000311, -0.0, -0.000314, 0.315762, 0.948816, 0.37472, 0.001927, -0.948917, 0.315728, 0.0, 0.0, 0.0, 0.0, 1.0],
                [0.999955, 0.001927, -0.000318, 0.0, -0.000319, 0.322005, 0.946716, 0.37472, 0.001926, -0.946817, 0.32197, 0.0, 0.0, 0.0, 0.0, 1.0],
                [0.999956, 0.001926, -0.000324, -0.0, -0.000326, 0.328233, 0.944575, 0.37472, 0.001925, -0.944675, 0.328198, 0.0, 0.0, 0.0, 0.0, 1.0],
                [0.999955, 0.001925, -0.000331, 0.0, -0.000332, 0.334448, 0.942394, 0.37472, 0.001924, -0.942492, 0.334412, 0.0, 0.0, 0.0, 0.0, 1.0],
                [0.999956, 0.001923, -0.000339, -0.0, -0.000341, 0.343187, 0.939247, 0.37472, 0.001923, -0.939345, 0.343151, 0.0, 0.0, 0.0, 0.0, 1.0],
                [0.999955, 0.00192, -0.000353, 0.0, -0.000355, 0.35658, 0.934246, 0.37472, 0.00192, -0.934344, 0.356543, 0.0, 0.0, 0.0, 0.0, 1.0],
                [0.999955, 0.001916, -0.000373, 0.0, -0.000374, 0.376026, 0.926593, 0.37472, 0.001915, -0.926688, 0.375986, 0.0, 0.0, 0.0, 0.0, 1.0],
                [0.999955, 0.001912, -0.0004, 0.0, -0.000402, 0.401992, 0.915629, 0.37472, 0.001911, -0.915721, 0.401951, -0.0, 0.0, 0.0, 0.0, 1.0],
                [0.999954, 0.001904, -0.000434, -0.0, -0.000436, 0.434043, 0.900883, 0.37472, 0.001904, -0.900971, 0.434, -0.0, 0.0, 0.0, 0.0, 1.0],
                [0.999955, 0.001894, -0.000473, 0.0, -0.000474, 0.470912, 0.882175, 0.37472, 0.001894, -0.882258, 0.470867, -0.0, 0.0, 0.0, 0.0, 1.0],
                [0.999956, 0.001883, -0.000517, -0.0, -0.000519, 0.511331, 0.859383, 0.37472, 0.001883, -0.859462, 0.511284, 0.0, 0.0, 0.0, 0.0, 1.0],
                [0.999955, 0.001869, -0.000567, -0.0, -0.000569, 0.556682, 0.830732, 0.37472, 0.001868, -0.830803, 0.556633, 0.0, 0.0, 0.0, 0.0, 1.0],
                [0.999955, 0.001853, -0.000617, 0.0, -0.000619, 0.60043, 0.799691, 0.37472, 0.001852, -0.799756, 0.600379, -0.0, 0.0, 0.0, 0.0, 1.0],
                [0.999955, 0.001836, -0.000671, 0.0, -0.000673, 0.645973, 0.763381, 0.37472, 0.001835, -0.763439, 0.645922, 0.0, 0.0, 0.0, 0.0, 1.0],
                [0.999955, 0.001815, -0.000725, 0.0, -0.000727, 0.689623, 0.724197, 0.37472, 0.001814, -0.724249, 0.689572, -0.0, 0.0, 0.0, 0.0, 1.0],
                [0.999955, 0.001792, -0.000776, -0.0, -0.000778, 0.730371, 0.683086, 0.37472, 0.001791, -0.683132, 0.73032, 0.0, 0.0, 0.0, 0.0, 1.0],
                [0.999954, 0.001771, -0.000823, -0.0, -0.000825, 0.765192, 0.643846, 0.37472, 0.00177, -0.643885, 0.765143, -0.0, 0.0, 0.0, 0.0, 1.0],
                [0.999956, 0.001752, -0.000863, -0.0, -0.000864, 0.793186, 0.609028, 0.37472, 0.001752, -0.609062, 0.793139, 0.0, 0.0, 0.0, 0.0, 1.0],
                [0.999955, 0.001735, -0.000898, -0.0, -0.0009, 0.817322, 0.576235, 0.37472, 0.001733, -0.576265, 0.817277, -0.0, 0.0, 0.0, 0.0, 1.0],
                [0.999954, 0.001718, -0.000929, 0.0, -0.000931, 0.837608, 0.546332, 0.37472, 0.001717, -0.54636, 0.837563, 0.0, 0.0, 0.0, 0.0, 1.0],
                [0.999954, 0.001705, -0.000954, -0.0, -0.000956, 0.852946, 0.522063, 0.37472, 0.001704, -0.522087, 0.852904, -0.0, 0.0, 0.0, 0.0, 1.0],
                [0.999954, 0.001691, -0.000978, 0.0, -0.00098, 0.867582, 0.497363, 0.37472, 0.001689, -0.497385, 0.86754, -0.0, 0.0, 0.0, 0.0, 1.0],
                [0.999956, 0.00168, -0.000997, 0.0, -0.000999, 0.878529, 0.477759, 0.37472, 0.001678, -0.477779, 0.878489, -0.0, 0.0, 0.0, 0.0, 1.0],
                [0.999955, 0.001668, -0.001016, 0.0, -0.001018, 0.889032, 0.45792, 0.37472, 0.001667, -0.457939, 0.888993, -0.0, 0.0, 0.0, 0.0, 1.0],
                [0.999954, 0.001659, -0.001032, -0.0, -0.001033, 0.897528, 0.441036, 0.37472, 0.001657, -0.441053, 0.89749, -0.0, 0.0, 0.0, 0.0, 1.0],
                [0.999955, 0.001649, -0.001047, -0.0, -0.001049, 0.905701, 0.424001, 0.37472, 0.001648, -0.424017, 0.905664, 0.0, 0.0, 0.0, 0.0, 1.0],
                [0.999955, 0.001639, -0.001063, 0.0, -0.001065, 0.91355, 0.406814, 0.37472, 0.001638, -0.406829, 0.913512, 0.0, 0.0, 0.0, 0.0, 1.0],
                [0.999955, 0.001655, -0.001038, 0.0, -0.00104, 0.901062, 0.433774, 0.37472, 0.001653, -0.43379, 0.901022, -0.0, 0.0, 0.0, 0.0, 1.0],
                [0.999955, 0.001678, -0.001, 0.0, -0.001002, 0.880074, 0.474909, 0.37472, 0.001676, -0.474928, 0.880034, 0.0, 0.0, 0.0, 0.0, 1.0],
                [0.999955, 0.001707, -0.00095, -0.0, -0.000951, 0.850342, 0.526295, 0.37472, 0.001706, -0.52632, 0.850298, -0.0, 0.0, 0.0, 0.0, 1.0],
                [0.999954, 0.001746, -0.000875, 0.0, -0.000876, 0.801544, 0.597987, 0.37472, 0.001745, -0.598022, 0.801496, -0.0, 0.0, 0.0, 0.0, 1.0],
                [0.999954, 0.001781, -0.000801, -0.0, -0.000803, 0.748818, 0.662816, 0.37472, 0.00178, -0.662859, 0.748767, 0.0, 0.0, 0.0, 0.0, 1.0],
                [0.999954, 0.001807, -0.00074, -0.0, -0.000742, 0.702278, 0.711934, 0.37472, 0.001806, -0.711986, 0.702224, -0.0, 0.0, 0.0, 0.0, 1.0],
                [1.000001, 0.001608, -0.001109, -0.0, -0.00111, 0.934967, 0.354727, 0.37472, 0.001607, -0.354724, 0.934969, -0.0, 0.0, 0.0, 0.0, 1.0]
            ]
        },
        {
            "name": "Knee_R",
            "time": [0.0, 2.3333],
            "transform": [
                [1.0, 0.0, -0.0, 0.0, -0.0, 1e-06, -1.0, 0.37472, -0.0, 1.0, 1e-06, 0.0, 0.0, 0.0, 0.0, 1.0],
                [1.0, 0.0, -0.0, -0.0, -0.0, 1e-06, -1.0, 0.37472, -0.0, 1.0, 1e-06, -0.0, 0.0, 0.0, 0.0, 1.0]
            ]
        },
        {
            "name": "Thigh_L",
            "time": [0.0, 0.1667, 0.2, 0.2333, 0.2667, 0.3, 0.3333, 0.3667, 0.4, 0.4333, 0.4667, 0.5, 0.5333, 0.5667, 0.6, 0.6333, 0.6667, 0.7, 0.7333, 0.7667, 0.8, 0.8333, 0.8667, 0.9, 0.9333, 0.9667, 1.0, 1.0333, 1.0667, 1.1, 1.1333, 1.1667, 1.2, 1.2333, 1.2667, 1.3, 1.3333, 1.3667, 1.4, 1.4333, 1.4667, 1.5, 1.5333, 1.5667, 1.6, 1.6333, 1.6667, 1.7, 1.7333, 1.7667, 1.8, 1.8333, 1.8667, 2.3333],
            "transform": [
                [0.580426, -0.812084, -0.060201, -0.079262, -0.752511, -0.563157, 0.341442, -0.05956, -0.311183, -0.152879, -0.937973, -0.069474, 0.0, 0.0, 0.0, 1.0],
                [0.928883, -0.239059, -0.282889, -0.078475, -0.031787, -0.812436, 0.582185, 0.009012, -0.369004, -0.53179, -0.762258, -0.077031, 0.0, 0.0, 0.0, 1.0],
                [0.945307, -0.156823, -0.286005, -0.078506, 0.021723, -0.844621, 0.534925, 0.031675, -0.325453, -0.511882, -0.795021, -0.076907, 0.0, 0.0, 0.0, 1.0],
                [0.955009, -0.102369, -0.278346, -0.078537, 0.06127, -0.850192, 0.522897, 0.054339, -0.290175, -0.516426, -0.80567, -0.076784, 0.0, 0.0, 0.0, 1.0],
                [0.957577, -0.04865, -0.284042, -0.078568, 0.093558, -0.879776, 0.466091, 0.077003, -0.272569, -0.472892, -0.837902, -0.07666, 0.0, 0.0, 0.0, 1.0],
                [0.953119, -0.011606, -0.30237, -0.078599, 0.094635, -0.937706, 0.334296, 0.099667, -0.287413, -0.347239, -0.892648, -0.076537, 0.0, 0.0, 0.0, 1.0],
                [0.948739, -0.014117, -0.315743, -0.07863, 0.045489, -0.982503, 0.180613, 0.122331, -0.312767, -0.185718, -0.931497, -0.076414, 0.0, 0.0, 0.0, 1.0],
                [0.926373, -0.085395, -0.366796, -0.078661, -0.06479, -0.995569, 0.068149, 0.144994, -0.37099, -0.039366, -0.927802, -0.07629, 0.0, 0.0, 0.0, 1.0],
                [0.859694, -0.286593, -0.422834, -0.112018, -0.271102, -0.957567, 0.097831, 0.092906, -0.432928, 0.030527, -0.900912, -0.03972, 0.0, 0.0, 0.0, 1.0],
                [0.733035, -0.517439, -0.441493, -0.145374, -0.510009, -0.847586, 0.14659, 0.040818, -0.450054, 0.11771, -0.88521, -0.00315, 0.0, 0.0, 0.0, 1.0],
                [0.591659, -0.605856, -0.531863, -0.142957, -0.694028, -0.718454, 0.046349, 0.047211, -0.410199, 0.341705, -0.845562, -0.01199, 0.0, 0.0, 0.0, 1.0],
                [0.628421, -0.545699, -0.554346, -0.139581, -0.660139, -0.75109, -0.008978, 0.053747, -0.411464, 0.371587, -0.832239, -0.02093, 0.0, 0.0, 0.0, 1.0],
                [0.670284, -0.571967, -0.472834, -0.138772, -0.625376, -0.778379, 0.055044, 0.055039, -0.399527, 0.258804, -0.879432, -0.02286, 0.0, 0.0, 0.0, 1.0],
                [0.704872, -0.548054, -0.450324, -0.138833, -0.60162, -0.798228, 0.029769, 0.054837, -0.375775, 0.249941, -0.89237, -0.022975, 0.0, 0.0, 0.0, 1.0],
                [0.732575, -0.547835, -0.403992, -0.139461, -0.581943, -0.81194, 0.045767, 0.053676, -0.353089, 0.201574, -0.913618, -0.021888, 0.0, 0.0, 0.0, 1.0],
                [0.755404, -0.576631, -0.311226, -0.140282, -0.565755, -0.813582, 0.134184, 0.052097, -0.330582, 0.074715, -0.940816, -0.020411, 0.0, 0.0, 0.0, 1.0],
                [0.782941, -0.579001, -0.227513, -0.141072, -0.541483, -0.814325, 0.208976, 0.050487, -0.306266, -0.040421, -0.951088, -0.01895, 0.0, 0.0, 0.0, 1.0],
                [0.809825, -0.565407, -0.156517, -0.141718, -0.515265, -0.813043, 0.271044, 0.049088, -0.280504, -0.13885, -0.949757, -0.017777, 0.0, 0.0, 0.0, 1.0],
                [0.834287, -0.543258, -0.094004, -0.142342, -0.489968, -0.808749, 0.325357, 0.047668, -0.252779, -0.225382, -0.940907, -0.016619, 0.0, 0.0, 0.0, 1.0],
                [0.855079, -0.516253, -0.048197, -0.143058, -0.465131, -0.804823, 0.368664, 0.045922, -0.229113, -0.292818, -0.928313, -0.015343, 0.0, 0.0, 0.0, 1.0],
                [0.868935, -0.494804, -0.010999, -0.143743, -0.447819, -0.795498, 0.408216, 0.044148, -0.210737, -0.349787, -0.91282, -0.014087, 0.0, 0.0, 0.0, 1.0],
                [0.877643, -0.479232, 0.008922, -0.144399, -0.434986, -0.788519, 0.434771, 0.042349, -0.201321, -0.385454, -0.900497, -0.012852, 0.0, 0.0, 0.0, 1.0],
                [0.874404, -0.485087, 0.010475, -0.145024, -0.441944, -0.787356, 0.429834, 0.040524, -0.200259, -0.380477, -0.902847, -0.011639, 0.0, 0.0, 0.0, 1.0],
                [0.871046, -0.491174, 0.005156, -0.145681, -0.445787, -0.786065, 0.428224, 0.038426, -0.206279, -0.375302, -0.903658, -0.010504, 0.0, 0.0, 0.0, 1.0],
                [0.86724, -0.497871, -0.004297, -0.146299, -0.448493, -0.78492, 0.427498, 0.036304, -0.216211, -0.368816, -0.904007, -0.009393, 0.0, 0.0, 0.0, 1.0],
                [0.862583, -0.505631, -0.016976, -0.14686, -0.452823, -0.786591, 0.419792, 0.034207, -0.225613, -0.354418, -0.907462, -0.008465, 0.0, 0.0, 0.0, 1.0],
                [0.858141, -0.512222, -0.034973, -0.147385, -0.456171, -0.791947, 0.405866, 0.032094, -0.235591, -0.332336, -0.913262, -0.007554, 0.0, 0.0, 0.0, 1.0],
                [0.852971, -0.518922, -0.056207, -0.147867, -0.462095, -0.800832, 0.380969, 0.029948, -0.242705, -0.298983, -0.922879, -0.006942, 0.0, 0.0, 0.0, 1.0],
                [0.848797, -0.522067, -0.083594, -0.148309, -0.466696, -0.814109, 0.345574, 0.027833, -0.248466, -0.254309, -0.934662, -0.006295, 0.0, 0.0, 0.0, 1.0],
                [0.845819, -0.521052, -0.114431, -0.148717, -0.470693, -0.829871, 0.299603, 0.02571, -0.251071, -0.199548, -0.947178, -0.005655, 0.0, 0.0, 0.0, 1.0],
                [0.843418, -0.516239, -0.148804, -0.149093, -0.475574, -0.846233, 0.240248, 0.023578, -0.249948, -0.131862, -0.95924, -0.005021, 0.0, 0.0, 0.0, 1.0],
                [0.841992, -0.504684, -0.190638, -0.149435, -0.480255, -0.86217, 0.161305, 0.021439, -0.24577, -0.044263, -0.968318, -0.004394, 0.0, 0.0, 0.0, 1.0],
                [0.862788, -0.473757, -0.176498, -0.149718, -0.443534, -0.876853, 0.185489, 0.019493, -0.242639, -0.081754, -0.966666, -0.003792, 0.0, 0.0, 0.0, 1.0],
                [0.89285, -0.420216, -0.161983, -0.149974, -0.383068, -0.897753, 0.217479, 0.017539, -0.236809, -0.132125, -0.96253, -0.0032, 0.0, 0.0, 0.0, 1.0],
                [0.92491, -0.351735, -0.144307, -0.150189, -0.306978, -0.914847, 0.262333, 0.015683, -0.224291, -0.198334, -0.954127, -0.00269, 0.0, 0.0, 0.0, 1.0],
                [0.953963, -0.27002, -0.130554, -0.150377, -0.220448, -0.926409, 0.305235, 0.013843, -0.203366, -0.262402, -0.943285, -0.002202, 0.0, 0.0, 0.0, 1.0],
                [0.975461, -0.186844, -0.11647, -0.150521, -0.137171, -0.929518, 0.342317, 0.012244, -0.172221, -0.31794, -0.932339, -0.001831, 0.0, 0.0, 0.0, 1.0],
                [0.988232, -0.117014, -0.098516, -0.150628, -0.065733, -0.906418, 0.417235, 0.010913, -0.138119, -0.405849, -0.903444, -0.001379, 0.0, 0.0, 0.0, 1.0],
                [0.994455, -0.064168, -0.08332, -0.150723, -0.014526, -0.868494, 0.495486, 0.009575, -0.104157, -0.491528, -0.864611, -0.000947, 0.0, 0.0, 0.0, 1.0],
                [0.997198, -0.027795, -0.069445, -0.150794, 0.011177, -0.862609, 0.505747, 0.008408, -0.073961, -0.505106, -0.859883, -0.000663, 0.0, 0.0, 0.0, 1.0],
                [0.998598, -0.012497, -0.051414, -0.150856, 0.011883, -0.893917, 0.448077, 0.007237, -0.05156, -0.44806, -0.892516, -0.000398, 0.0, 0.0, 0.0, 1.0],
                [0.999097, -0.013286, -0.040359, -0.150893, 0.004357, -0.912822, 0.408335, 0.006412, -0.042266, -0.408142, -0.91194, -0.000204, 0.0, 0.0, 0.0, 1.0],
                [0.99911, -0.018222, -0.038057, -0.150926, -0.001623, -0.917867, 0.396883, 0.005582, -0.042163, -0.396467, -0.917081, -2.7e-05, 0.0, 0.0, 0.0, 1.0],
                [0.999088, -0.023199, -0.035846, -0.150954, -0.0076, -0.922742, 0.385346, 0.00475, -0.042016, -0.384722, -0.922076, 0.000136, 0.0, 0.0, 0.0, 1.0],
                [0.999032, -0.028208, -0.03373, -0.150978, -0.013568, -0.927436, 0.373739, 0.003914, -0.041825, -0.372919, -0.926921, 0.000283, 0.0, 0.0, 0.0, 1.0],
                [0.998984, -0.029894, -0.033713, -0.150998, -0.015675, -0.932056, 0.361978, 0.003076, -0.042243, -0.361081, -0.931577, 0.000414, 0.0, 0.0, 0.0, 1.0],
                [0.998948, -0.031983, -0.032871, -0.151011, -0.018437, -0.936313, 0.350684, 0.002339, -0.041993, -0.349708, -0.935918, 0.000439, 0.0, 0.0, 0.0, 1.0],
                [0.998979, -0.031137, -0.032707, -0.15102, -0.018258, -0.940932, 0.338102, 0.001601, -0.041303, -0.337159, -0.940542, 0.000449, 0.0, 0.0, 0.0, 1.0],
                [0.999014, -0.030278, -0.032453, -0.151026, -0.01808, -0.945385, 0.325459, 0.000863, -0.040535, -0.324552, -0.945, 0.000445, 0.0, 0.0, 0.0, 1.0],
                [0.999051, -0.029409, -0.032109, -0.151029, -0.017902, -0.949661, 0.312771, 0.000126, -0.039691, -0.3119, -0.949286, 0.000427, 0.0, 0.0, 0.0, 1.0],
                [0.999099, -0.025878, -0.033642, -0.151027, -0.01462, -0.953947, 0.299622, -0.000611, -0.039846, -0.298859, -0.953465, 0.000394, 0.0, 0.0, 0.0, 1.0],
                [0.999139, -0.022285, -0.034992, -0.151022, -0.011337, -0.958043, 0.286403, -0.001348, -0.039906, -0.28576, -0.95747, 0.000347, 0.0, 0.0, 0.0, 1.0],
                [0.99916, -0.017723, -0.036945, -0.151015, -0.006877, -0.961364, 0.2752, -0.002082, -0.040395, -0.274715, -0.960677, 0.000285, 0.0, 0.0, 0.0, 1.0],
                [0.944623, -0.062107, -0.322093, -0.125095, 0.027246, -0.963713, 0.265721, 0.007652, -0.326876, -0.259807, -0.908652, 0.000654, 0.0, 0.0, 0.0, 1.0]
            ]
        },
        {
            "name": "Leg_L",
            "time": [0.0, 0.1667, 0.2, 0.2333, 0.2667, 0.3, 0.3333, 0.3667, 0.4, 0.4333, 0.4667, 0.5, 0.5333, 0.5667, 0.6, 0.6333, 0.6667, 0.7, 0.7333, 0.7667, 0.8, 0.8333, 0.8667, 0.9, 0.9333, 0.9667, 1.0, 1.0333, 1.0667, 1.1, 1.1333, 1.1667, 1.2, 1.2333, 1.2667, 1.3, 1.3333, 1.3667, 1.4, 1.4333, 1.4667, 1.5, 1.5333, 1.5667, 1.6, 1.6333, 1.6667, 1.7, 1.7333, 1.7667, 1.8, 1.8333, 1.8667, 2.3333],
            "transform": [
                [1.000002, -0.001923, -0.000356, 0.0, -0.000357, -0.358102, 0.933683, 0.37472, -0.001923, -0.933676, -0.358104, 0.0, 0.0, 0.0, 0.0, 1.0],
                [1.000006, -0.00178, 0.000808, -0.0, 0.000806, 0.752188, 0.658943, 0.37472, -0.001781, -0.658939, 0.752191, -0.0, 0.0, 0.0, 0.0, 1.0],
                [1.000005, -0.001814, 0.000728, -0.0, 0.000726, 0.690387, 0.723436, 0.37472, -0.001815, -0.723431, 0.69039, 0.0, 0.0, 0.0, 0.0, 1.0],
                [1.000005, -0.001889, 0.000506, 0.0, 0.000504, 0.498923, 0.866644, 0.37472, -0.00189, -0.866639, 0.498925, 0.0, 0.0, 0.0, 0.0, 1.0],
                [1.000006, -0.001931, 0.00031, -0.0, 0.000308, 0.311915, 0.950108, 0.37472, -0.001931, -0.950102, 0.311917, -0.0, 0.0, 0.0, 0.0, 1.0],
                [1.000004, -0.001945, 0.0002, 0.0, 0.000198, 0.202523, 0.979276, 0.37472, -0.001946, -0.979271, 0.202523, 0.0, 0.0, 0.0, 0.0, 1.0],
                [1.000005, -0.00195, 0.000155, -0.0, 0.000153, 0.156506, 0.987676, 0.37472, -0.00195, -0.98767, 0.156507, -0.0, 0.0, 0.0, 0.0, 1.0],
                [1.000005, -0.001953, 9.7e-05, -0.0, 9.5e-05, 0.0981, 0.995176, 0.37472, -0.001953, -0.99517, 0.0981, 0.0, 0.0, 0.0, 0.0, 1.0],
                [1.000005, -0.001954, -8.2e-05, 0.0, -8.4e-05, -0.085063, 0.996375, 0.37472, -0.001954, -0.996369, -0.085063, 0.0, 0.0, 0.0, 0.0, 1.0],
                [1.000006, -0.001955, -4.5e-05, 0.0, -4.7e-05, -0.047298, 0.99888, 0.37472, -0.001955, -0.998873, -0.047299, 0.0, 0.0, 0.0, 0.0, 1.0],
                [1.000006, -0.001811, 0.000737, 0.0, 0.000734, 0.696877, 0.717186, 0.37472, -0.001812, -0.717182, 0.696879, 0.0, 0.0, 0.0, 0.0, 1.0],
                [1.000005, -0.001578, 0.001153, -0.0, 0.00115, 0.952097, 0.305782, 0.37472, -0.00158, -0.30578, 0.952099, 0.0, 0.0, 0.0, 0.0, 1.0],
                [1.000006, -0.001628, 0.001082, 0.0, 0.001079, 0.921365, 0.388687, 0.37472, -0.00163, -0.388684, 0.921367, 0.0, 0.0, 0.0, 0.0, 1.0],
                [1.000005, -0.001579, 0.001152, 0.0, 0.001149, 0.951884, 0.306448, 0.37472, -0.001581, -0.306445, 0.951885, -0.0, 0.0, 0.0, 0.0, 1.0],
                [1.000005, -0.001605, 0.001116, -0.0, 0.001114, 0.936945, 0.349465, 0.37472, -0.001607, -0.349463, 0.936947, -0.0, 0.0, 0.0, 0.0, 1.0],
                [1.000005, -0.001703, 0.00096, -0.0, 0.000958, 0.8548, 0.51895, 0.37472, -0.001704, -0.518947, 0.854802, -0.0, 0.0, 0.0, 0.0, 1.0],
                [1.000005, -0.001759, 0.000852, -0.0, 0.000849, 0.783704, 0.621129, 0.37472, -0.001761, -0.621125, 0.783706, -0.0, 0.0, 0.0, 0.0, 1.0],
                [1.000005, -0.001788, 0.000791, -0.0, 0.000789, 0.739381, 0.673282, 0.37472, -0.001789, -0.673278, 0.739384, -0.0, 0.0, 0.0, 0.0, 1.0],
                [1.000006, -0.001805, 0.000753, 0.0, 0.00075, 0.709649, 0.70455, 0.37472, -0.001806, -0.704546, 0.709651, 0.0, 0.0, 0.0, 0.0, 1.0],
                [1.000006, -0.001811, 0.000737, -0.0, 0.000736, 0.697951, 0.71614, 0.37472, -0.001811, -0.716136, 0.697954, -0.0, 0.0, 0.0, 0.0, 1.0],
                [1.000006, -0.001815, 0.000727, -0.0, 0.000726, 0.689844, 0.723953, 0.37472, -0.001816, -0.723949, 0.689846, -0.0, 0.0, 0.0, 0.0, 1.0],
                [1.000006, -0.001817, 0.000722, -0.0, 0.000721, 0.686024, 0.727575, 0.37472, -0.001817, -0.727571, 0.686026, -0.0, 0.0, 0.0, 0.0, 1.0],
                [1.000006, -0.001814, 0.00073, -0.0, 0.000729, 0.692366, 0.721542, 0.37472, -0.001814, -0.721538, 0.692368, -0.0, 0.0, 0.0, 0.0, 1.0],
                [1.000006, -0.001811, 0.000738, -0.0, 0.000737, 0.698656, 0.715453, 0.37472, -0.001811, -0.71545, 0.698658, -0.0, 0.0, 0.0, 0.0, 1.0],
                [1.000006, -0.001807, 0.000747, -0.0, 0.000744, 0.704891, 0.709311, 0.37472, -0.001808, -0.709306, 0.704893, 0.0, 0.0, 0.0, 0.0, 1.0],
                [1.000006, -0.0018, 0.000762, -0.0, 0.00076, 0.716973, 0.697096, 0.37472, -0.001801, -0.697092, 0.716975, 0.0, 0.0, 0.0, 0.0, 1.0],
                [1.000005, -0.001789, 0.000789, 0.0, 0.000787, 0.737884, 0.674923, 0.37472, -0.00179, -0.67492, 0.737885, -0.0, 0.0, 0.0, 0.0, 1.0],
                [1.000005, -0.00177, 0.00083, 0.0, 0.000827, 0.767508, 0.641034, 0.37472, -0.001772, -0.641031, 0.76751, 0.0, 0.0, 0.0, 0.0, 1.0],
                [1.000005, -0.001746, 0.000879, 0.0, 0.000876, 0.802368, 0.596824, 0.37472, -0.001748, -0.596821, 0.80237, 0.0, 0.0, 0.0, 0.0, 1.0],
                [1.000006, -0.001714, 0.000941, -0.0, 0.000938, 0.842641, 0.538467, 0.37472, -0.001716, -0.538464, 0.842643, 0.0, 0.0, 0.0, 0.0, 1.0],
                [1.000005, -0.00167, 0.001016, 0.0, 0.001015, 0.887687, 0.460439, 0.37472, -0.001671, -0.460436, 0.887688, 0.0, 0.0, 0.0, 0.0, 1.0],
