{
    "animation": [
        {
            "name": "Root",
            "time": [0.0, 0.0333, 0.0667, 0.1, 0.1333, 0.1667, 0.2, 0.2333, 0.2667, 0.3, 0.3333, 0.3667, 0.4, 0.4333, 0.4667, 0.5, 0.5333, 0.5667, 0.6, 0.6333],
            "transform": [
                [0.987391, -0.000155, 0.1583, -0.073396, 0.158275, 0.018743, -0.987218, -0.167684, -0.002814, 0.999825, 0.018531, 0.434955, 0.0, 0.0, 0.0, 1.0],
                [0.990928, -0.000131, 0.134397, -0.060396, 0.134376, 0.018745, -0.990755, -0.167684, -0.002389, 0.999825, 0.018593, 0.442576, 0.0, 0.0, 0.0, 1.0],
                [0.993953, -0.000107, 0.109816, -0.047517, 0.109798, 0.018746, -0.993778, -0.167684, -0.001952, 0.999825, 0.018644, 0.450364, 0.0, 0.0, 0.0, 1.0],
                [0.997074, -7.5e-05, 0.076439, -0.036913, 0.076427, 0.018748, -0.9969, -0.167684, -0.001358, 0.999825, 0.018699, 0.460639, 0.0, 0.0, 0.0, 1.0],
                [0.999038, -4.2e-05, 0.043864, -0.032738, 0.043857, 0.018748, -0.998864, -0.167684, -0.00078, 0.999825, 0.018732, 0.470389, 0.0, 0.0, 0.0, 1.0],
                [0.999852, -1.7e-05, 0.017225, -0.039981, 0.017223, 0.018749, -0.999677, -0.167684, -0.000306, 0.999824, 0.018747, 0.475269, 0.0, 0.0, 0.0, 1.0],
                [0.999955, 9e-06, -0.009428, -0.048727, -0.009427, 0.018749, -0.999781, -0.167684, 0.000168, 0.999824, 0.018748, 0.470042, 0.0, 0.0, 0.0, 1.0],
                [0.999325, 3.6e-05, -0.036745, -0.052801, -0.036739, 0.018749, -0.99915, -0.167684, 0.000653, 0.999824, 0.018737, 0.449612, 0.0, 0.0, 0.0, 1.0],
                [0.997427, 7e-05, -0.0717, -0.056326, -0.071688, 0.018748, -0.997252, -0.167684, 0.001274, 0.999825, 0.018705, 0.424317, 0.0, 0.0, 0.0, 1.0],
                [0.993071, 0.000115, -0.117519, -0.058287, -0.1175, 0.018746, -0.992897, -0.167684, 0.002089, 0.999825, 0.018629, 0.400361, 0.0, 0.0, 0.0, 1.0],
                [0.990746, 0.000133, -0.135729, -0.06311, -0.135708, 0.018744, -0.990573, -0.167684, 0.002412, 0.999825, 0.018589, 0.382949, 0.0, 0.0, 0.0, 1.0],
                [0.993751, 0.000109, -0.111621, -0.073923, -0.111603, 0.018746, -0.993577, -0.167684, 0.001984, 0.999825, 0.018641, 0.376845, 0.0, 0.0, 0.0, 1.0],
                [0.997792, 6.5e-05, -0.066426, -0.083677, -0.066416, 0.018748, -0.997617, -0.167684, 0.00118, 0.999825, 0.018711, 0.386107, 0.0, 0.0, 0.0, 1.0],
                [0.999965, 8e-06, -0.008482, -0.090292, -0.008481, 0.01875, -0.999789, -0.167684, 0.000151, 0.999825, 0.018749, 0.409633, 0.0, 0.0, 0.0, 1.0],
                [0.999405, -3.4e-05, 0.034507, -0.092044, 0.034501, 0.018749, -0.99923, -0.167684, -0.000613, 0.999824, 0.018739, 0.432588, 0.0, 0.0, 0.0, 1.0],
                [0.998595, -5.2e-05, 0.053004, -0.089366, 0.052996, 0.018748, -0.99842, -0.167684, -0.000942, 0.999825, 0.018725, 0.446622, 0.0, 0.0, 0.0, 1.0],
                [0.998215, -5.8e-05, 0.059719, -0.085679, 0.059709, 0.018748, -0.998041, -0.167684, -0.001061, 0.999825, 0.018718, 0.444314, 0.0, 0.0, 0.0, 1.0],
                [0.997893, -6.4e-05, 0.064888, -0.08199, 0.064878, 0.018748, -0.997718, -0.167684, -0.001153, 0.999825, 0.018712, 0.42633, 0.0, 0.0, 0.0, 1.0],
                [0.995736, -9e-05, 0.09225, -0.078326, 0.092235, 0.018747, -0.995562, -0.167684, -0.00164, 0.999825, 0.018675, 0.402254, 0.0, 0.0, 0.0, 1.0],
                [0.991037, -0.000131, 0.133591, -0.074677, 0.133569, 0.018744, -0.990864, -0.167684, -0.002375, 0.999825, 0.018594, 0.378819, 0.0, 0.0, 0.0, 1.0]
            ]
        },
        {
            "name": "Thigh_R",
            "time": [0.0, 0.0333, 0.0667, 0.1, 0.1333, 0.1667, 0.2, 0.2333, 0.2667, 0.3, 0.3333, 0.3667, 0.4, 0.4333, 0.4667, 0.5, 0.5333, 0.5667, 0.6, 0.6333],
            "transform": [
                [0.960589, 0.119372, 0.250868, 0.125044, 0.060262, -0.971071, 0.231257, 0.007867, 0.271191, -0.207044, -0.939992, 8.3e-05, 0.0, 0.0, 0.0, 1.0],
                [0.979272, 0.092797, 0.179794, 0.125044, -0.014248, -0.854834, 0.518774, 0.007867, 0.201816, -0.51063, -0.835792, 8.4e-05, 0.0, 0.0, 0.0, 1.0],
                [0.993845, 0.038184, 0.103547, 0.125044, -0.050086, -0.680025, 0.731506, 0.007867, 0.098337, -0.732259, -0.673927, 8.3e-05, 0.0, 0.0, 0.0, 1.0],
                [0.999697, -0.019014, 0.012388, 0.125044, -0.020436, -0.517129, 0.855678, 0.007867, -0.009863, -0.855751, -0.517361, 8.4e-05, 0.0, 0.0, 0.0, 1.0],
                [0.996905, -0.062267, -0.047036, 0.125044, 0.013139, -0.460243, 0.887708, 0.007867, -0.076915, -0.88566, -0.458, 8.3e-05, 0.0, 0.0, 0.0, 1.0],
                [0.998034, -0.038435, -0.048567, 0.125044, 0.017441, -0.578043, 0.81584, 0.007867, -0.059425, -0.815159, -0.576236, 8.3e-05, 0.0, 0.0, 0.0, 1.0],
                [0.999458, -0.002915, -0.031326, 0.125044, 0.019956, -0.711026, 0.702917, 0.007867, -0.024321, -0.703228, -0.710582, 8.3e-05, 0.0, 0.0, 0.0, 1.0],
                [0.99955, 0.00684, -0.027543, 0.125044, 0.022622, -0.778085, 0.627797, 0.007867, -0.017135, -0.628197, -0.77789, 8.4e-05, 0.0, 0.0, 0.0, 1.0],
                [0.999175, 0.012811, -0.037313, 0.125044, 0.030792, -0.844535, 0.534677, 0.007867, -0.02466, -0.535435, -0.844232, 8.4e-05, 0.0, 0.0, 0.0, 1.0],
                [0.997958, 0.024336, -0.058277, 0.125044, 0.045321, -0.918648, 0.39257, 0.007867, -0.043978, -0.394446, -0.917874, 8.4e-05, 0.0, 0.0, 0.0, 1.0],
                [0.996099, 0.06459, -0.059357, 0.125044, 0.075931, -0.973733, 0.214869, 0.007867, -0.043915, -0.218558, -0.974837, 8.3e-05, 0.0, 0.0, 0.0, 1.0],
                [0.993283, 0.112643, -0.02472, 0.125044, 0.112831, -0.993638, 0.006755, 0.007867, -0.023799, -0.009499, -0.999671, 8.3e-05, 0.0, 0.0, 0.0, 1.0],
                [0.990329, 0.132703, 0.039372, 0.125044, 0.137678, -0.973677, -0.181887, 0.007867, 0.014198, 0.185567, -0.98253, 8.3e-05, 0.0, 0.0, 0.0, 1.0],
                [0.986378, 0.105559, 0.12581, 0.125044, 0.145464, -0.91717, -0.371101, 0.007867, 0.076209, 0.384383, -0.92003, 8.3e-05, 0.0, 0.0, 0.0, 1.0],
                [0.987226, 0.052682, 0.150066, 0.125044, 0.11994, -0.866275, -0.485027, 0.007867, 0.104437, 0.496876, -0.861527, 8.3e-05, 0.0, 0.0, 0.0, 1.0],
                [0.992453, 0.002267, 0.122243, 0.125044, 0.063786, -0.862602, -0.501913, 0.007867, 0.1043, 0.505969, -0.856236, 8.4e-05, 0.0, 0.0, 0.0, 1.0],
                [0.990471, -0.009568, 0.137063, 0.125044, 0.046497, -0.915407, -0.399934, 0.007867, 0.129283, 0.402534, -0.906237, 8.3e-05, 0.0, 0.0, 0.0, 1.0],
                [0.981127, 0.02547, 0.191449, 0.125044, 0.063684, -0.978536, -0.196219, 0.007867, 0.182325, 0.204727, -0.961689, 8.4e-05, 0.0, 0.0, 0.0, 1.0],
                [0.971103, 0.067085, 0.228852, 0.125044, 0.06816, -0.997716, 0.003188, 0.007867, 0.228522, 0.012505, -0.973456, 8.3e-05, 0.0, 0.0, 0.0, 1.0],
                [0.962694, 0.104789, 0.24931, 0.125044, 0.061129, -0.982392, 0.176808, 0.007868, 0.263423, -0.154986, -0.952147, 8.3e-05, 0.0, 0.0, 0.0, 1.0]
            ]
        },
        {
            "name": "Leg_R",
            "time": [0.0, 0.0333, 0.0667, 0.1, 0.1333, 0.1667, 0.2, 0.2333, 0.2667, 0.3, 0.3333, 0.3667, 0.4, 0.4333, 0.4667, 0.5, 0.5333, 0.5667, 0.6, 0.6333],
            "transform": [
                [0.999955, 0.001894, 0.000471, 0.0, 0.000471, -0.468778, 0.883309, 0.37472, 0.001894, -0.883394, -0.468732, -0.0, 0.0, 0.0, 0.0, 1.0],
                [0.999956, 0.001861, 0.00059, -0.0, 0.000591, -0.576733, 0.816941, 0.37472, 0.00186, -0.817011, -0.576682, -0.0, 0.0, 0.0, 0.0, 1.0],
                [0.999956, 0.001849, 0.000628, 0.0, 0.000628, -0.608868, 0.793284, 0.37472, 0.001849, -0.793351, -0.608815, 0.0, 0.0, 0.0, 0.0, 1.0],
                [0.999957, 0.001894, 0.000479, 0.0, 0.000479, -0.475746, 0.879576, 0.37472, 0.001893, -0.879661, -0.475699, 0.0, 0.0, 0.0, 0.0, 1.0],
                [0.999956, 0.001947, 0.000193, -0.0, 0.000193, -0.196295, 0.980511, 0.37472, 0.001947, -0.980624, -0.196272, 0.0, 0.0, 0.0, 0.0, 1.0],
                [0.999956, 0.001943, -0.000242, -0.0, -0.000242, 0.245155, 0.969454, 0.37472, 0.001942, -0.969563, 0.245127, 0.0, 0.0, 0.0, 0.0, 1.0],
                [0.999955, 0.001874, -0.000547, 0.0, -0.000548, 0.538536, 0.842605, 0.37472, 0.001874, -0.842682, 0.538486, -0.0, 0.0, 0.0, 0.0, 1.0],
                [0.999956, 0.001878, -0.000536, 0.0, -0.000538, 0.528738, 0.848786, 0.37472, 0.001877, -0.848864, 0.528688, 0.0, 0.0, 0.0, 0.0, 1.0],
                [0.999956, 0.001899, -0.000455, -0.0, -0.000456, 0.453848, 0.89107, 0.37472, 0.001898, -0.891158, 0.453802, 0.0, 0.0, 0.0, 0.0, 1.0],
                [0.999957, 0.001906, -0.00042, -0.0, -0.000421, 0.421106, 0.906999, 0.37472, 0.001906, -0.90709, 0.421062, 0.0, 0.0, 0.0, 0.0, 1.0],
                [0.999956, 0.001899, -0.000453, 0.0, -0.000455, 0.452128, 0.891943, 0.37472, 0.001899, -0.892031, 0.452083, 0.0, 0.0, 0.0, 0.0, 1.0],
                [0.999956, 0.001867, -0.000575, -0.0, -0.000577, 0.563716, 0.825975, 0.37472, 0.001866, -0.826047, 0.563665, 0.0, 0.0, 0.0, 0.0, 1.0],
                [0.999956, 0.001815, -0.000723, 0.0, -0.000725, 0.688619, 0.725149, 0.37472, 0.001814, -0.725202, 0.688568, -0.0, 0.0, 0.0, 0.0, 1.0],
                [0.999956, 0.00176, -0.000845, -0.0, -0.000847, 0.781106, 0.624443, 0.37472, 0.001759, -0.624481, 0.781057, -0.0, 0.0, 0.0, 0.0, 1.0],
                [0.999956, 0.001763, -0.000841, 0.0, -0.000844, 0.778442, 0.627761, 0.37472, 0.001761, -0.627798, 0.778393, -0.0, 0.0, 0.0, 0.0, 1.0],
                [0.999956, 0.001833, -0.000682, -0.0, -0.000685, 0.655231, 0.755449, 0.37472, 0.001831, -0.755507, 0.655179, 0.0, 0.0, 0.0, 0.0, 1.0],
                [0.999956, 0.001914, -0.000416, -0.0, -0.000419, 0.416379, 0.909178, 0.37472, 0.001913, -0.909269, 0.416336, 0.0, 0.0, 0.0, 0.0, 1.0],
                [0.999956, 0.001956, -9.3e-05, -0.0, -9.5e-05, 0.095909, 0.995354, 0.37472, 0.001956, -0.995468, 0.095898, 0.0, 0.0, 0.0, 0.0, 1.0],
                [0.999956, 0.001947, 0.000182, -0.0, 0.000181, -0.184808, 0.982742, 0.37472, 0.001946, -0.982852, -0.184787, 0.0, 0.0, 0.0, 0.0, 1.0],
                [0.999956, 0.001894, 0.00041, 0.0, 0.00041, -0.413611, 0.910441, 0.37472, 0.001894, -0.910532, -0.413569, -0.0, 0.0, 0.0, 0.0, 1.0]
            ]
        },
        {
            "name": "Knee_R",
            "time": [0.0, 0.6333],
            "transform": [
                [1.0, 0.0, -0.0, 0.0, -0.0, 1e-06, -1.0, 0.37472, -0.0, 1.0, 1e-06, -0.0, 0.0, 0.0, 0.0, 1.0],
                [1.0, 0.0, -0.0, 0.0, -0.0, 1e-06, -1.0, 0.37472, -0.0, 1.0, 1e-06, -0.0, 0.0, 0.0, 0.0, 1.0]
            ]
        },
        {
            "name": "Thigh_L",
            "time": [0.0, 0.0333, 0.0667, 0.1, 0.1333, 0.1667, 0.2, 0.2333, 0.2667, 0.3, 0.3333, 0.3667, 0.4, 0.4333, 0.4667, 0.5, 0.5333, 0.5667, 0.6, 0.6333],
            "transform": [
                [0.992994, 0.047471, 0.10822, -0.149567, 0.002597, -0.924313, 0.381628, 0.019154, 0.118145, -0.378673, -0.917959, -0.00854, 0.0, 0.0, 0.0, 1.0],
                [0.998403, -0.03011, 0.047838, -0.150597, -0.037668, -0.985418, 0.165926, 0.010537, 0.042144, -0.167462, -0.984978, -0.004438, 0.0, 0.0, 0.0, 1.0],
                [0.996478, -0.08238, -0.015863, -0.151019, -0.082831, -0.996102, -0.030244, 0.001819, -0.013309, 0.031452, -0.999417, -0.000324, 0.0, 0.0, 0.0, 1.0],
                [0.992333, -0.082732, -0.091857, -0.150799, -0.103683, -0.961636, -0.25397, -0.007695, -0.067322, 0.261545, -0.962841, 0.003254, 0.0, 0.0, 0.0, 1.0],
                [0.989166, -0.058667, -0.134597, -0.15024, -0.110363, -0.901696, -0.418042, -0.014056, -0.096841, 0.428365, -0.898402, 0.006355, 0.0, 0.0, 0.0, 1.0],
                [0.993131, -0.025138, -0.114311, -0.149989, -0.076605, -0.878016, -0.472457, -0.016087, -0.088491, 0.477965, -0.87391, 0.007387, 0.0, 0.0, 0.0, 1.0],
                [0.994548, 0.001989, -0.104291, -0.149903, -0.048261, -0.877595, -0.476963, -0.016739, -0.092475, 0.479393, -0.872715, 0.007688, 0.0, 0.0, 0.0, 1.0],
                [0.988706, 0.01081, -0.149508, -0.149835, -0.059658, -0.88662, -0.458629, -0.017242, -0.137515, 0.462365, -0.875961, 0.007891, 0.0, 0.0, 0.0, 1.0],
                [0.978546, 0.009427, -0.205834, -0.149878, -0.064623, -0.934508, -0.350019, -0.016993, -0.195654, 0.355808, -0.913849, 0.007605, 0.0, 0.0, 0.0, 1.0],
                [0.969407, -0.006609, -0.245385, -0.150125, -0.034963, -0.993162, -0.111372, -0.015202, -0.242972, 0.116544, -0.963008, 0.006444, 0.0, 0.0, 0.0, 1.0],
                [0.967998, -0.025033, -0.249715, -0.150711, 0.022673, -0.982221, 0.18635, -0.009194, -0.249941, -0.186047, -0.950219, 0.003407, 0.0, 0.0, 0.0, 1.0],
                [0.97748, -0.017887, -0.210269, -0.151012, 0.085317, -0.877841, 0.471293, 0.002137, -0.193012, -0.478619, -0.856546, -0.000906, 0.0, 0.0, 0.0, 1.0],
                [0.986211, 0.003255, -0.165449, -0.150325, 0.115117, -0.731739, 0.671795, 0.013928, -0.118878, -0.681581, -0.722024, -0.004305, 0.0, 0.0, 0.0, 1.0],
                [0.990998, 0.019924, -0.132368, -0.149136, 0.115869, -0.622834, 0.773728, 0.022735, -0.067027, -0.782103, -0.619536, -0.007175, 0.0, 0.0, 0.0, 1.0],
                [0.99494, 0.038124, -0.092931, -0.14827, 0.097049, -0.603461, 0.791467, 0.027289, -0.025906, -0.796484, -0.604107, -0.009024, 0.0, 0.0, 0.0, 1.0],
                [0.997603, 0.052364, -0.045211, -0.148176, 0.068648, -0.668371, 0.740655, 0.027478, 0.008566, -0.741985, -0.670364, -0.009946, 0.0, 0.0, 0.0, 1.0],
                [0.998596, 0.051956, -0.010109, -0.148504, 0.044925, -0.730961, 0.680942, 0.025657, 0.02799, -0.680442, -0.732269, -0.009922, 0.0, 0.0, 0.0, 1.0],
                [0.998991, 0.042835, 0.013452, -0.14895, 0.024927, -0.778361, 0.627324, 0.023191, 0.037342, -0.626357, -0.778643, -0.009273, 0.0, 0.0, 0.0, 1.0],
                [0.997993, 0.044703, 0.044844, -0.149255, 0.014085, -0.847198, 0.531093, 0.021322, 0.061733, -0.529396, -0.846127, -0.008853, 0.0, 0.0, 0.0, 1.0],
                [0.995196, 0.052571, 0.082596, -0.149469, 0.015124, -0.916034, 0.400817, 0.019885, 0.096732, -0.397642, -0.912428, -0.008589, 0.0, 0.0, 0.0, 1.0]
            ]
        },
        {
            "name": "Leg_L",
            "time": [0.0, 0.0333, 0.0667, 0.1, 0.1333, 0.1667, 0.2, 0.2333, 0.2667, 0.3, 0.3333, 0.3667, 0.4, 0.4333, 0.4667, 0.5, 0.5333, 0.5667, 0.6, 0.6333],
            "transform": [
                [1.000005, -0.001907, 0.000433, -0.0, 0.000431, 0.431066, 0.902319, 0.37472, -0.001908, -0.902312, 0.431068, 0.0, 0.0, 0.0, 0.0, 1.0],
                [1.000005, -0.001879, 0.000543, 0.0, 0.000541, 0.532625, 0.846349, 0.37472, -0.001879, -0.846343, 0.532628, -0.0, 0.0, 0.0, 0.0, 1.0],
                [1.000004, -0.001835, 0.000676, -0.0, 0.000675, 0.648121, 0.761534, 0.37472, -0.001835, -0.761528, 0.648125, -0.0, 0.0, 0.0, 0.0, 1.0],
                [1.000004, -0.001741, 0.000888, -0.0, 0.000887, 0.809058, 0.587723, 0.37472, -0.001742, -0.587718, 0.809061, 0.0, 0.0, 0.0, 0.0, 1.0],
                [1.000004, -0.001679, 0.001001, -0.0, 0.001, 0.879487, 0.475915, 0.37472, -0.001679, -0.475911, 0.87949, 0.0, 0.0, 0.0, 0.0, 1.0],
                [1.000003, -0.001744, 0.000884, 0.0, 0.000884, 0.806582, 0.591117, 0.37472, -0.001744, -0.591114, 0.806585, 0.0, 0.0, 0.0, 0.0, 1.0],
                [1.000001, -0.001832, 0.000685, 0.0, 0.000686, 0.656479, 0.754343, 0.37472, -0.001832, -0.754339, 0.656481, -0.0, 0.0, 0.0, 0.0, 1.0],
                [1.0, -0.001896, 0.000485, 0.0, 0.000486, 0.480756, 0.876855, 0.37472, -0.001896, -0.876849, 0.480758, -0.0, 0.0, 0.0, 0.0, 1.0],
                [1.0, -0.001947, 0.000225, 0.0, 0.000226, 0.228562, 0.973532, 0.37472, -0.001947, -0.973523, 0.228563, -0.0, 0.0, 0.0, 0.0, 1.0],
                [0.999999, -0.001957, -0.000105, -0.0, -0.000105, -0.10736, 0.994224, 0.37472, -0.001957, -0.994214, -0.107361, -0.0, 0.0, 0.0, 0.0, 1.0],
                [0.999999, -0.001924, -0.000359, 0.0, -0.000362, -0.361939, 0.932206, 0.37472, -0.001923, -0.932194, -0.361943, 0.0, 0.0, 0.0, 0.0, 1.0],
                [1.0, -0.001901, -0.000465, 0.0, -0.000468, -0.46307, 0.886324, 0.37472, -0.0019, -0.886314, -0.463074, 0.0, 0.0, 0.0, 0.0, 1.0],
                [1.000002, -0.001917, -0.000406, 0.0, -0.00041, -0.407563, 0.913178, 0.37472, -0.001916, -0.91317, -0.407565, -0.0, 0.0, 0.0, 0.0, 1.0],
                [1.000004, -0.001956, -0.000178, 0.0, -0.000181, -0.181648, 0.983363, 0.37472, -0.001956, -0.983357, -0.181649, 0.0, 0.0, 0.0, 0.0, 1.0],
                [1.000004, -0.001961, 0.000172, -0.0, 0.000169, 0.17261, 0.984988, 0.37472, -0.001961, -0.984985, 0.172611, 0.0, 0.0, 0.0, 0.0, 1.0],
                [1.000006, -0.00189, 0.000536, -0.0, 0.000534, 0.523777, 0.851851, 0.37472, -0.00189, -0.851848, 0.523778, -0.0, 0.0, 0.0, 0.0, 1.0],
                [1.000004, -0.001836, 0.000676, -0.0, 0.000674, 0.647579, 0.761995, 0.37472, -0.001837, -0.761992, 0.647579, -0.0, 0.0, 0.0, 0.0, 1.0],
                [1.000005, -0.001862, 0.000606, 0.0, 0.000604, 0.587588, 0.809156, 0.37472, -0.001863, -0.809152, 0.58759, 0.0, 0.0, 0.0, 0.0, 1.0],
                [1.000005, -0.001886, 0.00052, -0.0, 0.000518, 0.511446, 0.859312, 0.37472, -0.001887, -0.859308, 0.511447, -0.0, 0.0, 0.0, 0.0, 1.0],
                [1.000005, -0.001901, 0.000457, -0.0, 0.000455, 0.453325, 0.891343, 0.37472, -0.001902, -0.891337, 0.453328, 0.0, 0.0, 0.0, 0.0, 1.0]
            ]
        },
        {
            "name": "Knee_L",
            "time": [0.0, 0.6333],
            "transform": [
                [1.0, 0.0, -0.0, -0.0, -0.0, 1e-06, -1.0, 0.37472, -0.0, 1.0, 1e-06, 0.0, 0.0, 0.0, 0.0, 1.0],
                [1.0, 0.0, -0.0, -0.0, -0.0, 1e-06, -1.0, 0.37472, -0.0, 1.0, 1e-06, 0.0, 0.0, 0.0, 0.0, 1.0]
            ]
        },
        {
            "name": "Torso",
            "time": [0.0, 0.0333, 0.0667, 0.1, 0.1333, 0.1667, 0.2, 0.2333, 0.2667, 0.3, 0.3333, 0.3667, 0.4, 0.4333, 0.4667, 0.5, 0.5333, 0.5667, 0.6, 0.6333],
            "transform": [
                [0.929582, 0.25064, -0.270289, 0.0, 0.166098, 0.369784, 0.914151, 0.05, 0.329071, -0.894673, 0.302114, 0.0, 0.0, 0.0, 0.0, 1.0],
                [0.873373, 0.311853, -0.374119, 0.0, 0.240614, 0.391587, 0.888124, 0.05, 0.423463, -0.865684, 0.266966, 0.0, 0.0, 0.0, 0.0, 1.0],
                [0.808648, 0.365322, -0.461116, -0.0, 0.297437, 0.422368, 0.856234, 0.05, 0.507561, -0.829546, 0.232887, 0.0, 0.0, 0.0, 0.0, 1.0],
                [0.752266, 0.418858, -0.508579, 0.0, 0.306752, 0.460484, 0.832982, 0.05, 0.583093, -0.782633, 0.217921, 0.0, 0.0, 0.0, 0.0, 1.0],
                [0.727328, 0.453383, -0.515205, -0.0, 0.286878, 0.481123, 0.828385, 0.05, 0.623451, -0.75031, 0.219869, -0.0, 0.0, 0.0, 0.0, 1.0],
                [0.758691, 0.461295, -0.459993, 0.0, 0.243546, 0.454059, 0.857039, 0.05, 0.60421, -0.762259, 0.232144, -0.0, 0.0, 0.0, 0.0, 1.0],
                [0.80595, 0.446418, -0.388785, -0.0, 0.192498, 0.423427, 0.885243, 0.05, 0.55981, -0.788303, 0.255327, -0.0, 0.0, 0.0, 0.0, 1.0],
                [0.8492, 0.413045, -0.329017, -0.0, 0.145609, 0.41575, 0.897748, 0.05, 0.507598, -0.810276, 0.292912, 0.0, 0.0, 0.0, 0.0, 1.0],
                [0.902229, 0.351776, -0.249467, 0.0, 0.091134, 0.40988, 0.907575, 0.05, 0.421514, -0.841578, 0.337748, 0.0, 0.0, 0.0, 0.0, 1.0],
                [0.958742, 0.249237, -0.136722, -0.0, 0.024828, 0.405696, 0.913671, 0.05, 0.283188, -0.879371, 0.38277, 0.0, 0.0, 0.0, 0.0, 1.0],
                [0.987211, 0.158704, -0.014997, 0.0, -0.051209, 0.404813, 0.912965, 0.05, 0.150962, -0.900523, 0.407763, 0.0, 0.0, 0.0, 0.0, 1.0],
                [0.990122, 0.107499, 0.090006, 0.0, -0.126314, 0.405364, 0.905387, 0.05, 0.060843, -0.907813, 0.414939, -0.0, 0.0, 0.0, 0.0, 1.0],
                [0.98081, 0.060822, 0.185224, -0.0, -0.193732, 0.410311, 0.89113, 0.05, -0.021799, -0.909917, 0.414221, -0.0, 0.0, 0.0, 0.0, 1.0],
                [0.963769, 0.017235, 0.266176, 0.0, -0.24912, 0.414776, 0.875157, 0.05, -0.09532, -0.909761, 0.404042, 0.0, 0.0, 0.0, 0.0, 1.0],
                [0.954107, -0.012204, 0.299211, 0.0, -0.26908, 0.403563, 0.87449, 0.05, -0.131422, -0.914872, 0.381759, -0.0, 0.0, 0.0, 0.0, 1.0],
                [0.961237, -0.022603, 0.27479, 0.0, -0.246968, 0.372522, 0.894558, 0.05, -0.122585, -0.927749, 0.3525, 0.0, 0.0, 0.0, 0.0, 1.0],
                [0.977807, -0.01228, 0.209138, 0.0, -0.192151, 0.345178, 0.918657, 0.05, -0.08347, -0.938458, 0.335158, -0.0, 0.0, 0.0, 0.0, 1.0],
                [0.994168, 0.025276, 0.10482, -0.0, -0.107249, 0.332152, 0.937109, 0.05, -0.01113, -0.942888, 0.332926, 0.0, 0.0, 0.0, 0.0, 1.0],
                [0.993354, 0.107361, -0.041445, -0.0, 0.003048, 0.335466, 0.942048, 0.05, 0.115042, -0.935915, 0.33291, -0.0, 0.0, 0.0, 0.0, 1.0],
                [0.957235, 0.206078, -0.20305, 0.0, 0.120402, 0.354409, 0.927307, 0.05, 0.26306, -0.9121, 0.314441, 0.0, 0.0, 0.0, 0.0, 1.0]
            ]
        },
        {
            "name": "Chest",
            "time": [0.0, 0.0333, 0.0667, 0.1, 0.1333, 0.1667, 0.2, 0.2333, 0.2667, 0.3, 0.3333, 0.3667, 0.4, 0.4333, 0.4667, 0.5, 0.5333, 0.5667, 0.6, 0.6333],
            "transform": [
                [0.983457, -0.103125, 0.148904, 0.0, 0.125001, 0.981367, -0.145938, 0.3, -0.131079, 0.162138, 0.978023, -0.0, 0.0, 0.0, 0.0, 1.0],
                [0.980789, -0.109697, 0.161289, -0.0, 0.132367, 0.981652, -0.137273, 0.3, -0.14327, 0.155986, 0.977313, 0.0, 0.0, 0.0, 0.0, 1.0],
                [0.978041, -0.117318, 0.172244, 0.0, 0.140388, 0.981725, -0.128491, 0.3, -0.154021, 0.149851, 0.976638, -0.0, 0.0, 0.0, 0.0, 1.0],
                [0.976792, -0.138474, 0.163395, 0.0, 0.158976, 0.979981, -0.119866, 0.3, -0.143525, 0.14306, 0.979252, 0.0, 0.0, 0.0, 0.0, 1.0],
                [0.976284, -0.154849, 0.151283, -0.0, 0.173084, 0.978071, -0.115854, 0.3, -0.130025, 0.139292, 0.981678, 0.0, 0.0, 0.0, 0.0, 1.0],
                [0.977906, -0.153994, 0.141356, 0.0, 0.171986, 0.977092, -0.125361, 0.3, -0.118813, 0.146903, 0.981989, -0.0, 0.0, 0.0, 0.0, 1.0],
                [0.979574, -0.147591, 0.136557, 0.0, 0.165821, 0.977084, -0.13347, 0.3, -0.113728, 0.153388, 0.9816, -0.0, 0.0, 0.0, 0.0, 1.0],
                [0.980501, -0.140704, 0.137173, -0.0, 0.159143, 0.978082, -0.134286, 0.3, -0.115271, 0.153498, 0.981402, -0.0, 0.0, 0.0, 0.0, 1.0],
                [0.982332, -0.129768, 0.134833, 0.0, 0.147893, 0.97982, -0.13448, 0.3, -0.11466, 0.152045, 0.9817, -0.0, 0.0, 0.0, 0.0, 1.0],
                [0.986481, -0.107103, 0.124017, -0.0, 0.123458, 0.983435, -0.132727, 0.3, -0.107747, 0.146245, 0.983363, -0.0, 0.0, 0.0, 0.0, 1.0],
                [0.988915, -0.092601, 0.116047, -0.0, 0.107781, 0.985346, -0.132215, 0.3, -0.102103, 0.143258, 0.984404, -0.0, 0.0, 0.0, 0.0, 1.0],
                [0.988938, -0.096315, 0.112787, 0.0, 0.111244, 0.984641, -0.134579, 0.3, -0.098093, 0.145638, 0.984463, 0.0, 0.0, 0.0, 0.0, 1.0],
                [0.990761, -0.096818, 0.094933, 0.0, 0.109501, 0.984215, -0.139051, 0.3, -0.079971, 0.148163, 0.985724, -0.0, 0.0, 0.0, 0.0, 1.0],
                [0.994287, -0.089965, 0.057394, -0.0, 0.097517, 0.984424, -0.146301, 0.3, -0.043338, 0.151062, 0.987573, -0.0, 0.0, 0.0, 0.0, 1.0],
                [0.995915, -0.084322, 0.032224, -0.0, 0.08832, 0.984, -0.154753, 0.3, -0.018659, 0.156968, 0.987427, 0.0, 0.0, 0.0, 0.0, 1.0],
                [0.996268, -0.080882, 0.030054, -0.0, 0.084741, 0.982773, -0.164257, 0.3, -0.016251, 0.166192, 0.985959, -0.0, 0.0, 0.0, 0.0, 1.0],
                [0.996269, -0.076728, 0.039406, -0.0, 0.082397, 0.981695, -0.171728, 0.3, -0.025508, 0.174336, 0.984355, -0.0, 0.0, 0.0, 0.0, 1.0],
                [0.995416, -0.074263, 0.06023, 0.0, 0.083733, 0.981165, -0.174093, 0.3, -0.046167, 0.178339, 0.982886, -0.0, 0.0, 0.0, 0.0, 1.0],
                [0.992137, -0.082723, 0.093887, -0.0, 0.097582, 0.981171, -0.166687, 0.3, -0.07833, 0.174539, 0.981529, -0.0, 0.0, 0.0, 0.0, 1.0],
                [0.986513, -0.097413, 0.131517, 0.0, 0.117428, 0.98104, -0.154193, 0.3, -0.114002, 0.167558, 0.979248, -0.0, 0.0, 0.0, 0.0, 1.0]
            ]
        },
        {
            "name": "Head",
            "time": [0.0, 0.0333, 0.0667, 0.1, 0.1333, 0.1667, 0.2, 0.2333, 0.2667, 0.3, 0.3333, 0.3667, 0.4, 0.4333, 0.4667, 0.5, 0.5333, 0.5667, 0.6, 0.6333],
            "transform": [
                [0.996675, 0.072217, 0.03779, 0.0, -0.051184, 0.915366, -0.399355, 0.4, -0.063432, 0.396093, 0.916016, 0.0, 0.0, 0.0, 0.0, 1.0],
                [0.989187, 0.071343, 0.128155, -0.0, -0.012706, 0.91213, -0.409703, 0.4, -0.146124, 0.403644, 0.90317, 0.0, 0.0, 0.0, 0.0, 1.0],
                [0.975775, 0.060311, 0.210306, -0.0, 0.032275, 0.911055, -0.411019, 0.4, -0.21639, 0.40785, 0.887036, -0.0, 0.0, 0.0, 0.0, 1.0],
                [0.957345, 0.04214, 0.285863, 0.0, 0.080166, 0.911738, -0.402873, 0.4, -0.27761, 0.408605, 0.869467, 0.0, 0.0, 0.0, 0.0, 1.0],
                [0.941565, 0.010189, 0.336682, -0.0, 0.12979, 0.911387, -0.390548, 0.4, -0.310828, 0.411424, 0.856805, 0.0, 0.0, 0.0, 0.0, 1.0],
                [0.936088, -0.030619, 0.350432, -0.0, 0.171613, 0.909361, -0.378963, 0.4, -0.307066, 0.414881, 0.856495, 0.0, 0.0, 0.0, 0.0, 1.0],
                [0.937616, -0.069195, 0.34072, 0.0, 0.200721, 0.907914, -0.367972, 0.4, -0.283883, 0.413406, 0.865162, 0.0, 0.0, 0.0, 0.0, 1.0],
                [0.94307, -0.095912, 0.318468, -0.0, 0.212172, 0.91087, -0.353974, 0.4, -0.256134, 0.401392, 0.879363, -0.0, 0.0, 0.0, 0.0, 1.0],
                [0.959757, -0.102739, 0.261369, 0.0, 0.19337, 0.916677, -0.349729, 0.4, -0.203661, 0.386195, 0.899652, 0.0, 0.0, 0.0, 0.0, 1.0],
                [0.982478, -0.093174, 0.161423, 0.0, 0.147228, 0.919054, -0.3656, 0.4, -0.114292, 0.38296, 0.916666, -0.0, 0.0, 0.0, 0.0, 1.0],
                [0.995511, -0.08455, 0.042578, -0.0, 0.094434, 0.918414, -0.384184, 0.4, -0.006622, 0.38648, 0.922272, -0.0, 0.0, 0.0, 0.0, 1.0],
                [0.993584, -0.0788, -0.081136, 0.0, 0.040257, 0.916765, -0.397393, 0.4, 0.105698, 0.391577, 0.914053, 0.0, 0.0, 0.0, 0.0, 1.0],
                [0.977796, -0.072739, -0.196534, -0.0, -0.011921, 0.917005, -0.398698, 0.4, 0.209224, 0.392188, 0.895774, -0.0, 0.0, 0.0, 0.0, 1.0],
                [0.956311, -0.063133, -0.285457, 0.0, -0.056031, 0.918727, -0.3909, 0.4, 0.286936, 0.389816, 0.875049, 0.0, 0.0, 0.0, 0.0, 1.0],
                [0.943166, -0.046794, -0.329015, -0.0, -0.090374, 0.91661, -0.389433, 0.4, 0.319802, 0.397034, 0.860284, 0.0, 0.0, 0.0, 0.0, 1.0],
                [0.945961, -0.024212, -0.323378, -0.0, -0.113197, 0.909829, -0.399247, 0.4, 0.303886, 0.414277, 0.85792, 0.0, 0.0, 0.0, 0.0, 1.0],
                [0.959865, 0.004101, -0.280435, -0.0, -0.121734, 0.906889, -0.403404, 0.4, 0.25267, 0.421352, 0.870987, -0.0, 0.0, 0.0, 0.0, 1.0],
                [0.977584, 0.034463, -0.207713, 0.0, -0.116866, 0.909415, -0.399131, 0.4, 0.175142, 0.414458, 0.893055, -0.0, 0.0, 0.0, 0.0, 1.0],
                [0.991903, 0.055756, -0.11411, 0.0, -0.097147, 0.911827, -0.398917, 0.4, 0.081807, 0.406773, 0.909858, -0.0, 0.0, 0.0, 0.0, 1.0],
                [0.997672, 0.067176, -0.011939, -0.0, -0.066239, 0.91167, -0.405549, 0.4, -0.016359, 0.405396, 0.913993, -0.0, 0.0, 0.0, 0.0, 1.0]
            ]
        },
        {
            "name": "Shoulder_R",
            "time": [0.0, 0.0333, 0.0667, 0.1, 0.1333, 0.1667, 0.2, 0.2333, 0.2667, 0.3, 0.3333, 0.3667, 0.4, 0.4333, 0.4667, 0.5, 0.5333, 0.5667, 0.6, 0.6333],
            "transform": [
                [-0.279282, 0.583371, 0.762679, 0.0, 0.111972, -0.769077, 0.62927, 0.4, 0.953659, 0.261142, 0.149469, 0.0, 0.0, 0.0, 0.0, 1.0],
                [-0.2322, 0.610532, 0.757187, -0.0, 0.096072, -0.76026, 0.642474, 0.4, 0.967913, 0.221926, 0.117877, 0.0, 0.0, 0.0, 0.0, 1.0],
                [-0.189004, 0.636038, 0.748152, -0.0, 0.083031, -0.748803, 0.657569, 0.4, 0.978462, 0.186402, 0.088716, -0.0, 0.0, 0.0, 0.0, 1.0],
                [-0.147271, 0.649066, 0.74634, 0.0, 0.081288, -0.744071, 0.663135, 0.4, 0.985751, 0.158329, 0.056819, 0.0, 0.0, 0.0, 0.0, 1.0],
                [-0.126076, 0.663193, 0.737752, -0.0, 0.07178, -0.735638, 0.67356, 0.4, 0.989421, 0.137875, 0.045142, 0.0, 0.0, 0.0, 0.0, 1.0],
                [-0.13523, 0.68834, 0.71267, -0.0, 0.044765, -0.714298, 0.698408, 0.4, 0.989804, 0.126348, 0.065781, 0.0, 0.0, 0.0, 0.0, 1.0],
                [-0.162747, 0.711093, 0.684002, 0.0, 0.020648, -0.690637, 0.722905, 0.4, 0.986453, 0.131774, 0.097716, 0.0, 0.0, 0.0, 0.0, 1.0],
                [-0.201735, 0.721224, 0.662673, -0.0, 0.019264, -0.673531, 0.738907, 0.4, 0.979252, 0.161829, 0.121981, -0.0, 0.0, 0.0, 0.0, 1.0],
                [-0.252646, 0.721412, 0.644773, 0.0, 0.021077, -0.66213, 0.749091, 0.4, 0.967331, 0.202845, 0.152079, 0.0, 0.0, 0.0, 0.0, 1.0],
                [-0.308905, 0.718755, 0.62287, 0.0, 0.015832, -0.650923, 0.758977, 0.4, 0.950963, 0.244313, 0.189694, -0.0, 0.0, 0.0, 0.0, 1.0],
                [-0.36089, 0.704572, 0.61101, -0.0, 0.018804, -0.649532, 0.7601, 0.4, 0.93242, 0.285802, 0.221161, -0.0, 0.0, 0.0, 0.0, 1.0],
                [-0.401158, 0.676329, 0.617778, 0.0, 0.037752, -0.661643, 0.748866, 0.4, 0.915232, 0.323735, 0.239891, 0.0, 0.0, 0.0, 0.0, 1.0],
                [-0.415438, 0.657856, 0.6282, -0.0, 0.052948, -0.671956, 0.738694, 0.4, 0.908082, 0.340143, 0.244323, -0.0, 0.0, 0.0, 0.0, 1.0],
                [-0.403072, 0.654306, 0.639855, 0.0, 0.058243, -0.679408, 0.731444, 0.4, 0.913315, 0.332091, 0.235741, 0.0, 0.0, 0.0, 0.0, 1.0],
                [-0.393517, 0.641874, 0.658134, -0.0, 0.068442, -0.693452, 0.717243, 0.4, 0.916769, 0.32729, 0.228954, 0.0, 0.0, 0.0, 0.0, 1.0],
                [-0.395391, 0.614786, 0.682424, -0.0, 0.087585, -0.714345, 0.69429, 0.4, 0.914329, 0.334285, 0.2286, 0.0, 0.0, 0.0, 0.0, 1.0],
                [-0.394687, 0.590398, 0.704025, -0.0, 0.105668, -0.731978, 0.673082, 0.4, 0.912721, 0.340048, 0.226516, -0.0, 0.0, 0.0, 0.0, 1.0],
                [-0.386579, 0.573577, 0.722194, 0.0, 0.118752, -0.745596, 0.65573, 0.4, 0.914581, 0.339253, 0.220118, -0.0, 0.0, 0.0, 0.0, 1.0],
                [-0.355269, 0.568096, 0.742327, 0.0, 0.122706, -0.758917, 0.63952, 0.4, 0.926677, 0.318289, 0.199911, -0.0, 0.0, 0.0, 0.0, 1.0],
                [-0.308897, 0.568392, 0.762569, -0.0, 0.120706, -0.771867, 0.624219, 0.4, 0.943407, 0.284865, 0.169819, -0.0, 0.0, 0.0, 0.0, 1.0]
            ]
        },
        {
            "name": "Arm_R",
            "time": [0.0, 0.0333, 0.0667, 0.1, 0.1333, 0.1667, 0.2, 0.2333, 0.2667, 0.3, 0.3333, 0.3667, 0.4, 0.4333, 0.4667, 0.5, 0.5333, 0.5667, 0.6, 0.6333],
            "transform": [
                [0.492483, -0.020779, -0.870075, 0.0, 0.535077, 0.795685, 0.283865, 0.39386, 0.686405, -0.605357, 0.402979, -0.0, 0.0, 0.0, 0.0, 1.0],
                [0.475743, -0.068335, -0.876926, 0.0, 0.535472, 0.813445, 0.227113, 0.393861, 0.697809, -0.577618, 0.423582, 0.0, 0.0, 0.0, 0.0, 1.0],
                [0.462203, -0.110155, -0.879906, -0.0, 0.530885, 0.829166, 0.175065, 0.393861, 0.710302, -0.548045, 0.441722, 0.0, 0.0, 0.0, 0.0, 1.0],
                [0.451983, -0.128658, -0.8827, -0.0, 0.517306, 0.84396, 0.141874, 0.393861, 0.726708, -0.520752, 0.448011, -0.0, 0.0, 0.0, 0.0, 1.0],
                [0.4484, -0.137714, -0.88316, 0.0, 0.498548, 0.858625, 0.119237, 0.393861, 0.74188, -0.493765, 0.453663, -0.0, 0.0, 0.0, 0.0, 1.0],
                [0.453021, -0.14905, -0.878952, -0.0, 0.479896, 0.871663, 0.09953, 0.393861, 0.751313, -0.466895, 0.46641, -0.0, 0.0, 0.0, 0.0, 1.0],
                [0.452985, -0.145754, -0.879523, -0.0, 0.459052, 0.883845, 0.089959, 0.39386, 0.764248, -0.444498, 0.467277, 0.0, 0.0, 0.0, 0.0, 1.0],
                [0.435265, -0.118293, -0.892498, -0.0, 0.439814, 0.892929, 0.096144, 0.39386, 0.785563, -0.434381, 0.440687, 0.0, 0.0, 0.0, 0.0, 1.0],
                [0.415277, -0.074332, -0.906654, -0.0, 0.425604, 0.896728, 0.121423, 0.39386, 0.803994, -0.4363, 0.404026, -0.0, 0.0, 0.0, 0.0, 1.0],
                [0.404254, -0.021245, -0.914401, -0.0, 0.420362, 0.892209, 0.165111, 0.39386, 0.812327, -0.451127, 0.369609, 0.0, 0.0, 0.0, 0.0, 1.0],
                [0.389686, 0.02986, -0.920464, -0.0, 0.42332, 0.881824, 0.207822, 0.39386, 0.81789, -0.470638, 0.330993, -0.0, 0.0, 0.0, 0.0, 1.0],
                [0.368734, 0.072174, -0.926729, -0.0, 0.434393, 0.868039, 0.240443, 0.393861, 0.82179, -0.491225, 0.288723, -0.0, 0.0, 0.0, 0.0, 1.0],
                [0.358898, 0.100279, -0.927975, -0.0, 0.447809, 0.853817, 0.265457, 0.393861, 0.818937, -0.510829, 0.261527, -0.0, 0.0, 0.0, 0.0, 1.0],
                [0.365151, 0.116341, -0.923651, 0.0, 0.459647, 0.840263, 0.287552, 0.393861, 0.809561, -0.529554, 0.253347, -0.0, 0.0, 0.0, 0.0, 1.0],
                [0.37726, 0.124598, -0.917688, 0.0, 0.477995, 0.822526, 0.30818, 0.393861, 0.793218, -0.554916, 0.250749, 0.0, 0.0, 0.0, 0.0, 1.0],
                [0.390962, 0.126488, -0.911674, 0.0, 0.504121, 0.7993, 0.327084, 0.393861, 0.770071, -0.587473, 0.248731, 0.0, 0.0, 0.0, 0.0, 1.0],
                [0.413035, 0.120072, -0.902766, 0.0, 0.523724, 0.779649, 0.343312, 0.39386, 0.74506, -0.614601, 0.259137, 0.0, 0.0, 0.0, 0.0, 1.0],
                [0.441891, 0.103163, -0.891118, -0.0, 0.532575, 0.769192, 0.353143, 0.393861, 0.721869, -0.630639, 0.284957, 0.0, 0.0, 0.0, 0.0, 1.0],
                [0.466101, 0.063705, -0.882435, 0.0, 0.535527, 0.773619, 0.338714, 0.39386, 0.704244, -0.630444, 0.326469, -0.0, 0.0, 0.0, 0.0, 1.0],
                [0.486395, 0.013734, -0.873631, 0.0, 0.534486, 0.786299, 0.309937, 0.39386, 0.69119, -0.617697, 0.375111, 0.0, 0.0, 0.0, 0.0, 1.0]
            ]
        },
        {
            "name": "Hand_R",
            "time": [0.0, 0.0333, 0.0667, 0.1, 0.1333, 0.1667, 0.2, 0.2333, 0.2667, 0.3, 0.3333, 0.3667, 0.4, 0.4333, 0.4667, 0.5, 0.5333, 0.5667, 0.6, 0.6333],
            "transform": [
                [0.999996, 0.001761, 0.000849, -0.0, -0.000849, 0.782344, -0.622847, 0.3, -0.001761, 0.622846, 0.782343, 0.0, 0.0, 0.0, 0.0, 1.0],
                [0.999996, 0.001741, 0.000888, -0.0, -0.000888, 0.809388, -0.587275, 0.3, -0.001741, 0.587274, 0.809386, 0.0, 0.0, 0.0, 0.0, 1.0],
                [0.999997, 0.001731, 0.000909, 0.0, -0.000909, 0.823156, -0.567815, 0.3, -0.001731, 0.567813, 0.823156, 0.0, 0.0, 0.0, 0.0, 1.0],
                [0.999995, 0.001754, 0.000863, 0.0, -0.000862, 0.792116, -0.610371, 0.3, -0.001754, 0.610371, 0.792114, -0.0, 0.0, 0.0, 0.0, 1.0],
                [0.999996, 0.001764, 0.000841, 0.0, -0.000841, 0.776924, -0.629595, 0.3, -0.001764, 0.629596, 0.776921, -0.0, 0.0, 0.0, 0.0, 1.0],
                [0.999996, 0.001727, 0.000916, -0.0, -0.000917, 0.82811, -0.560566, 0.3, -0.001727, 0.560566, 0.828108, 0.0, 0.0, 0.0, 0.0, 1.0],
                [0.999996, 0.001679, 0.001001, -0.0, -0.001001, 0.879756, -0.475426, 0.3, -0.001679, 0.475425, 0.879755, -0.0, 0.0, 0.0, 0.0, 1.0],
                [0.999996, 0.00166, 0.001031, -0.0, -0.001032, 0.896524, -0.442996, 0.3, -0.00166, 0.442995, 0.896523, -0.0, 0.0, 0.0, 0.0, 1.0],
                [0.999996, 0.001647, 0.001053, 0.0, -0.001052, 0.907484, -0.420086, 0.3, -0.001647, 0.420085, 0.907483, -0.0, 0.0, 0.0, 0.0, 1.0],
                [0.999996, 0.001628, 0.001081, -0.0, -0.001081, 0.921777, -0.387719, 0.3, -0.001628, 0.387718, 0.921776, 0.0, 0.0, 0.0, 0.0, 1.0],
                [0.999996, 0.001629, 0.001082, -0.0, -0.001082, 0.921798, -0.387673, 0.3, -0.001629, 0.387672, 0.921796, -0.0, 0.0, 0.0, 0.0, 1.0],
                [0.999996, 0.001657, 0.001038, 0.0, -0.001038, 0.899804, -0.436296, 0.3, -0.001657, 0.436294, 0.899802, 0.0, 0.0, 0.0, 0.0, 1.0],
                [0.999996, 0.001675, 0.001007, 0.0, -0.001008, 0.883327, -0.468757, 0.3, -0.001675, 0.468756, 0.883326, -0.0, 0.0, 0.0, 0.0, 1.0],
                [0.999997, 0.001683, 0.000995, 0.0, -0.000995, 0.876279, -0.481803, 0.3, -0.001683, 0.481802, 0.876278, -0.0, 0.0, 0.0, 0.0, 1.0],
                [0.999996, 0.001714, 0.000942, -0.0, -0.000944, 0.844829, -0.535038, 0.3, -0.001713, 0.535037, 0.844827, 0.0, 0.0, 0.0, 0.0, 1.0],
                [0.999997, 0.001762, 0.000848, -0.0, -0.000849, 0.781741, -0.623604, 0.3, -0.001762, 0.623604, 0.781739, -0.0, 0.0, 0.0, 0.0, 1.0],
                [0.999996, 0.001798, 0.000771, 0.0, -0.000772, 0.724682, -0.689084, 0.3, -0.001797, 0.689083, 0.72468, -0.0, 0.0, 0.0, 0.0, 1.0],
                [0.999995, 0.001813, 0.000732, 0.0, -0.000732, 0.69387, -0.720101, 0.3, -0.001814, 0.720101, 0.693868, 0.0, 0.0, 0.0, 0.0, 1.0],
                [0.999996, 0.001806, 0.000749, -0.0, -0.000749, 0.707503, -0.70671, 0.3, -0.001806, 0.706709, 0.707502, -0.0, 0.0, 0.0, 0.0, 1.0],
                [0.999996, 0.001786, 0.000794, -0.0, -0.000794, 0.742115, -0.670273, 0.3, -0.001786, 0.670272, 0.742113, 0.0, 0.0, 0.0, 0.0, 1.0]
            ]
        },
        {
            "name": "Tool_R",
            "time": [0.0, 0.0333, 0.0667, 0.1, 0.1333, 0.1667, 0.2, 0.2333, 0.2667, 0.3, 0.3333, 0.3667, 0.4, 0.4333, 0.4667, 0.5, 0.5333, 0.5667, 0.6, 0.6333],
            "transform": [
                [0.882787, 0.277907, -0.378282, -0.002553, -0.037167, -0.762085, -0.646621, 0.272241, -0.467459, 0.584715, -0.66219, 0.025042, 0.0, 0.0, 0.0, 1.0],
                [0.904067, 0.248643, -0.347042, -0.002553, -0.024235, -0.781795, -0.62329, 0.27224, -0.425805, 0.571728, -0.70054, 0.025042, 0.0, 0.0, 0.0, 1.0],
                [0.918217, 0.23393, -0.318939, -0.002553, -0.0169, -0.78252, -0.622627, 0.272241, -0.39477, 0.576917, -0.714345, 0.025042, 0.0, 0.0, 0.0, 1.0],
                [0.922349, 0.251039, -0.292934, -0.002553, -0.016933, -0.732376, -0.680903, 0.27224, -0.385024, 0.632831, -0.671009, 0.025042, 0.0, 0.0, 0.0, 1.0],
                [0.921115, 0.267526, -0.282027, -0.002553, -0.021451, -0.689579, -0.724085, 0.27224, -0.387742, 0.672877, -0.629184, 0.025042, 0.0, 0.0, 0.0, 1.0],
                [0.917797, 0.258839, -0.300365, -0.002553, -0.025914, -0.716888, -0.696912, 0.27224, -0.395258, 0.647256, -0.650998, 0.025042, 0.0, 0.0, 0.0, 1.0],
                [0.907228, 0.25834, -0.331345, -0.002553, -0.030795, -0.745736, -0.665743, 0.272241, -0.418604, 0.614018, -0.668354, 0.025041, 0.0, 0.0, 0.0, 1.0],
                [0.884827, 0.28418, -0.368727, -0.002553, -0.048482, -0.731614, -0.680194, 0.27224, -0.462542, 0.619569, -0.633325, 0.025042, 0.0, 0.0, 0.0, 1.0],
                [0.854871, 0.314593, -0.412214, -0.002553, -0.064543, -0.724318, -0.686625, 0.272241, -0.514017, 0.613421, -0.598642, 0.025041, 0.0, 0.0, 0.0, 1.0],
                [0.818976, 0.336148, -0.4648, -0.002553, -0.071785, -0.74397, -0.664529, 0.27224, -0.568572, 0.577429, -0.584915, 0.025041, 0.0, 0.0, 0.0, 1.0],
                [0.753684, 0.386621, -0.531347, -0.002553, -0.090243, -0.740147, -0.666521, 0.27224, -0.650314, 0.550125, -0.522703, 0.025042, 0.0, 0.0, 0.0, 1.0],
                [0.647197, 0.470147, -0.600033, -0.002553, -0.136495, -0.703076, -0.698, 0.272241, -0.749353, 0.533481, -0.390637, 0.025042, 0.0, 0.0, 0.0, 1.0],
                [0.542871, 0.516316, -0.66234, -0.002553, -0.185121, -0.695841, -0.694002, 0.27224, -0.81854, 0.499204, -0.281995, 0.025042, 0.0, 0.0, 0.0, 1.0],
                [0.474927, 0.507147, -0.719189, -0.002553, -0.215771, -0.725314, -0.6538, 0.27224, -0.85256, 0.46552, -0.234893, 0.025042, 0.0, 0.0, 0.0, 1.0],
                [0.457365, 0.494631, -0.739015, -0.002553, -0.214098, -0.74546, -0.631305, 0.27224, -0.862523, 0.446789, -0.234897, 0.025042, 0.0, 0.0, 0.0, 1.0],
                [0.498157, 0.489339, -0.715804, -0.002553, -0.179979, -0.74931, -0.637377, 0.27224, -0.847593, 0.446173, -0.285029, 0.025042, 0.0, 0.0, 0.0, 1.0],
                [0.593186, 0.46576, -0.656632, -0.002553, -0.144214, -0.741082, -0.65585, 0.27224, -0.791409, 0.483565, -0.372221, 0.025042, 0.0, 0.0, 0.0, 1.0],
                [0.712297, 0.415336, -0.5657, -0.002553, -0.11333, -0.72753, -0.676791, 0.27224, -0.691992, 0.54602, -0.470909, 0.025042, 0.0, 0.0, 0.0, 1.0],
