{
    "animation": [
        {
            "name": "Root",
            "time": [0.0, 0.0333, 0.0667, 0.1, 0.1333, 0.1667, 0.2, 0.2333, 0.2667, 0.3, 0.3333, 0.3667, 0.4, 0.4333, 0.4667, 0.5, 0.5333, 0.5667, 0.6, 0.6333, 0.6667, 0.7, 0.7333, 0.7667, 0.8, 0.8333, 0.8667, 0.9, 0.9333, 0.9667, 1.0, 1.0333, 1.0667, 1.1, 1.1333, 1.1667, 1.2, 1.2333, 1.2667, 1.3, 1.3333, 1.3667, 1.4, 1.4333, 1.4667, 1.5, 1.5333, 1.5667, 1.6, 1.6333, 1.6667, 1.7, 1.7667, 1.8333, 1.8667, 1.9, 1.9333, 1.9667, 2.0, 2.0333, 2.0667, 2.1, 2.1333, 2.1667, 2.2, 2.2333, 2.2667, 2.3, 2.3333, 2.6333, 2.8333],
            "transform": [
                [0.854495, 0.000527, -0.519459, -0.3648, -0.519376, 0.018677, -0.854343, -0.117542, 0.009252, 0.999825, 0.016233, 0.469077, 0.0, 0.0, 0.0, 1.0],
                [0.795984, 0.000624, -0.605318, -0.365543, -0.605221, 0.018647, -0.79584, -0.085908, 0.01079, 0.999826, 0.01522, 0.40772, 0.0, 0.0, 0.0, 1.0],
                [0.740886, 0.000703, -0.671631, -0.366406, -0.671524, 0.018618, -0.74075, -0.052974, 0.011983, 0.999826, 0.014266, 0.350769, 0.0, 0.0, 0.0, 1.0],
                [0.686884, 0.000773, -0.726767, -0.366915, -0.726651, 0.01859, -0.686756, 0.004585, 0.01298, 0.999827, 0.013331, 0.30689, 0.0, 0.0, 0.0, 1.0],
                [0.653935, 0.000813, -0.756551, -0.36663, -0.75643, 0.018572, -0.653812, 0.070821, 0.013519, 0.999827, 0.01276, 0.277398, 0.0, 0.0, 0.0, 1.0],
                [0.641898, 0.000827, -0.766791, -0.363233, -0.766668, 0.018566, -0.641776, 0.294671, 0.013705, 0.999827, 0.012551, 0.319373, 0.0, 0.0, 0.0, 1.0],
                [0.6297, 0.000841, -0.776839, -0.353284, -0.776714, 0.018559, -0.629581, 0.749572, 0.013888, 0.999827, 0.01234, 0.457513, 0.0, 0.0, 0.0, 1.0],
                [0.612245, 0.00086, -0.790669, -0.339306, -0.790541, 0.018549, -0.612128, 1.287122, 0.01414, 0.999828, 0.012037, 0.632466, 0.0, 0.0, 0.0, 1.0],
                [0.594487, 0.00088, -0.804106, -0.326977, -0.803976, 0.01854, -0.594373, 1.845229, 0.014385, 0.999828, 0.011729, 0.810472, 0.0, 0.0, 0.0, 1.0],
                [0.579788, 0.000896, -0.814768, -0.319159, -0.814637, 0.018532, -0.579676, 2.361808, 0.01458, 0.999828, 0.011474, 0.957735, 0.0, 0.0, 0.0, 1.0],
                [0.57268, 0.000903, -0.819779, -0.317043, -0.819648, 0.018528, -0.572569, 2.832928, 0.014672, 0.999828, 0.011351, 1.074262, 0.0, 0.0, 0.0, 1.0],
                [0.569114, 0.000907, -0.82226, -0.317739, -0.822127, 0.018526, -0.569003, 3.293384, 0.014717, 0.999828, 0.011289, 1.180444, 0.0, 0.0, 0.0, 1.0],
                [0.569114, 0.000907, -0.822259, -0.318863, -0.822127, 0.018526, -0.569003, 3.739182, 0.014717, 0.999828, 0.011289, 1.273093, 0.0, 0.0, 0.0, 1.0],
                [0.572287, 0.000904, -0.820054, -0.320454, -0.819922, 0.018528, -0.572176, 4.166322, 0.014677, 0.999828, 0.011344, 1.349021, 0.0, 0.0, 0.0, 1.0],
                [0.575451, 0.0009, -0.817837, -0.322547, -0.817706, 0.018529, -0.575339, 4.570806, 0.014636, 0.999828, 0.011399, 1.40506, 0.0, 0.0, 0.0, 1.0],
                [0.578606, 0.000897, -0.815608, -0.324535, -0.815477, 0.018531, -0.578494, 4.924157, 0.014595, 0.999828, 0.011454, 1.419029, 0.0, 0.0, 0.0, 1.0],
                [0.591559, 0.000883, -0.806262, -0.327861, -0.806132, 0.018538, -0.591445, 5.221984, 0.014424, 0.999828, 0.011678, 1.383599, 0.0, 0.0, 0.0, 1.0],
                [0.643289, 0.000825, -0.765624, -0.33567, -0.765501, 0.018566, -0.643167, 5.496434, 0.013684, 0.999827, 0.012575, 1.317765, 0.0, 0.0, 0.0, 1.0],
                [0.716664, 0.000735, -0.697419, -0.356898, -0.697307, 0.018605, -0.716532, 5.74329, 0.012449, 0.999827, 0.013847, 1.228244, 0.0, 0.0, 0.0, 1.0],
                [0.808446, 0.000605, -0.588571, -0.382558, -0.588477, 0.018653, -0.8083, 5.966721, 0.01049, 0.999826, 0.015436, 1.108338, 0.0, 0.0, 0.0, 1.0],
                [0.923142, 0.000383, -0.384459, -0.387904, -0.384398, 0.018711, -0.922979, 6.211415, 0.00684, 0.999825, 0.01742, 0.956988, 0.0, 0.0, 0.0, 1.0],
                [0.999811, 1.9e-05, -0.019442, -0.356033, -0.019439, 0.018749, -0.999637, 6.517202, 0.000346, 0.999824, 0.018746, 0.752548, 0.0, 0.0, 0.0, 1.0],
                [0.890794, -0.000457, 0.454407, -0.303607, 0.454334, 0.018695, -0.890636, 6.844119, -0.008088, 0.999825, 0.016861, 0.516666, 0.0, 0.0, 0.0, 1.0],
                [0.564942, -0.000911, 0.825132, -0.256301, 0.824998, 0.018523, -0.564832, 7.117257, -0.014769, 0.999828, 0.011216, 0.313458, 0.0, 0.0, 0.0, 1.0],
                [0.422895, -0.00105, 0.906179, -0.244559, 0.906033, 0.018443, -0.422806, 7.096886, -0.016269, 0.999829, 0.00875, 0.294894, 0.0, 0.0, 0.0, 1.0],
                [0.350782, -0.001113, 0.936457, -0.233653, 0.936306, 0.018401, -0.350704, 7.089029, -0.016841, 0.99983, 0.007497, 0.296682, 0.0, 0.0, 0.0, 1.0],
                [0.291776, -0.001163, 0.956487, -0.22651, 0.956331, 0.018365, -0.291707, 7.080929, -0.017227, 0.999831, 0.006471, 0.302237, 0.0, 0.0, 0.0, 1.0],
                [0.251504, -0.001195, 0.967857, -0.222016, 0.967699, 0.018341, -0.251441, 7.078412, -0.017451, 0.999831, 0.00577, 0.306065, 0.0, 0.0, 0.0, 1.0],
                [0.225845, -0.001216, 0.974164, -0.221101, 0.974004, 0.018325, -0.225786, 7.078265, -0.017577, 0.999831, 0.005323, 0.306433, 0.0, 0.0, 0.0, 1.0],
                [0.200026, -0.001236, 0.979791, -0.220684, 0.979631, 0.018309, -0.199971, 7.078307, -0.017691, 0.999832, 0.004873, 0.306797, 0.0, 0.0, 0.0, 1.0],
                [0.182313, -0.001249, 0.983241, -0.220809, 0.98308, 0.018297, -0.182261, 7.078535, -0.017763, 0.999832, 0.004564, 0.30716, 0.0, 0.0, 0.0, 1.0],
                [0.170707, -0.001258, 0.985323, -0.221161, 0.98516, 0.01829, -0.170657, 7.078794, -0.017807, 0.999832, 0.004362, 0.306559, 0.0, 0.0, 0.0, 1.0],
                [0.16729, -0.001261, 0.985909, -0.2217, 0.985747, 0.018288, -0.167239, 7.079082, -0.017819, 0.999832, 0.004302, 0.305957, 0.0, 0.0, 0.0, 1.0],
                [0.174805, -0.001255, 0.984604, -0.222382, 0.984442, 0.018292, -0.174754, 7.079361, -0.017791, 0.999832, 0.004433, 0.305356, 0.0, 0.0, 0.0, 1.0],
                [0.186067, -0.001247, 0.982538, -0.221525, 0.982376, 0.0183, -0.186014, 7.077839, -0.017748, 0.999832, 0.00463, 0.304775, 0.0, 0.0, 0.0, 1.0],
                [0.197304, -0.001238, 0.980343, -0.220212, 0.980182, 0.018307, -0.197249, 7.07594, -0.017703, 0.999832, 0.004825, 0.302321, 0.0, 0.0, 0.0, 1.0],
                [0.207003, -0.001231, 0.978341, -0.217791, 0.978181, 0.018313, -0.206947, 7.073329, -0.017662, 0.999832, 0.004995, 0.299876, 0.0, 0.0, 0.0, 1.0],
                [0.216683, -0.001223, 0.976243, -0.214612, 0.976083, 0.018319, -0.216625, 7.070175, -0.017619, 0.999832, 0.005163, 0.296285, 0.0, 0.0, 0.0, 1.0],
                [0.226341, -0.001215, 0.974049, -0.211499, 0.97389, 0.018325, -0.226281, 7.066973, -0.017574, 0.999831, 0.005331, 0.292693, 0.0, 0.0, 0.0, 1.0],
                [0.235977, -0.001208, 0.971759, -0.20849, 0.9716, 0.018331, -0.235916, 7.063731, -0.017529, 0.999831, 0.005499, 0.289102, 0.0, 0.0, 0.0, 1.0],
                [0.247463, -0.001199, 0.968898, -0.205628, 0.96874, 0.018338, -0.2474, 7.060462, -0.017471, 0.999831, 0.005699, 0.285512, 0.0, 0.0, 0.0, 1.0],
                [0.258915, -0.00119, 0.965901, -0.202955, 0.965743, 0.018345, -0.258851, 7.057171, -0.017412, 0.999831, 0.005899, 0.281922, 0.0, 0.0, 0.0, 1.0],
                [0.273798, -0.001178, 0.961788, -0.200514, 0.961631, 0.018354, -0.273732, 7.053899, -0.01733, 0.999831, 0.006158, 0.279615, 0.0, 0.0, 0.0, 1.0],
                [0.288435, -0.001166, 0.9575, -0.200766, 0.957345, 0.018363, -0.288366, 7.052846, -0.017247, 0.999831, 0.006413, 0.277313, 0.0, 0.0, 0.0, 1.0],
                [0.309794, -0.001148, 0.950804, -0.201357, 0.95065, 0.018376, -0.309723, 7.051865, -0.017116, 0.999831, 0.006784, 0.277141, 0.0, 0.0, 0.0, 1.0],
                [0.330999, -0.00113, 0.943632, -0.205731, 0.943478, 0.018389, -0.330924, 7.053681, -0.016978, 0.99983, 0.007153, 0.276938, 0.0, 0.0, 0.0, 1.0],
                [0.35735, -0.001108, 0.933972, -0.211858, 0.933819, 0.018405, -0.357271, 7.05666, -0.016794, 0.99983, 0.007611, 0.278932, 0.0, 0.0, 0.0, 1.0],
                [0.388688, -0.00108, 0.92137, -0.220213, 0.92122, 0.018423, -0.388604, 7.061143, -0.016555, 0.99983, 0.008156, 0.28268, 0.0, 0.0, 0.0, 1.0],
                [0.423536, -0.001049, 0.90588, -0.230522, 0.905733, 0.018444, -0.423448, 7.066889, -0.016263, 0.999829, 0.008762, 0.288423, 0.0, 0.0, 0.0, 1.0],
                [0.463594, -0.001012, 0.886048, -0.245078, 0.885906, 0.018466, -0.463499, 7.075757, -0.015893, 0.999829, 0.009457, 0.296377, 0.0, 0.0, 0.0, 1.0],
                [0.518338, -0.000959, 0.855176, -0.268692, 0.855038, 0.018497, -0.518235, 7.090463, -0.015321, 0.999829, 0.010408, 0.309124, 0.0, 0.0, 0.0, 1.0],
                [0.591559, -0.000883, 0.806262, -0.301154, 0.806132, 0.018538, -0.591445, 7.110526, -0.014424, 0.999828, 0.011678, 0.328222, 0.0, 0.0, 0.0, 1.0],
                [0.67383, -0.000789, 0.738887, -0.343043, 0.738769, 0.018582, -0.673704, 7.136836, -0.013199, 0.999827, 0.013104, 0.352253, 0.0, 0.0, 0.0, 1.0],
                [0.757448, -0.000681, 0.652896, -0.391672, 0.652791, 0.018627, -0.75731, 7.167796, -0.011646, 0.999826, 0.014553, 0.379848, 0.0, 0.0, 0.0, 1.0],
                [0.896981, -0.000444, 0.442069, -0.494323, 0.441999, 0.018698, -0.896822, 7.233778, -0.007868, 0.999825, 0.016968, 0.440155, 0.0, 0.0, 0.0, 1.0],
                [0.94383, -0.000328, 0.330431, -0.545619, 0.330379, 0.018721, -0.943664, 7.268006, -0.005877, 0.999825, 0.017778, 0.470294, 0.0, 0.0, 0.0, 1.0],
                [0.974348, -0.000221, 0.225047, -0.592421, 0.225012, 0.018736, -0.974177, 7.300363, -0.004001, 0.999824, 0.018306, 0.498403, 0.0, 0.0, 0.0, 1.0],
                [0.990868, -0.000132, 0.134834, -0.63138, 0.134812, 0.018745, -0.990696, 7.328834, -0.002397, 0.999824, 0.018591, 0.523195, 0.0, 0.0, 0.0, 1.0],
                [0.997674, -6.7e-05, 0.068164, -0.6619, 0.068153, 0.018748, -0.9975, 7.3537, -0.001212, 0.999824, 0.018709, 0.543278, 0.0, 0.0, 0.0, 1.0],
                [0.99975, -2.2e-05, 0.022343, -0.683066, 0.022339, 0.018749, -0.999576, 7.374072, -0.000397, 0.999824, 0.018745, 0.558957, 0.0, 0.0, 0.0, 1.0],
                [0.999942, 1e-05, -0.010716, -0.69969, -0.010714, 0.018749, -0.999769, 7.392787, 0.000191, 0.999824, 0.018748, 0.571785, 0.0, 0.0, 0.0, 1.0],
                [0.999705, 2.3e-05, -0.024274, -0.712354, -0.02427, 0.018749, -0.999531, 7.409912, 0.000432, 0.999824, 0.018744, 0.582258, 0.0, 0.0, 0.0, 1.0],
                [0.999656, 2.6e-05, -0.026203, -0.720429, -0.026199, 0.018749, -0.999482, 7.42573, 0.000466, 0.999824, 0.018743, 0.590242, 0.0, 0.0, 0.0, 1.0],
                [0.999847, 1.7e-05, -0.017506, -0.725672, -0.017504, 0.018749, -0.999672, 7.440119, 0.000311, 0.999824, 0.018746, 0.598243, 0.0, 0.0, 0.0, 1.0],
                [0.999996, -3e-06, 0.002902, -0.728654, 0.002901, 0.018749, -0.999821, 7.453081, -5.2e-05, 0.999824, 0.018749, 0.60464, 0.0, 0.0, 0.0, 1.0],
                [0.999728, -2.3e-05, 0.023308, -0.729929, 0.023305, 0.018749, -0.999554, 7.464709, -0.000414, 0.999824, 0.018744, 0.611053, 0.0, 0.0, 0.0, 1.0],
                [0.998909, -4.6e-05, 0.046692, -0.730069, 0.046684, 0.018749, -0.998736, 7.475047, -0.000829, 0.999824, 0.01873, 0.617481, 0.0, 0.0, 0.0, 1.0],
                [0.997543, -6.8e-05, 0.070049, -0.731549, 0.070038, 0.018748, -0.99737, 7.483702, -0.001245, 0.999824, 0.018706, 0.624695, 0.0, 0.0, 0.0, 1.0],
                [0.995176, -9.6e-05, 0.098101, -0.731693, 0.098085, 0.018747, -0.995003, 7.490856, -0.001744, 0.999824, 0.018666, 0.631926, 0.0, 0.0, 0.0, 1.0],
                [0.964681, 0.000846, -0.263421, -0.705809, -0.263391, 0.018537, -0.964512, 7.505227, 0.004067, 0.999828, 0.018105, 0.667166, 0.0, 0.0, 0.0, 1.0],
                [0.93471, 0.001078, -0.35541, -0.698907, -0.355368, 0.018425, -0.934546, 7.509059, 0.005541, 0.99983, 0.017605, 0.676563, 0.0, 0.0, 0.0, 1.0]
            ]
        },
        {
            "name": "Thigh_R",
            "time": [0.0, 0.0333, 0.0667, 0.1, 0.1333, 0.1667, 0.2, 0.2333, 0.2667, 0.3, 0.3333, 0.3667, 0.4, 0.4333, 0.4667, 0.5, 0.5333, 0.5667, 0.6, 0.6333, 0.6667, 0.7, 0.7333, 0.7667, 0.8, 0.8333, 0.8667, 0.9, 0.9333, 0.9667, 1.0, 1.0333, 1.0667, 1.1, 1.1333, 1.1667, 1.2, 1.2333, 1.2667, 1.3, 1.3333, 1.3667, 1.4, 1.4333, 1.4667, 1.5, 1.5333, 1.5667, 1.6, 1.6333, 1.6667, 1.7, 1.7667, 1.8333, 1.8667, 1.9, 1.9333, 1.9667, 2.0, 2.0333, 2.0667, 2.1, 2.1333, 2.1667, 2.2, 2.2333, 2.2667, 2.3, 2.3333, 2.4, 2.6333, 2.8333],
            "transform": [
                [0.904795, 0.41218, 0.106749, 0.139879, 0.335441, -0.844587, 0.417384, -0.054279, 0.262171, -0.341871, -0.902439, 0.017145, 0.0, 0.0, 0.0, 1.0],
                [0.881352, 0.472204, -0.013828, 0.139879, 0.41751, -0.765055, 0.490323, -0.054278, 0.220933, -0.437962, -0.871431, 0.017145, 0.0, 0.0, 0.0, 1.0],
                [0.8445, 0.517407, -0.138095, 0.139879, 0.505139, -0.684224, 0.526017, -0.054278, 0.17766, -0.514026, -0.839188, 0.017145, 0.0, 0.0, 0.0, 1.0],
                [0.79099, 0.554077, -0.259433, 0.130873, 0.599388, -0.617096, 0.509833, -0.025154, 0.122379, -0.558826, -0.820223, 0.047361, 0.0, 0.0, 0.0, 1.0],
                [0.738851, 0.580583, -0.342059, 0.121867, 0.669996, -0.579164, 0.464398, 0.003971, 0.071507, -0.572352, -0.816903, 0.077577, 0.0, 0.0, 0.0, 1.0],
                [0.683669, 0.685105, -0.251454, 0.112861, 0.729445, -0.631978, 0.261734, 0.033095, 0.020399, -0.362395, -0.931808, 0.107793, 0.0, 0.0, 0.0, 1.0],
                [0.803951, 0.510269, -0.305377, 0.103856, 0.580948, -0.783538, 0.220443, 0.062219, -0.126778, -0.354666, -0.926364, 0.138009, 0.0, 0.0, 0.0, 1.0],
                [0.847911, 0.354956, -0.3937, 0.09485, 0.504676, -0.767702, 0.394928, 0.091344, -0.162048, -0.533604, -0.83008, 0.168225, 0.0, 0.0, 0.0, 1.0],
                [0.888133, 0.153054, -0.433272, 0.092059, 0.413026, -0.679107, 0.606837, 0.076378, -0.201341, -0.71797, -0.666352, 0.161091, 0.0, 0.0, 0.0, 1.0],
                [0.917968, -0.067554, -0.390762, 0.089269, 0.307183, -0.502021, 0.808474, 0.061412, -0.250763, -0.862268, -0.440088, 0.153957, 0.0, 0.0, 0.0, 1.0],
                [0.928373, -0.192318, -0.317903, 0.086478, 0.22715, -0.383296, 0.895264, 0.046446, -0.293998, -0.903434, -0.312157, 0.146822, 0.0, 0.0, 0.0, 1.0],
                [0.926599, -0.194375, -0.321803, 0.083687, 0.209541, -0.443661, 0.871363, 0.03148, -0.312114, -0.874916, -0.370366, 0.139688, 0.0, 0.0, 0.0, 1.0],
                [0.923893, -0.161012, -0.347019, 0.080897, 0.21235, -0.538684, 0.815323, 0.016513, -0.31818, -0.827037, -0.463495, 0.132553, 0.0, 0.0, 0.0, 1.0],
                [0.922055, -0.109683, -0.37109, 0.078105, 0.221438, -0.636892, 0.738491, 0.001547, -0.317314, -0.763173, -0.562961, 0.125418, 0.0, 0.0, 0.0, 1.0],
                [0.925095, -0.057084, -0.375315, 0.078037, 0.224528, -0.714925, 0.662205, -0.013442, -0.306095, -0.696936, -0.648556, 0.130774, 0.0, 0.0, 0.0, 1.0],
                [0.934032, -0.046926, -0.353982, 0.077967, 0.210998, -0.72723, 0.653195, -0.028433, -0.288052, -0.684857, -0.669354, 0.136129, 0.0, 0.0, 0.0, 1.0],
                [0.945868, -0.056463, -0.319476, 0.077897, 0.200043, -0.673763, 0.711383, -0.043423, -0.255394, -0.736851, -0.625995, 0.141485, 0.0, 0.0, 0.0, 1.0],
                [0.960154, -0.086853, -0.265474, 0.077828, 0.173082, -0.560965, 0.809561, -0.058413, -0.219214, -0.823329, -0.52358, 0.146841, 0.0, 0.0, 0.0, 1.0],
                [0.979836, -0.009669, -0.199346, 0.077983, 0.156178, -0.584718, 0.796081, -0.043027, -0.124247, -0.811238, -0.571418, 0.145347, 0.0, 0.0, 0.0, 1.0],
                [0.985109, 0.141795, -0.096786, 0.078139, 0.170704, -0.749578, 0.639566, -0.02764, 0.018137, -0.646624, -0.76262, 0.143854, 0.0, 0.0, 0.0, 1.0],
                [0.976349, 0.212889, -0.036554, 0.078294, 0.197744, -0.813009, 0.547698, -0.012254, 0.086872, -0.542024, -0.835877, 0.142359, 0.0, 0.0, 0.0, 1.0],
                [0.954159, 0.298957, -0.011395, 0.07845, 0.285079, -0.897173, 0.337461, 0.003132, 0.090655, -0.32527, -0.94127, 0.140866, 0.0, 0.0, 0.0, 1.0],
                [0.979233, 0.161169, 0.122648, 0.078605, 0.15192, -0.98509, 0.081301, 0.018518, 0.13391, -0.060986, -0.989114, 0.139373, 0.0, 0.0, 0.0, 1.0],
                [0.856911, -0.111672, 0.503156, 0.078761, -0.0296, -0.985346, -0.168254, 0.033905, 0.514524, 0.129298, -0.847659, 0.13788, 0.0, 0.0, 0.0, 1.0],
                [0.780211, -0.010541, 0.625383, 0.078917, 0.01249, -0.999444, -0.032428, 0.049291, 0.625318, 0.033115, -0.779644, 0.136387, 0.0, 0.0, 0.0, 1.0],
                [0.755676, -0.027092, 0.654345, 0.079072, -0.02745, -0.999624, -0.009679, 0.064677, 0.6543, -0.010648, -0.756135, 0.134893, 0.0, 0.0, 0.0, 1.0],
                [0.730603, -0.028067, 0.68219, 0.079227, -0.052438, -0.998558, 0.015086, 0.080063, 0.680718, -0.046799, -0.73102, 0.1334, 0.0, 0.0, 0.0, 1.0],
                [0.712686, -0.023453, 0.701058, 0.079216, -0.064525, -0.997443, 0.032237, 0.082579, 0.698443, -0.068216, -0.712376, 0.132312, 0.0, 0.0, 0.0, 1.0],
                [0.70179, -0.023004, 0.711981, 0.079205, -0.071917, -0.996707, 0.038695, 0.085094, 0.708679, -0.078366, -0.701133, 0.131225, 0.0, 0.0, 0.0, 1.0],
                [0.694186, -0.026381, 0.719281, 0.079194, -0.079653, -0.996053, 0.040353, 0.087609, 0.715309, -0.085313, -0.693547, 0.130138, 0.0, 0.0, 0.0, 1.0],
                [0.688524, -0.029972, 0.724564, 0.079183, -0.085829, -0.995538, 0.04039, 0.090124, 0.720052, -0.090006, -0.688024, 0.12905, 0.0, 0.0, 0.0, 1.0],
                [0.685478, -0.03367, 0.727285, 0.079171, -0.088233, -0.995457, 0.037089, 0.092639, 0.722663, -0.089603, -0.685334, 0.127963, 0.0, 0.0, 0.0, 1.0],
                [0.684201, -0.034786, 0.728433, 0.079159, -0.084313, -0.995984, 0.031643, 0.095154, 0.724338, -0.083075, -0.684386, 0.126876, 0.0, 0.0, 0.0, 1.0],
                [0.683235, -0.031014, 0.72951, 0.079147, -0.073243, -0.997018, 0.026222, 0.097669, 0.726452, -0.071354, -0.683468, 0.125788, 0.0, 0.0, 0.0, 1.0],
                [0.681673, -0.023443, 0.731252, 0.079138, -0.057859, -0.998131, 0.021946, 0.100185, 0.729302, -0.057275, -0.681755, 0.124701, 0.0, 0.0, 0.0, 1.0],
                [0.678994, -0.014229, 0.733977, 0.079125, -0.043448, -0.998887, 0.020836, 0.1027, 0.732793, -0.046041, -0.678856, 0.123614, 0.0, 0.0, 0.0, 1.0],
                [0.675035, -0.010077, 0.737689, 0.079114, -0.032616, -0.999384, 0.016199, 0.105215, 0.737002, -0.034998, -0.674948, 0.122526, 0.0, 0.0, 0.0, 1.0],
                [0.671032, -0.001074, 0.7414, 0.079103, -0.019962, -0.999711, 0.016621, 0.10773, 0.741097, -0.025955, -0.670858, 0.121439, 0.0, 0.0, 0.0, 1.0],
                [0.666467, 0.004201, 0.745496, 0.079091, -0.008944, -0.999915, 0.013631, 0.110245, 0.745418, -0.015754, -0.666372, 0.120352, 0.0, 0.0, 0.0, 1.0],
                [0.660628, 0.013743, 0.750561, 0.07908, 0.004065, -0.999932, 0.014729, 0.112761, 0.75064, -0.006679, -0.660639, 0.119264, 0.0, 0.0, 0.0, 1.0],
                [0.656242, 0.022483, 0.754189, 0.079068, 0.017581, -0.999788, 0.014503, 0.115276, 0.754283, 0.003743, -0.656498, 0.118177, 0.0, 0.0, 0.0, 1.0],
                [0.650602, 0.031025, 0.758759, 0.079058, 0.030882, -0.999468, 0.014381, 0.117791, 0.758728, 0.014078, -0.651214, 0.11709, 0.0, 0.0, 0.0, 1.0],
                [0.646977, 0.040383, 0.761414, 0.079046, 0.04618, -0.998887, 0.01373, 0.120306, 0.761048, 0.026282, -0.648121, 0.116002, 0.0, 0.0, 0.0, 1.0],
                [0.644815, 0.049808, 0.762689, 0.079035, 0.062329, -0.998026, 0.012471, 0.122821, 0.761731, 0.0395, -0.646646, 0.114915, 0.0, 0.0, 0.0, 1.0],
                [0.644452, 0.061388, 0.762151, 0.079024, 0.081244, -0.996675, 0.011566, 0.125336, 0.760254, 0.054472, -0.647296, 0.113828, 0.0, 0.0, 0.0, 1.0],
                [0.64589, 0.072864, 0.759921, 0.079012, 0.101544, -0.994837, 0.009065, 0.127851, 0.756585, 0.071318, -0.649954, 0.11274, 0.0, 0.0, 0.0, 1.0],
                [0.650258, 0.088113, 0.754561, 0.079, 0.12439, -0.992243, 0.008651, 0.130367, 0.749398, 0.088243, -0.656174, 0.111652, 0.0, 0.0, 0.0, 1.0],
                [0.657549, 0.103738, 0.74621, 0.078989, 0.148038, -0.989004, 0.007017, 0.132882, 0.738661, 0.105864, -0.665675, 0.110566, 0.0, 0.0, 0.0, 1.0],
                [0.665947, 0.106116, 0.738386, 0.082421, 0.161788, -0.986864, -0.004118, 0.129692, 0.728179, 0.122216, -0.674367, 0.111135, 0.0, 0.0, 0.0, 1.0],
                [0.68227, 0.089846, 0.725529, 0.085854, 0.160329, -0.986696, -0.028607, 0.126503, 0.713238, 0.135854, -0.687597, 0.111705, 0.0, 0.0, 0.0, 1.0],
                [0.704717, 0.072096, 0.705783, 0.089286, 0.1517, -0.987174, -0.050654, 0.123313, 0.693012, 0.142779, -0.706615, 0.112275, 0.0, 0.0, 0.0, 1.0],
                [0.746556, 0.071451, 0.661436, 0.092719, 0.149054, -0.986952, -0.061646, 0.120123, 0.648339, 0.144626, -0.747464, 0.112844, 0.0, 0.0, 0.0, 1.0],
                [0.7958, 0.088515, 0.599008, 0.099583, 0.147759, -0.987787, -0.050369, 0.113744, 0.587178, 0.128605, -0.799158, 0.113984, 0.0, 0.0, 0.0, 1.0],
                [0.841197, 0.125513, 0.525898, 0.106448, 0.150445, -0.988654, -0.004732, 0.107365, 0.519288, 0.083108, -0.850535, 0.115123, 0.0, 0.0, 0.0, 1.0],
                [0.902069, 0.221868, 0.370103, 0.10988, 0.08506, -0.932349, 0.351529, 0.104175, 0.423018, -0.285648, -0.859914, 0.115693, 0.0, 0.0, 0.0, 1.0],
                [0.919027, 0.214498, 0.330617, 0.113313, -0.006194, -0.830994, 0.556305, 0.100985, 0.394031, -0.513354, -0.762377, 0.116263, 0.0, 0.0, 0.0, 1.0],
                [0.930281, 0.155912, 0.331951, 0.116745, -0.110459, -0.744017, 0.659007, 0.097796, 0.349691, -0.64979, -0.674922, 0.116833, 0.0, 0.0, 0.0, 1.0],
                [0.935633, 0.085588, 0.342326, 0.120178, -0.182689, -0.712513, 0.677492, 0.094606, 0.301869, -0.696488, -0.651014, 0.117401, 0.0, 0.0, 0.0, 1.0],
                [0.936835, 0.04756, 0.346406, 0.12361, -0.208313, -0.719787, 0.662237, 0.091416, 0.280808, -0.692632, -0.664414, 0.11797, 0.0, 0.0, 0.0, 1.0],
                [0.939632, 0.047837, 0.338706, 0.127042, -0.185774, -0.760074, 0.622757, 0.088227, 0.287206, -0.648146, -0.705303, 0.118541, 0.0, 0.0, 0.0, 1.0],
                [0.940763, 0.052438, 0.334865, 0.130475, -0.164887, -0.792397, 0.587347, 0.085037, 0.296117, -0.607826, -0.736811, 0.119111, 0.0, 0.0, 0.0, 1.0],
                [0.939362, 0.058524, 0.337778, 0.133907, -0.148329, -0.818949, 0.554421, 0.081848, 0.309041, -0.570957, -0.760608, 0.11968, 0.0, 0.0, 0.0, 1.0],
                [0.936759, 0.06712, 0.343361, 0.13734, -0.132358, -0.840523, 0.525421, 0.078658, 0.323839, -0.53769, -0.778483, 0.12025, 0.0, 0.0, 0.0, 1.0],
                [0.932545, 0.074975, 0.353069, 0.137866, -0.119128, -0.859476, 0.497172, 0.070137, 0.340698, -0.505743, -0.792567, 0.114894, 0.0, 0.0, 0.0, 1.0],
                [0.926816, 0.08503, 0.365655, 0.138392, -0.105167, -0.876243, 0.470331, 0.061616, 0.360361, -0.474409, -0.803172, 0.109538, 0.0, 0.0, 0.0, 1.0],
                [0.920638, 0.094135, 0.378798, 0.138919, -0.09244, -0.890328, 0.445922, 0.053095, 0.379196, -0.44559, -0.810966, 0.104181, 0.0, 0.0, 0.0, 1.0],
                [0.912717, 0.10316, 0.39526, 0.139445, -0.079622, -0.904146, 0.41983, 0.044574, 0.400645, -0.414696, -0.817014, 0.098826, 0.0, 0.0, 0.0, 1.0],
                [0.902562, 0.111989, 0.41565, 0.139972, -0.069001, -0.915489, 0.396483, 0.036052, 0.424885, -0.386567, -0.818558, 0.093469, 0.0, 0.0, 0.0, 1.0],
                [0.892011, 0.117505, 0.43639, 0.140498, -0.058419, -0.927571, 0.369164, 0.027531, 0.448119, -0.354825, -0.820537, 0.088114, 0.0, 0.0, 0.0, 1.0],
                [0.902325, 0.105397, 0.4179, 0.141551, -0.033436, -0.949635, 0.311686, 0.010489, 0.429669, -0.295238, -0.853353, 0.077403, 0.0, 0.0, 0.0, 1.0],
                [0.935501, 0.073896, 0.345486, 0.135471, 0.043145, -0.99447, 0.095873, -0.020666, 0.350652, -0.074785, -0.933514, 0.038417, 0.0, 0.0, 0.0, 1.0],
                [0.945447, 0.067352, 0.318736, 0.133847, 0.064631, -0.997728, 0.01912, 0.001085, 0.319299, 0.002523, -0.947651, 0.043038, 0.0, 0.0, 0.0, 1.0]
            ]
        },
        {
            "name": "Leg_R",
            "time": [0.0, 0.0333, 0.0667, 0.1, 0.1333, 0.1667, 0.2, 0.2333, 0.2667, 0.3, 0.3333, 0.3667, 0.4, 0.4333, 0.4667, 0.5, 0.5333, 0.5667, 0.6, 0.6333, 0.6667, 0.7, 0.7333, 0.7667, 0.8, 0.8333, 0.8667, 0.9, 0.9333, 0.9667, 1.0, 1.0333, 1.0667, 1.1, 1.1333, 1.1667, 1.2, 1.2333, 1.2667, 1.3, 1.3333, 1.3667, 1.4, 1.4333, 1.4667, 1.5, 1.5333, 1.5667, 1.6, 1.6333, 1.6667, 1.7, 1.7667, 1.8333, 1.8667, 1.9, 1.9333, 1.9667, 2.0, 2.0333, 2.0667, 2.1, 2.1333, 2.1667, 2.2, 2.2333, 2.2667, 2.3, 2.3333, 2.6333, 2.8333],
            "transform": [
                [0.999954, 0.001952, 7.2e-05, -0.0, 7.1e-05, -0.07288, 0.997305, 0.37472, 0.001952, -0.997421, -0.072871, -0.0, 0.0, 0.0, 0.0, 1.0],
                [0.999954, 0.001935, 0.000264, -0.0, 0.000265, -0.268312, 0.963305, 0.37472, 0.001935, -0.963412, -0.268282, -0.0, 0.0, 0.0, 0.0, 1.0],
                [0.999954, 0.00191, 0.000408, -0.0, 0.000407, -0.408023, 0.912959, 0.37472, 0.00191, -0.913051, -0.407981, 0.0, 0.0, 0.0, 0.0, 1.0],
                [0.999954, 0.001895, 0.000475, -0.0, 0.000475, -0.471622, 0.881796, 0.37472, 0.001894, -0.88188, -0.471576, -0.0, 0.0, 0.0, 0.0, 1.0],
                [0.999955, 0.001892, 0.000487, 0.0, 0.000487, -0.482925, 0.875658, 0.37472, 0.001891, -0.87574, -0.482879, -0.0, 0.0, 0.0, 0.0, 1.0],
                [0.999955, 0.00195, 0.00012, 0.0, 0.000119, -0.122074, 0.992487, 0.37472, 0.001949, -0.992601, -0.12206, 0.0, 0.0, 0.0, 0.0, 1.0],
                [0.999955, 0.001948, -0.000144, -0.0, -0.000144, 0.14662, 0.989159, 0.37472, 0.001948, -0.989273, 0.146603, -0.0, 0.0, 0.0, 0.0, 1.0],
                [0.999954, 0.001953, 6.2e-05, 0.0, 6.2e-05, -0.063448, 0.997949, 0.37472, 0.001952, -0.998065, -0.06344, 0.0, 0.0, 0.0, 0.0, 1.0],
                [0.999955, 0.001929, 0.00031, -0.0, 0.000311, -0.313561, 0.949546, 0.37472, 0.001928, -0.949647, -0.313526, 0.0, 0.0, 0.0, 0.0, 1.0],
                [0.999955, 0.001885, 0.000511, 0.0, 0.000511, -0.505166, 0.863021, 0.37472, 0.001885, -0.863102, -0.505118, -0.0, 0.0, 0.0, 0.0, 1.0],
                [0.999954, 0.00188, 0.00053, 0.0, 0.000531, -0.522875, 0.852411, 0.37472, 0.00188, -0.852488, -0.522827, 0.0, 0.0, 0.0, 0.0, 1.0],
                [0.999955, 0.001913, 0.000395, -0.0, 0.000396, -0.396692, 0.917937, 0.37472, 0.001913, -0.91803, -0.396651, -0.0, 0.0, 0.0, 0.0, 1.0],
                [0.999955, 0.001939, 0.000232, 0.0, 0.000232, -0.236207, 0.971674, 0.37472, 0.001939, -0.971782, -0.23618, -0.0, 0.0, 0.0, 0.0, 1.0],
                [0.999954, 0.001953, 5e-05, 0.0, 5.1e-05, -0.052065, 0.998607, 0.37472, 0.001952, -0.998725, -0.052059, -0.0, 0.0, 0.0, 0.0, 1.0],
                [0.999954, 0.00195, -0.000124, 0.0, -0.000123, 0.126646, 0.991913, 0.37472, 0.001949, -0.992028, 0.126631, 0.0, 0.0, 0.0, 0.0, 1.0],
                [0.999955, 0.001944, -0.000197, -0.0, -0.000196, 0.199919, 0.979782, 0.37472, 0.001944, -0.979891, 0.199896, 0.0, 0.0, 0.0, 0.0, 1.0],
                [0.999955, 0.001947, -0.000149, 0.0, -0.000149, 0.152026, 0.988343, 0.37472, 0.001947, -0.988456, 0.152009, -0.0, 0.0, 0.0, 0.0, 1.0],
                [0.999955, 0.001953, -3.8e-05, -0.0, -3.8e-05, 0.0387, 0.999214, 0.37472, 0.001953, -0.99933, 0.038695, -0.0, 0.0, 0.0, 0.0, 1.0],
                [0.999954, 0.001933, -0.000281, 0.0, -0.00028, 0.284108, 0.958768, 0.37472, 0.001933, -0.958872, 0.284076, 0.0, 0.0, 0.0, 0.0, 1.0],
                [0.999953, 0.001805, -0.000749, -0.0, -0.00075, 0.708638, 0.705605, 0.37472, 0.001804, -0.705653, 0.708587, 0.0, 0.0, 0.0, 0.0, 1.0],
                [0.999954, 0.001762, -0.000844, -0.0, -0.000846, 0.780098, 0.625704, 0.37472, 0.001761, -0.62574, 0.78005, -0.0, 0.0, 0.0, 0.0, 1.0],
                [0.999955, 0.001824, -0.0007, 0.0, -0.000701, 0.669428, 0.742901, 0.37472, 0.001823, -0.742956, 0.669378, 0.0, 0.0, 0.0, 0.0, 1.0],
                [0.999954, 0.001902, -0.000448, 0.0, -0.000448, 0.446474, 0.894789, 0.37472, 0.001901, -0.894876, 0.446429, 1e-06, 0.0, 0.0, 0.0, 1.0],
                [0.999954, 0.001952, -6e-05, -0.0, -6e-05, 0.061554, 0.998067, 0.37472, 0.001952, -0.998184, 0.061547, -0.0, 0.0, 0.0, 0.0, 1.0],
                [0.999954, 0.001943, 0.000195, 0.0, 0.000194, -0.198167, 0.980137, 0.37472, 0.001943, -0.980249, -0.198145, -0.0, 0.0, 0.0, 0.0, 1.0],
                [0.999955, 0.00194, 0.000226, -0.0, 0.000226, -0.230224, 0.973109, 0.37472, 0.00194, -0.973217, -0.230198, 0.0, 0.0, 0.0, 0.0, 1.0],
                [0.999954, 0.001937, 0.000248, -0.0, 0.000247, -0.251505, 0.967829, 0.37472, 0.001937, -0.967936, -0.251476, -0.0, 0.0, 0.0, 0.0, 1.0],
                [0.999954, 0.001935, 0.00026, -0.0, 0.00026, -0.264131, 0.964461, 0.37472, 0.001935, -0.964567, -0.264101, -1e-06, 0.0, 0.0, 0.0, 1.0],
                [0.999954, 0.001934, 0.000268, 0.0, 0.000268, -0.271654, 0.962369, 0.37472, 0.001934, -0.962475, -0.271623, 0.0, 0.0, 0.0, 0.0, 1.0],
                [0.999953, 0.001934, 0.000271, 0.0, 0.00027, -0.274157, 0.96166, 0.37472, 0.001934, -0.961766, -0.274126, 0.0, 0.0, 0.0, 0.0, 1.0],
                [0.999954, 0.001934, 0.000273, -0.0, 0.000273, -0.276652, 0.960944, 0.37472, 0.001933, -0.96105, -0.276621, -0.0, 0.0, 0.0, 0.0, 1.0],
                [0.999954, 0.001934, 0.00027, -0.0, 0.000269, -0.273736, 0.961779, 0.37472, 0.001934, -0.961885, -0.273705, 0.0, 0.0, 0.0, 0.0, 1.0],
                [0.999954, 0.001934, 0.000267, -0.0, 0.000266, -0.270822, 0.962603, 0.37472, 0.001934, -0.96271, -0.270791, -1e-06, 0.0, 0.0, 0.0, 1.0],
                [0.999954, 0.001936, 0.000261, 0.0, 0.00026, -0.264122, 0.964463, 0.37472, 0.001936, -0.96457, -0.264093, 0.0, 0.0, 0.0, 0.0, 1.0],
                [0.999954, 0.001936, 0.000254, 0.0, 0.000253, -0.257407, 0.966276, 0.37472, 0.001936, -0.966383, -0.257378, 1e-06, 0.0, 0.0, 0.0, 1.0],
                [0.999954, 0.001936, 0.00025, 1e-06, 0.00025, -0.254465, 0.967054, 0.37472, 0.001936, -0.967162, -0.254437, -0.0, 0.0, 0.0, 0.0, 1.0],
                [0.999954, 0.001937, 0.000248, 0.0, 0.000247, -0.251516, 0.967826, 0.37472, 0.001937, -0.967933, -0.251488, -1e-06, 0.0, 0.0, 0.0, 1.0],
                [0.999954, 0.001937, 0.000247, 0.0, 0.000246, -0.250456, 0.9681, 0.37472, 0.001937, -0.968208, -0.250428, 0.0, 0.0, 0.0, 0.0, 1.0],
                [0.999954, 0.001937, 0.000245, -0.0, 0.000245, -0.249403, 0.968372, 0.37472, 0.001937, -0.96848, -0.249375, -0.0, 0.0, 0.0, 0.0, 1.0],
                [0.999954, 0.001937, 0.000244, 0.0, 0.000244, -0.248311, 0.968652, 0.37472, 0.001937, -0.968761, -0.248283, 1e-06, 0.0, 0.0, 0.0, 1.0],
                [0.999954, 0.001938, 0.000243, -0.0, 0.000243, -0.247245, 0.968925, 0.37472, 0.001938, -0.969033, -0.247217, -0.0, 0.0, 0.0, 0.0, 1.0],
                [0.999954, 0.001937, 0.00024, 0.0, 0.000239, -0.243422, 0.969892, 0.37472, 0.001937, -0.970001, -0.243395, 0.0, 0.0, 0.0, 0.0, 1.0],
                [0.999954, 0.001939, 0.000236, 0.0, 0.000235, -0.239558, 0.970853, 0.37472, 0.001939, -0.970962, -0.239531, -0.0, 0.0, 0.0, 0.0, 1.0],
                [0.999954, 0.00194, 0.000226, 0.0, 0.000226, -0.230186, 0.973117, 0.37472, 0.00194, -0.973227, -0.23016, 0.0, 0.0, 0.0, 0.0, 1.0],
                [0.999955, 0.001941, 0.000217, 0.0, 0.000217, -0.220746, 0.975301, 0.37472, 0.00194, -0.975412, -0.22072, 0.0, 0.0, 0.0, 0.0, 1.0],
                [0.999954, 0.001942, 0.000203, 0.0, 0.000202, -0.206018, 0.978517, 0.37472, 0.001942, -0.978628, -0.205994, 0.0, 0.0, 0.0, 0.0, 1.0],
                [0.999955, 0.001944, 0.000183, 0.0, 0.000183, -0.186748, 0.982376, 0.37472, 0.001943, -0.982488, -0.186726, -0.0, 0.0, 0.0, 0.0, 1.0],
                [0.999954, 0.001946, 0.000161, 0.0, 0.00016, -0.163677, 0.98648, 0.37472, 0.001945, -0.986594, -0.163658, 0.0, 0.0, 0.0, 0.0, 1.0],
                [0.999954, 0.001949, 0.000131, 0.0, 0.000131, -0.133931, 0.990956, 0.37472, 0.001949, -0.991071, -0.133915, 1e-06, 0.0, 0.0, 0.0, 1.0],
                [0.999955, 0.001951, 8.9e-05, 0.0, 8.8e-05, -0.090665, 0.995846, 0.37472, 0.001951, -0.995961, -0.090654, -0.0, 0.0, 0.0, 0.0, 1.0],
                [0.999954, 0.001953, 4.2e-05, 0.0, 4.1e-05, -0.042454, 0.999062, 0.37472, 0.001953, -0.999179, -0.042449, 0.0, 0.0, 0.0, 0.0, 1.0],
                [0.999955, 0.001954, -5e-06, 0.0, -6e-06, 0.005855, 0.999946, 0.37472, 0.001953, -1.000062, 0.005854, -0.0, 0.0, 0.0, 0.0, 1.0],
                [0.999954, 0.001953, -4.5e-05, -0.0, -4.7e-05, 0.047308, 0.998844, 0.37472, 0.001952, -0.998961, 0.047303, 0.0, 0.0, 0.0, 0.0, 1.0],
                [0.999954, 0.001952, -6.9e-05, 0.0, -7e-05, 0.071003, 0.99744, 0.37472, 0.001952, -0.997557, 0.070995, -0.0, 0.0, 0.0, 0.0, 1.0],
                [0.999955, 0.001953, 3.8e-05, 0.0, 3.7e-05, -0.0387, 0.999214, 0.374721, 0.001953, -0.999331, -0.038695, -0.0, 0.0, 0.0, 0.0, 1.0],
                [0.999954, 0.001952, 3.7e-05, 0.0, 3.7e-05, -0.037742, 0.999251, 0.374721, 0.001952, -0.999368, -0.037737, 0.0, 0.0, 0.0, 0.0, 1.0],
                [0.999954, 0.001951, -8.1e-05, 0.0, -8.2e-05, 0.0832, 0.996497, 0.37472, 0.001951, -0.996614, 0.08319, -1e-06, 0.0, 0.0, 0.0, 1.0],
                [0.999954, 0.001936, -0.000259, -0.0, -0.00026, 0.263289, 0.96469, 0.37472, 0.001935, -0.964797, 0.26326, -0.0, 0.0, 0.0, 0.0, 1.0],
                [0.999955, 0.001914, -0.000391, 0.0, -0.000392, 0.392892, 0.91957, 0.37472, 0.001913, -0.919664, 0.392851, 0.0, 0.0, 0.0, 0.0, 1.0],
                [0.999954, 0.0019, -0.00045, 0.0, -0.000451, 0.449376, 0.893335, 0.374721, 0.0019, -0.893422, 0.449331, 0.0, 0.0, 0.0, 0.0, 1.0],
                [0.999954, 0.001887, -0.000502, 0.0, -0.000503, 0.497576, 0.867419, 0.37472, 0.001886, -0.8675, 0.497528, 0.0, 0.0, 0.0, 0.0, 1.0],
                [0.999954, 0.001875, -0.000546, 0.0, -0.000548, 0.537609, 0.843198, 0.37472, 0.001875, -0.843274, 0.53756, -1e-06, 0.0, 0.0, 0.0, 1.0],
                [0.999954, 0.001864, -0.000583, 0.0, -0.000584, 0.570234, 0.821491, 0.37472, 0.001863, -0.821562, 0.570184, 1e-06, 0.0, 0.0, 0.0, 1.0],
                [0.999953, 0.001854, -0.000614, -0.0, -0.000616, 0.597957, 0.801542, 0.37472, 0.001853, -0.801609, 0.597906, 1e-06, 0.0, 0.0, 0.0, 1.0],
                [0.999954, 0.001844, -0.000643, 0.0, -0.000645, 0.622772, 0.782421, 0.374721, 0.001844, -0.782483, 0.622721, 0.0, 0.0, 0.0, 0.0, 1.0],
                [0.999954, 0.001835, -0.000672, 0.0, -0.000674, 0.646981, 0.762527, 0.37472, 0.001834, -0.762585, 0.64693, -0.0, 0.0, 0.0, 0.0, 1.0],
                [0.999954, 0.001823, -0.000701, 0.0, -0.000702, 0.670551, 0.741888, 0.37472, 0.001822, -0.741943, 0.6705, 0.0, 0.0, 0.0, 0.0, 1.0],
                [0.999954, 0.001809, -0.000736, -0.0, -0.000737, 0.698533, 0.715608, 0.37472, 0.001809, -0.715658, 0.698483, 1e-06, 0.0, 0.0, 0.0, 1.0],
                [0.999954, 0.001794, -0.000774, 0.0, -0.000775, 0.728096, 0.685511, 0.37472, 0.001793, -0.685557, 0.728046, 0.0, 0.0, 0.0, 0.0, 1.0],
                [0.999991, 0.001659, -0.001043, -1e-06, -0.001045, 0.901781, 0.432209, 0.37472, 0.001658, -0.432213, 0.90177, 0.0, 0.0, 0.0, 0.0, 1.0],
                [1.000001, 0.001609, -0.001107, 0.0, -0.001108, 0.934116, 0.356961, 0.37472, 0.001608, -0.356958, 0.934119, -0.0, 0.0, 0.0, 0.0, 1.0]
            ]
        },
        {
            "name": "Knee_R",
            "time": [2.6333, 2.8333, 0.0],
            "transform": [
                [1.0, 0.0, -0.0, -0.0, -0.0, 1e-06, -1.0, 0.37472, -0.0, 1.0, 1e-06, -0.0, 0.0, 0.0, 0.0, 1.0],
                [1.0, 0.0, -0.0, -1e-06, -0.0, 1e-06, -1.0, 0.37472, -0.0, 1.0, 1e-06, 0.0, 0.0, 0.0, 0.0, 1.0],
                [1.0, 0.0, -0.0, 0.0, -0.0, 1e-06, -1.0, 0.37472, -0.0, 1.0, 1e-06, -0.0, 0.0, 0.0, 0.0, 1.0]
            ]
        },
        {
            "name": "Thigh_L",
            "time": [0.0, 0.0333, 0.0667, 0.1, 0.1333, 0.1667, 0.2, 0.2333, 0.2667, 0.3, 0.3333, 0.3667, 0.4, 0.4333, 0.4667, 0.5, 0.5333, 0.5667, 0.6, 0.6333, 0.6667, 0.7, 0.7333, 0.7667, 0.8, 0.8333, 0.8667, 0.9, 0.9333, 0.9667, 1.0, 1.0333, 1.0667, 1.1, 1.1333, 1.1667, 1.2, 1.2333, 1.2667, 1.3, 1.3333, 1.3667, 1.4, 1.4333, 1.4667, 1.5, 1.5333, 1.5667, 1.6, 1.6333, 1.6667, 1.7, 1.7667, 1.8333, 1.8667, 1.9, 1.9333, 1.9667, 2.0, 2.0333, 2.0667, 2.1, 2.1333, 2.1667, 2.2, 2.2333, 2.2667, 2.3, 2.3333, 2.6333, 2.8333],
            "transform": [
                [0.897507, -0.39661, 0.192826, -0.150057, -0.316207, -0.273972, 0.90827, -0.017046, -0.3074, -0.876149, -0.371304, 0.001505, 0.0, 0.0, 0.0, 1.0],
                [0.859295, -0.436323, 0.266898, -0.149642, -0.374174, -0.180484, 0.909628, -0.020316, -0.34872, -0.881502, -0.318351, 0.002058, 0.0, 0.0, 0.0, 1.0],
                [0.818795, -0.468871, 0.331262, -0.144448, -0.42554, -0.108379, 0.898428, -0.012052, -0.385345, -0.876591, -0.288264, -0.018985, 0.0, 0.0, 0.0, 1.0],
                [0.789954, -0.491398, 0.366742, -0.139255, -0.467472, -0.095607, 0.878824, -0.003788, -0.396789, -0.86567, -0.305241, -0.040029, 0.0, 0.0, 0.0, 1.0],
                [0.784967, -0.498953, 0.367251, -0.134061, -0.485357, -0.126854, 0.865065, 0.004475, -0.385039, -0.857294, -0.341747, -0.061072, 0.0, 0.0, 0.0, 1.0],
                [0.910675, -0.402485, 0.093145, -0.128867, -0.30874, -0.513244, 0.800788, 0.012739, -0.274499, -0.758015, -0.591663, -0.082115, 0.0, 0.0, 0.0, 1.0],
                [0.937059, -0.031852, -0.347717, -0.123673, 0.060354, -0.966067, 0.25114, 0.021003, -0.343917, -0.256318, -0.903339, -0.103159, 0.0, 0.0, 0.0, 1.0],
                [0.872331, 0.402669, -0.277302, -0.118479, 0.181188, -0.793042, -0.581597, 0.029266, -0.454104, 0.457101, -0.764755, -0.124202, 0.0, 0.0, 0.0, 1.0],
                [0.816607, 0.442598, -0.370486, -0.114252, 0.159899, -0.790221, -0.591594, 0.044196, -0.554603, 0.423859, -0.716072, -0.123854, 0.0, 0.0, 0.0, 1.0],
                [0.768267, 0.397746, -0.501561, -0.110025, 0.135857, -0.866994, -0.479443, 0.059127, -0.625546, 0.300199, -0.72012, -0.123506, 0.0, 0.0, 0.0, 1.0],
                [0.736207, 0.28113, -0.615602, -0.105798, 0.083363, -0.940379, -0.329754, 0.074057, -0.671602, 0.191449, -0.71575, -0.123158, 0.0, 0.0, 0.0, 1.0],
                [0.697945, 0.109558, -0.707722, -0.10157, 0.018023, -0.990603, -0.135575, 0.088987, -0.715923, 0.081869, -0.693362, -0.122809, 0.0, 0.0, 0.0, 1.0],
                [0.664222, -0.047263, -0.74604, -0.097343, -0.02872, -0.998876, 0.03771, 0.103917, -0.746982, -0.003621, -0.664834, -0.122462, 0.0, 0.0, 0.0, 1.0],
                [0.659467, -0.110233, -0.743607, -0.093116, -0.031012, -0.992338, 0.119602, 0.118847, -0.751091, -0.055812, -0.657834, -0.122113, 0.0, 0.0, 0.0, 1.0],
                [0.689172, -0.094443, -0.718416, -0.088889, -0.001296, -0.991629, 0.129116, 0.133777, -0.724595, -0.088052, -0.683526, -0.121765, 0.0, 0.0, 0.0, 1.0],
                [0.729446, -0.11923, -0.673568, -0.084662, 0.028074, -0.978644, 0.203634, 0.148707, -0.683462, -0.167449, -0.710521, -0.121417, 0.0, 0.0, 0.0, 1.0],
                [0.783471, -0.189088, -0.591962, -0.07459, 0.049097, -0.93077, 0.362293, 0.110857, -0.619486, -0.312909, -0.719948, -0.117715, 0.0, 0.0, 0.0, 1.0],
                [0.850433, -0.244906, -0.465602, -0.064519, 0.05121, -0.842293, 0.536582, 0.073006, -0.523585, -0.48017, -0.703773, -0.114013, 0.0, 0.0, 0.0, 1.0],
                [0.922818, -0.250761, -0.29245, -0.054446, 0.042872, -0.687576, 0.724845, 0.035156, -0.382845, -0.681437, -0.623758, -0.11031, 0.0, 0.0, 0.0, 1.0],
                [0.976921, -0.199916, -0.075214, -0.044375, -0.016529, -0.421834, 0.906524, -0.002695, -0.212956, -0.884358, -0.415404, -0.106607, 0.0, 0.0, 0.0, 1.0],
