{
    "animation": [
        {
            "name": "Root",
            "time": [0.0, 0.1333, 0.1667, 0.2, 0.2333, 0.2667, 0.3, 0.3333, 0.3667, 0.5, 0.5333, 0.5667, 0.6, 0.6333, 0.7, 0.7333, 0.7667, 0.8, 0.8333, 0.8667, 0.9333, 0.9667, 1.0333, 1.0667, 1.1, 1.1333, 1.1667, 1.2, 1.2333, 1.2667, 1.3, 1.3333, 1.3667, 1.4, 1.4333, 1.4667, 1.5, 1.5333, 1.5667, 1.6, 1.6333, 1.6667, 1.7, 1.7333, 1.7667, 1.8, 1.8333, 1.8667, 1.9, 1.9333, 1.9667, 2.0, 2.0333, 2.0667, 2.1, 2.1333, 2.1667, 2.2, 2.2333, 2.2667, 2.3, 2.3333, 2.3667, 2.4, 2.4333, 2.4667, 2.5, 2.5333, 2.5667, 2.6, 2.6333, 2.6667, 2.7, 2.7333, 2.7667, 2.8, 2.8667, 2.9, 2.9333, 3.3, 3.4667, 3.6667, 3.8667, 4.0, 4.1667, 4.2667],
            "transform": [
                [0.907253, 0.000421, -0.420587, -0.362447, -0.42052, 0.018703, -0.907092, -0.167885, 0.007485, 0.999825, 0.017145, 0.678891, 0.0, 0.0, 0.0, 1.0],
                [0.854495, 0.000527, -0.519459, -0.36403, -0.519376, 0.018677, -0.854343, -0.117542, 0.009252, 0.999825, 0.016233, 0.38716, 0.0, 0.0, 0.0, 1.0],
                [0.795984, 0.000624, -0.605318, -0.364773, -0.605221, 0.018647, -0.79584, -0.085908, 0.01079, 0.999826, 0.01522, 0.297072, 0.0, 0.0, 0.0, 1.0],
                [0.740886, 0.000703, -0.671631, -0.365636, -0.671524, 0.018618, -0.74075, -0.052974, 0.011983, 0.999826, 0.014266, 0.213452, 0.0, 0.0, 0.0, 1.0],
                [0.686884, 0.000773, -0.726767, -0.366145, -0.726651, 0.01859, -0.686756, 0.004585, 0.01298, 0.999827, 0.013331, 0.149025, 0.0, 0.0, 0.0, 1.0],
                [0.653935, 0.000813, -0.756551, -0.36586, -0.75643, 0.018572, -0.653812, 0.070821, 0.013519, 0.999827, 0.01276, 0.105722, 0.0, 0.0, 0.0, 1.0],
                [0.641898, 0.000827, -0.766791, -0.362463, -0.766668, 0.018566, -0.641776, 0.294671, 0.013705, 0.999827, 0.012551, 0.167353, 0.0, 0.0, 0.0, 1.0],
                [0.6297, 0.000841, -0.776839, -0.352514, -0.776714, 0.018559, -0.629581, 0.749572, 0.013888, 0.999827, 0.01234, 1.026948, 0.0, 0.0, 0.0, 1.0],
                [0.612245, 0.00086, -0.790669, -0.338536, -0.790541, 0.018549, -0.612128, 1.287122, 0.01414, 0.999828, 0.012037, 1.886543, 0.0, 0.0, 0.0, 1.0],
                [-0.772775, -0.612728, -0.165481, 0.123678, 0.301482, -0.58382, 0.753833, 2.731355, -0.558505, 0.532653, 0.635889, 5.324923, 0.0, 0.0, 0.0, 1.0],
                [-0.772775, -0.612728, -0.165481, 0.117823, 0.301482, -0.58382, 0.753833, 3.176723, -0.558505, 0.532653, 0.635889, 5.371012, 0.0, 0.0, 0.0, 1.0],
                [-0.723628, -0.656208, -0.213903, 0.111968, 0.336762, -0.606215, 0.720483, 3.622091, -0.602457, 0.449326, 0.659661, 5.417099, 0.0, 0.0, 0.0, 1.0],
                [-0.667349, -0.70052, -0.252817, 0.106113, 0.381549, -0.613127, 0.691735, 4.067458, -0.639582, 0.365166, 0.676454, 5.463186, 0.0, 0.0, 0.0, 1.0],
                [-0.580979, -0.775143, -0.248226, 0.100258, 0.453273, -0.561442, 0.692335, 4.512826, -0.676022, 0.289718, 0.677539, 5.509274, 0.0, 0.0, 0.0, 1.0],
                [-0.426672, -0.875303, -0.227587, 0.091475, 0.545926, -0.449889, 0.7068, 5.08675, -0.721052, 0.177326, 0.669806, 5.230071, 0.0, 0.0, 0.0, 1.0],
                [-0.302868, -0.929651, -0.209807, 0.087083, 0.601345, -0.357205, 0.714696, 5.373712, -0.739361, 0.090292, 0.667229, 5.090468, 0.0, 0.0, 0.0, 1.0],
                [-0.207655, -0.955983, -0.207306, 0.082692, 0.643597, -0.293116, 0.707013, 5.660674, -0.736656, 0.013393, 0.676136, 4.950868, 0.0, 0.0, 0.0, 1.0],
                [-0.160505, -0.960908, -0.225595, 0.076837, 0.683418, -0.273101, 0.677021, 5.915329, -0.712165, -0.04551, 0.700536, 4.778793, 0.0, 0.0, 0.0, 1.0],
                [-0.209758, -0.936195, -0.282032, 0.070981, 0.723432, -0.342648, 0.599365, 6.169984, -0.657759, -0.078309, 0.749148, 4.606718, 0.0, 0.0, 0.0, 1.0],
                [-0.457304, -0.796651, -0.395248, 0.065126, 0.723919, -0.591617, 0.354867, 6.423641, -0.516539, -0.123846, 0.847261, 4.3751, 0.0, 0.0, 0.0, 1.0],
                [-0.705121, -0.577233, -0.411834, 0.057319, 0.600444, -0.795003, 0.08624, 6.850582, -0.377189, -0.186474, 0.90717, 3.720659, 0.0, 0.0, 0.0, 1.0],
                [-0.996302, 0.081915, 0.025944, 0.053416, -0.080121, -0.994733, 0.063941, 7.064053, 0.031045, 0.061626, 0.997617, 3.393439, 0.0, 0.0, 0.0, 1.0],
                [-0.995995, 0.030198, 0.084152, 0.04555, -0.007039, -0.964797, 0.262904, 7.542315, 0.089128, 0.261258, 0.961146, 1.215365, 0.0, 0.0, 0.0, 1.0],
                [-0.992769, -0.116696, -0.028158, 0.045651, 0.111165, -0.98222, 0.151283, 7.541521, -0.045312, 0.147058, 0.988091, 0.801037, 0.0, 0.0, 0.0, 1.0],
                [-0.991185, -0.127046, -0.037573, 0.045649, 0.119745, -0.980434, 0.156242, 7.541527, -0.056687, 0.150365, 0.987006, 0.796558, 0.0, 0.0, 0.0, 1.0],
                [-0.989404, -0.137409, -0.046889, 0.045666, 0.128251, -0.978526, 0.161372, 7.541502, -0.068056, 0.153648, 0.985781, 0.796098, 0.0, 0.0, 0.0, 1.0],
                [-0.98824, -0.143344, -0.053236, 0.045693, 0.132399, -0.976321, 0.171085, 7.541451, -0.076499, 0.162024, 0.983818, 0.799271, 0.0, 0.0, 0.0, 1.0],
                [-0.986997, -0.149322, -0.059478, 0.045734, 0.136458, -0.974, 0.180842, 7.541378, -0.084935, 0.170374, 0.981713, 0.805746, 0.0, 0.0, 0.0, 1.0],
                [-0.986499, -0.151379, -0.06248, 0.045782, 0.136779, -0.971422, 0.19399, 7.541288, -0.09006, 0.182825, 0.979013, 0.815095, 0.0, 0.0, 0.0, 1.0],
                [-0.985983, -0.153472, -0.065447, 0.045839, 0.13703, -0.968674, 0.207106, 7.541187, -0.095181, 0.195235, 0.976128, 0.827008, 0.0, 0.0, 0.0, 1.0],
                [-0.985944, -0.153465, -0.066047, 0.045901, 0.135343, -0.965419, 0.222824, 7.541076, -0.097959, 0.210753, 0.97262, 0.841077, 0.0, 0.0, 0.0, 1.0],
                [-0.9859, -0.153473, -0.066678, 0.045966, 0.13361, -0.961913, 0.238482, 7.540961, -0.100739, 0.22621, 0.968857, 0.856953, 0.0, 0.0, 0.0, 1.0],
                [-0.986451, -0.150162, -0.066077, 0.046032, 0.128791, -0.958305, 0.255081, 7.540849, -0.101625, 0.243115, 0.96466, 0.874249, 0.0, 0.0, 0.0, 1.0],
                [-0.98698, -0.146856, -0.065612, 0.046097, 0.123951, -0.954392, 0.271613, 7.540741, -0.102507, 0.259944, 0.960168, 0.892613, 0.0, 0.0, 0.0, 1.0],
                [-0.988033, -0.141423, -0.061569, 0.046189, 0.117288, -0.948094, 0.295572, 7.540601, -0.100173, 0.284814, 0.953336, 0.921484, 0.0, 0.0, 0.0, 1.0],
                [-0.98935, -0.134086, -0.056641, 0.046292, 0.108479, -0.938669, 0.327311, 7.540473, -0.097055, 0.31768, 0.943219, 0.95981, 0.0, 0.0, 0.0, 1.0],
                [-0.990705, -0.12576, -0.051849, 0.046354, 0.099425, -0.929584, 0.354949, 7.540448, -0.092837, 0.346493, 0.933448, 0.995873, 0.0, 0.0, 0.0, 1.0],
                [-0.991756, -0.119201, -0.047036, 0.046361, 0.092963, -0.921883, 0.376153, 7.540562, -0.088199, 0.368679, 0.925364, 1.026608, 0.0, 0.0, 0.0, 1.0],
                [-0.992171, -0.117362, -0.042702, 0.046298, 0.091688, -0.916662, 0.389006, 7.54085, -0.084798, 0.382044, 0.920247, 1.04896, 0.0, 0.0, 0.0, 1.0],
                [-0.991816, -0.121578, -0.039003, 0.046503, 0.096857, -0.915448, 0.390607, 7.541339, -0.083195, 0.383632, 0.919732, 1.059779, 0.0, 0.0, 0.0, 1.0],
                [-0.991219, -0.128773, -0.030054, 0.049744, 0.108694, -0.922882, 0.369426, 7.542022, -0.075308, 0.362914, 0.928776, 1.054809, 0.0, 0.0, 0.0, 1.0],
                [-0.989867, -0.141149, -0.01555, 0.054849, 0.128482, -0.936864, 0.325238, 7.543012, -0.060475, 0.319944, 0.945506, 1.035851, 0.0, 0.0, 0.0, 1.0],
                [-0.987525, -0.157434, -0.002936, 0.058351, 0.150807, -0.950993, 0.269946, 7.544477, -0.04529, 0.266135, 0.962872, 1.007244, 0.0, 0.0, 0.0, 1.0],
                [-0.984309, -0.17645, 0.00129, 0.056789, 0.172654, -0.961576, 0.213457, 7.546592, -0.036424, 0.21033, 0.976953, 0.973333, 0.0, 0.0, 0.0, 1.0],
                [-0.981262, -0.192655, -0.003098, 0.050561, 0.189117, -0.966071, 0.175905, 7.548676, -0.036881, 0.172022, 0.984404, 0.946935, 0.0, 0.0, 0.0, 1.0],
                [-0.978842, -0.204341, -0.010581, 0.042846, 0.200271, -0.967382, 0.155128, 7.550377, -0.041935, 0.149727, 0.987839, 0.929917, 0.0, 0.0, 0.0, 1.0],
                [-0.97252, -0.231141, -0.027938, 0.03051, 0.224613, -0.963031, 0.148732, 7.552341, -0.061283, 0.138369, 0.988484, 0.903646, 0.0, 0.0, 0.0, 1.0],
                [-0.959353, -0.27767, -0.050424, 0.013084, 0.267333, -0.951398, 0.152886, 7.554593, -0.090425, 0.133191, 0.986958, 0.864501, 0.0, 0.0, 0.0, 1.0],
                [-0.941442, -0.327789, -0.079005, -0.008793, 0.312135, -0.935874, 0.16344, 7.557271, -0.127512, 0.129209, 0.983386, 0.82013, 0.0, 0.0, 0.0, 1.0],
                [-0.921652, -0.371715, -0.111288, -0.034042, 0.350213, -0.920395, 0.173856, 7.560453, -0.167054, 0.12126, 0.978464, 0.779227, 0.0, 0.0, 0.0, 1.0],
                [-0.907678, -0.392803, -0.147734, -0.061708, 0.366814, -0.913604, 0.175433, 7.56423, -0.203881, 0.105045, 0.973345, 0.750147, 0.0, 0.0, 0.0, 1.0],
                [-0.906304, -0.378736, -0.187542, -0.090782, 0.351946, -0.922032, 0.16122, 7.568722, -0.23398, 0.08011, 0.968937, 0.741302, 0.0, 0.0, 0.0, 1.0],
                [-0.922127, -0.312796, -0.227686, -0.120286, 0.293218, -0.948964, 0.116155, 7.574029, -0.252398, 0.040348, 0.966783, 0.722346, 0.0, 0.0, 0.0, 1.0],
                [-0.962294, -0.100714, -0.252682, -0.157906, 0.104162, -0.994561, -0.000271, 7.583797, -0.251279, -0.026581, 0.967551, 0.757897, 0.0, 0.0, 0.0, 1.0],
                [-0.940546, 0.260174, -0.218363, -0.204594, -0.221314, -0.95709, -0.187086, 7.597601, -0.257667, -0.127637, 0.957768, 1.400376, 0.0, 0.0, 0.0, 1.0],
                [-0.795975, 0.593968, -0.11674, -0.457404, -0.521979, -0.771146, -0.364516, 7.609449, -0.306534, -0.229209, 0.923852, 2.236921, 0.0, 0.0, 0.0, 1.0],
                [-0.628093, 0.777975, -0.015969, -0.522247, -0.672998, -0.553415, -0.490721, 7.779219, -0.390605, -0.297471, 0.871172, 3.141276, 0.0, 0.0, 0.0, 1.0],
                [-0.525116, 0.850151, 0.038697, -0.556244, -0.697277, -0.40373, -0.59229, 7.69949, -0.487911, -0.338003, 0.804797, 3.479072, 0.0, 0.0, 0.0, 1.0],
                [-0.4649, 0.882534, 0.070732, -0.574178, -0.663863, -0.294618, -0.687377, 7.542842, -0.585793, -0.366518, 0.72285, 3.807424, 0.0, 0.0, 0.0, 1.0],
                [-0.429014, 0.899095, 0.087047, -0.581667, -0.596762, -0.209767, -0.774515, 7.333202, -0.678101, -0.384224, 0.626539, 4.106419, 0.0, 0.0, 0.0, 1.0],
                [-0.39906, 0.911411, 0.100412, -0.584332, -0.51395, -0.131644, -0.84766, 7.094491, -0.759346, -0.389874, 0.520953, 4.356196, 0.0, 0.0, 0.0, 1.0],
                [-0.356173, 0.925741, 0.12706, -0.587872, -0.431952, -0.042542, -0.900894, 6.849156, -0.828589, -0.375757, 0.415028, 4.537719, 0.0, 0.0, 0.0, 1.0],
                [-0.296469, 0.941091, 0.162645, -0.598924, -0.354289, 0.049776, -0.933811, 6.611104, -0.886897, -0.334469, 0.318662, 4.669396, 0.0, 0.0, 0.0, 1.0],
                [-0.22953, 0.953414, 0.19575, -0.56496, -0.271908, 0.130298, -0.953462, 6.367656, -0.93455, -0.272074, 0.229334, 4.785867, 0.0, 0.0, 0.0, 1.0],
                [-0.160091, 0.959949, 0.22993, -0.530996, -0.184937, 0.19964, -0.96226, 6.117706, -0.969625, -0.196571, 0.14557, 4.882733, 0.0, 0.0, 0.0, 1.0],
                [-0.094295, 0.958266, 0.269877, -0.497032, -0.091815, 0.261558, -0.960812, 5.858716, -0.991302, -0.115378, 0.06332, 4.956632, 0.0, 0.0, 0.0, 1.0],
                [-0.041182, 0.947503, 0.317082, -0.463068, 0.007901, 0.31765, -0.948176, 5.587959, -0.999122, -0.036543, -0.020568, 5.004198, 0.0, 0.0, 0.0, 1.0],
                [-0.006004, 0.925979, 0.377527, -0.429104, 0.115478, 0.375649, -0.91954, 5.301972, -0.993293, 0.038075, -0.109185, 5.021971, 0.0, 0.0, 0.0, 1.0],
                [0.003661, 0.891595, 0.452819, -0.39514, 0.230192, 0.439909, -0.86804, 4.999934, -0.973139, 0.107413, -0.203628, 5.006465, 0.0, 0.0, 0.0, 1.0],
                [-0.023905, 0.843523, 0.536561, -0.361176, 0.348268, 0.51012, -0.786441, 4.678581, -0.937091, 0.168066, -0.305967, 4.954372, 0.0, 0.0, 0.0, 1.0],
                [-0.114543, 0.772214, 0.624953, -0.327212, 0.462227, 0.598276, -0.654533, 4.328452, -0.879332, 0.213898, -0.425467, 4.838347, 0.0, 0.0, 0.0, 1.0],
                [-0.272223, 0.669149, 0.691474, -0.293248, 0.54743, 0.698684, -0.460611, 3.94562, -0.791337, 0.253145, -0.55651, 4.647105, 0.0, 0.0, 0.0, 1.0],
                [-0.463354, 0.537358, 0.704664, -0.259284, 0.579156, 0.785483, -0.218162, 3.535799, -0.670732, 0.307024, -0.675171, 4.400835, 0.0, 0.0, 0.0, 1.0],
                [-0.841071, 0.411486, 0.351111, -0.22532, 0.492668, 0.850725, 0.183155, 2.942369, -0.223332, 0.327027, -0.918247, 3.803621, 0.0, 0.0, 0.0, 1.0],
                [-0.50501, 0.262828, -0.822124, -0.42393, -0.300081, 0.839622, 0.452755, 2.454681, 0.809269, 0.475349, -0.345149, 2.429373, 0.0, 0.0, 0.0, 1.0],
                [-0.243572, -0.162491, -0.956175, -0.390288, -0.895267, 0.41687, 0.157215, 2.370545, 0.373055, 0.894325, -0.247011, 1.533237, 0.0, 0.0, 0.0, 1.0],
                [0.182183, -0.444747, -0.876933, -0.32888, -0.893633, 0.297138, -0.336349, 1.939136, 0.41016, 0.844932, -0.343307, 0.629049, 0.0, 0.0, 0.0, 1.0],
                [0.487084, -0.336687, -0.805849, -0.227899, -0.811322, 0.167102, -0.560209, 1.78623, 0.323274, 0.926671, -0.191769, 0.142201, 0.0, 0.0, 0.0, 1.0],
                [0.698151, -0.213825, -0.683275, -0.231046, -0.683513, 0.084949, -0.72498, 1.621378, 0.213062, 0.973172, -0.086845, 0.078584, 0.0, 0.0, 0.0, 1.0],
                [0.698151, -0.213825, -0.683275, -0.259767, -0.683513, 0.084949, -0.72498, 1.618109, 0.213062, 0.973172, -0.086845, -0.027431, 0.0, 0.0, 0.0, 1.0],
                [0.698151, -0.213825, -0.683275, -0.256215, -0.683513, 0.084949, -0.72498, 1.616602, 0.213062, 0.973172, -0.086845, 0.030451, 0.0, 0.0, 0.0, 1.0],
                [0.698151, -0.213825, -0.683275, -0.275092, -0.683513, 0.084949, -0.72498, 1.614437, 0.213062, 0.973172, -0.086845, 0.078701, 0.0, 0.0, 0.0, 1.0],
                [0.767016, -0.159468, -0.621497, -0.289148, -0.620779, 0.060481, -0.78165, 1.751052, 0.162237, 0.985349, -0.052605, 0.330303, 0.0, 0.0, 0.0, 1.0],
                [0.804879, -0.124765, -0.580176, -0.306553, -0.579188, 0.047816, -0.813792, 1.897285, 0.129274, 0.991034, -0.033776, 0.475063, 0.0, 0.0, 0.0, 1.0],
                [0.844353, -0.083445, -0.529251, -0.322284, -0.528251, 0.035453, -0.848349, 2.135169, 0.089554, 0.995882, -0.014145, 0.564871, 0.0, 0.0, 0.0, 1.0],
                [0.907253, 0.000421, -0.420587, -0.331723, -0.42052, 0.018703, -0.907092, 2.216303, 0.007485, 0.999825, 0.017145, 0.594808, 0.0, 0.0, 0.0, 1.0]
            ]
        },
        {
            "name": "Thigh_R",
            "time": [0.0, 0.1333, 0.1667, 0.2, 0.2333, 0.2667, 0.3, 0.3333, 0.3667, 0.5, 0.5333, 0.5667, 0.6, 0.6333, 0.7, 0.7333, 0.7667, 0.9, 1.0, 1.0667, 1.2667, 1.6, 1.6333, 1.6667, 1.7, 1.7333, 1.7667, 1.9333, 2.0333, 2.1, 2.1333, 2.1667, 2.2, 2.2333, 2.2667, 2.3, 2.3333, 2.3667, 2.4, 2.4333, 2.4667, 2.5, 2.5333, 2.5667, 2.6, 2.6333, 2.6667, 2.7, 2.7333, 2.7667, 2.9, 2.9333, 3.3, 3.6667, 4.2667],
            "transform": [
                [0.945447, 0.067352, 0.318736, 0.133847, 0.064631, -0.997727, 0.01912, 0.001085, 0.319299, 0.002523, -0.947651, 0.043038, 0.0, 0.0, 0.0, 1.0],
                [0.904795, 0.41218, 0.106749, 0.081412, 0.335441, -0.844587, 0.417384, 0.104623, 0.262171, -0.341871, -0.902439, 0.103907, 0.0, 0.0, 0.0, 1.0],
                [0.881352, 0.472204, -0.013828, 0.078182, 0.41751, -0.765055, 0.490323, 0.107433, 0.220933, -0.437962, -0.871431, 0.107412, 0.0, 0.0, 0.0, 1.0],
                [0.8445, 0.517407, -0.138095, 0.074952, 0.505139, -0.684224, 0.526017, 0.110243, 0.17766, -0.514026, -0.839188, 0.110917, 0.0, 0.0, 0.0, 1.0],
                [0.79099, 0.554077, -0.259433, 0.071722, 0.599388, -0.617096, 0.509833, 0.113052, 0.122379, -0.558826, -0.820223, 0.114422, 0.0, 0.0, 0.0, 1.0],
                [0.738851, 0.580583, -0.342059, 0.068492, 0.669996, -0.579164, 0.464398, 0.115863, 0.071507, -0.572352, -0.816903, 0.117927, 0.0, 0.0, 0.0, 1.0],
                [0.683669, 0.685105, -0.251454, 0.065262, 0.729445, -0.631978, 0.261734, 0.118672, 0.020399, -0.362395, -0.931808, 0.121431, 0.0, 0.0, 0.0, 1.0],
                [0.803951, 0.510269, -0.305377, 0.062032, 0.580948, -0.783538, 0.220443, 0.121482, -0.126778, -0.354666, -0.926364, 0.124936, 0.0, 0.0, 0.0, 1.0],
                [0.847911, 0.354956, -0.3937, 0.058801, 0.504676, -0.767702, 0.394928, 0.124292, -0.162048, -0.533604, -0.83008, 0.128441, 0.0, 0.0, 0.0, 1.0],
                [-0.830417, -0.557098, 0.004074, -0.022255, 0.556571, -0.829436, 0.047981, 0.165377, -0.023349, 0.042116, 0.99884, 0.063354, 0.0, 0.0, 0.0, 1.0],
                [-0.830417, -0.557098, 0.004073, -0.023839, 0.556571, -0.829436, 0.047981, 0.166505, -0.02335, 0.042116, 0.99884, 0.060647, 0.0, 0.0, 0.0, 1.0],
                [-0.805317, -0.592822, -0.000401, -0.025425, 0.59256, -0.805095, -0.026929, 0.167634, 0.01564, -0.021925, 0.999638, 0.057941, 0.0, 0.0, 0.0, 1.0],
                [-0.777671, -0.628498, -0.014122, -0.027009, 0.625846, -0.772047, -0.110824, 0.168761, 0.058744, -0.095031, 0.993739, 0.055236, 0.0, 0.0, 0.0, 1.0],
                [-0.749471, -0.661068, -0.035698, -0.028593, 0.653743, -0.730676, -0.196839, 0.16989, 0.10403, -0.170879, 0.979785, 0.05253, 0.0, 0.0, 0.0, 1.0],
                [-0.71526, -0.695335, -0.07009, -0.02286, 0.679745, -0.669063, -0.300504, 0.178592, 0.162041, -0.262606, 0.951202, 0.063491, 0.0, 0.0, 0.0, 1.0],
                [-0.694713, -0.712986, -0.095027, -0.019995, 0.691421, -0.625685, -0.361177, 0.182943, 0.198039, -0.316647, 0.927642, 0.068974, 0.0, 0.0, 0.0, 1.0],
                [-0.985999, -0.123961, -0.111146, -0.017129, 0.158454, -0.903572, -0.398154, 0.187294, -0.051068, -0.410229, 0.910561, 0.074455, 0.0, 0.0, 0.0, 1.0],
                [-0.84965, -0.37616, -0.36952, -0.073591, 0.510726, -0.761278, -0.399558, 0.155011, -0.130998, -0.528258, 0.838933, -0.007416, 0.0, 0.0, 0.0, 1.0],
                [-0.950771, -0.309552, 0.011754, -0.123296, 0.302769, -0.920762, 0.246173, 0.143778, -0.065375, 0.237635, 0.969155, -0.064769, 0.0, 0.0, 0.0, 1.0],
                [-0.940158, -0.158834, -0.301327, -0.123861, 0.132737, -0.985588, 0.105286, 0.144472, -0.313679, 0.058994, 0.947691, 0.006279, 0.0, 0.0, 0.0, 1.0],
                [-0.940864, -0.123208, -0.315461, -0.137891, 0.103679, -0.991595, 0.077995, 0.078765, -0.322389, 0.04068, 0.945729, 0.011956, 0.0, 0.0, 0.0, 1.0],
                [-0.939455, -0.062972, -0.336712, -0.160456, 0.055593, -0.998006, 0.031504, 0.128955, -0.337991, 0.010879, 0.941081, -0.00803, 0.0, 0.0, 0.0, 1.0],
                [-0.94043, -0.060142, -0.3345, -0.160205, 0.055828, -0.998236, 0.022488, 0.132032, -0.33523, 0.002475, 0.942128, -0.006903, 0.0, 0.0, 0.0, 1.0],
                [-0.941257, -0.063167, -0.331602, -0.159954, 0.054767, -0.997949, 0.034607, 0.135109, -0.333075, 0.014415, 0.942785, -0.005774, 0.0, 0.0, 0.0, 1.0],
                [-0.941433, -0.06839, -0.330065, -0.159703, 0.05115, -0.996898, 0.060632, 0.138185, -0.333156, 0.040202, 0.942009, -0.004646, 0.0, 0.0, 0.0, 1.0],
                [-0.940547, -0.073606, -0.331463, -0.159452, 0.043418, -0.994331, 0.097568, 0.141263, -0.336732, 0.077384, 0.93841, -0.003518, 0.0, 0.0, 0.0, 1.0],
                [-0.93926, -0.077865, -0.334132, -0.159201, 0.035743, -0.990866, 0.130398, 0.14434, -0.3412, 0.110546, 0.933463, -0.00239, 0.0, 0.0, 0.0, 1.0],
                [-0.909029, -0.281812, -0.306883, -0.157945, 0.347033, -0.919761, -0.183525, 0.159724, -0.230517, -0.273354, 0.933886, 0.003252, 0.0, 0.0, 0.0, 1.0],
                [-0.859102, -0.397369, -0.322467, -0.150191, 0.500173, -0.785153, -0.365239, 0.160524, -0.108041, -0.475114, 0.873279, 0.043968, 0.0, 0.0, 0.0, 1.0],
                [-0.81593, -0.463801, -0.345115, -0.145763, 0.577957, -0.666153, -0.4714, 0.100715, -0.011262, -0.584148, 0.81159, 0.024483, 0.0, 0.0, 0.0, 1.0],
                [-0.941089, -0.121186, -0.315564, -0.143549, 0.323608, -0.592678, -0.737587, 0.070811, -0.097633, -0.796333, 0.59698, 0.014741, 0.0, 0.0, 0.0, 1.0],
                [-0.997706, 0.055746, -0.037154, -0.141336, -0.022752, -0.803662, -0.594704, 0.040906, -0.063005, -0.592552, 0.803086, 0.004999, 0.0, 0.0, 0.0, 1.0],
                [-0.782713, -0.369487, 0.500793, -0.136482, 0.132341, -0.885164, -0.446148, 0.038121, 0.60807, -0.282958, 0.741726, 0.003148, 0.0, 0.0, 0.0, 1.0],
                [-0.744182, -0.313073, 0.590029, -0.131627, -0.11955, -0.8067, -0.578797, 0.035337, 0.657117, -0.501317, 0.562904, 0.001299, 0.0, 0.0, 0.0, 1.0],
                [-0.754373, -0.198252, 0.625753, -0.126774, -0.415935, -0.593116, -0.68937, 0.032553, 0.507762, -0.780391, 0.36497, -0.000553, 0.0, 0.0, 0.0, 1.0],
                [-0.772661, -0.176256, 0.609817, -0.121919, -0.506983, -0.406707, -0.759967, 0.029769, 0.381928, -0.896449, 0.224888, -0.002403, 0.0, 0.0, 0.0, 1.0],
                [-0.799467, -0.262329, 0.540356, -0.117066, -0.447684, -0.339511, -0.827228, 0.026984, 0.400424, -0.903334, 0.153988, -0.004253, 0.0, 0.0, 0.0, 1.0],
                [-0.821326, -0.35766, 0.444356, -0.110423, -0.361029, -0.277141, -0.89042, 0.033798, 0.441574, -0.891835, 0.098498, -0.000289, 0.0, 0.0, 0.0, 1.0],
                [-0.828227, -0.456798, 0.324548, -0.103781, -0.251065, -0.215272, -0.943729, 0.040612, 0.500912, -0.863185, 0.063609, 0.003675, 0.0, 0.0, 0.0, 1.0],
                [-0.811249, -0.553701, 0.187766, -0.097138, -0.125232, -0.149133, -0.980857, 0.047427, 0.571048, -0.819312, 0.051644, 0.007639, 0.0, 0.0, 0.0, 1.0],
                [-0.765486, -0.641935, 0.043983, -0.090495, 0.007643, -0.077432, -0.99697, 0.054241, 0.643333, -0.762903, 0.06418, 0.011603, 0.0, 0.0, 0.0, 1.0],
                [-0.690513, -0.716583, -0.098507, -0.082406, 0.139496, 0.001689, -0.990222, 0.063849, 0.709673, -0.697569, 0.098795, 0.025632, 0.0, 0.0, 0.0, 1.0],
                [-0.590602, -0.773177, -0.231109, -0.074316, 0.260707, 0.088207, -0.961378, 0.073457, 0.763625, -0.628104, 0.149478, 0.039662, 0.0, 0.0, 0.0, 1.0],
                [-0.474328, -0.809898, -0.345138, -0.066226, 0.362456, 0.17761, -0.914917, 0.083065, 0.80221, -0.559122, 0.209308, 0.053691, 0.0, 0.0, 0.0, 1.0],
                [-0.353313, -0.826703, -0.437937, -0.058135, 0.44006, 0.266234, -0.857588, 0.092673, 0.825481, -0.495764, 0.269735, 0.06772, 0.0, 0.0, 0.0, 1.0],
                [-0.214687, -0.834994, -0.506716, -0.037703, 0.498056, 0.352695, -0.792171, 0.120387, 0.84009, -0.422484, 0.340155, 0.069746, 0.0, 0.0, 0.0, 1.0],
                [-0.072656, -0.84988, -0.522012, -0.017268, 0.553037, 0.401239, -0.730168, 0.148101, 0.829925, -0.341776, 0.440863, 0.071772, 0.0, 0.0, 0.0, 1.0],
                [0.004717, -0.891378, -0.453322, -0.00334, 0.628427, 0.355274, -0.691979, 0.115385, 0.777792, -0.281643, 0.561842, 0.013751, 0.0, 0.0, 0.0, 1.0],
                [-0.006505, -0.995474, -0.09533, 0.010589, 0.688413, 0.064686, -0.722398, 0.082668, 0.725223, -0.070333, 0.684876, -0.044269, 0.0, 0.0, 0.0, 1.0],
                [0.051371, -0.971491, -0.231602, 0.024518, 0.254567, -0.211517, 0.943639, 0.049952, -0.965652, -0.107442, 0.236443, -0.102289, 0.0, 0.0, 0.0, 1.0],
                [0.755711, -0.635027, 0.160112, 0.183183, -0.073377, 0.160845, 0.984249, -0.023411, -0.650746, -0.755593, 0.074956, -0.051936, 0.0, 0.0, 0.0, 1.0],
                [0.846223, -0.462191, 0.265079, 0.164637, -0.190075, 0.202901, 0.960575, -0.020588, -0.497733, -0.863281, 0.083848, -0.058991, 0.0, 0.0, 0.0, 1.0],
                [0.830167, -0.32809, 0.450729, 0.164638, -0.264006, 0.480729, 0.836186, -0.020589, -0.491002, -0.813204, 0.312467, -0.058991, 0.0, 0.0, 0.0, 1.0],
                [0.846223, -0.462191, 0.265079, 0.164637, -0.190075, 0.202901, 0.960575, -0.020589, -0.497733, -0.863281, 0.083848, -0.058991, 0.0, 0.0, 0.0, 1.0],
                [0.945447, 0.067352, 0.318736, 0.133847, 0.064631, -0.997727, 0.01912, 0.001085, 0.319299, 0.002523, -0.947651, 0.043039, 0.0, 0.0, 0.0, 1.0]
            ]
        },
        {
            "name": "Leg_R",
            "time": [0.0, 0.1333, 0.1667, 0.2, 0.2333, 0.2667, 0.3, 0.3333, 0.3667, 0.5, 0.5333, 0.7333, 0.7667, 0.9, 0.9667, 1.0333, 1.0667, 1.1, 1.1333, 1.1667, 1.2, 1.2333, 1.2667, 1.3, 1.3333, 1.3667, 1.4, 1.4333, 1.4667, 1.5, 1.5333, 1.5667, 1.6, 1.6333, 1.6667, 1.7, 1.7333, 1.9333, 2.1667, 2.2667, 2.3, 2.3333, 2.3667, 2.4, 2.4333, 2.4667, 2.5, 2.5333, 2.5667, 2.6, 2.6333, 2.6667, 2.7, 2.7333, 2.9, 2.9333, 3.3, 3.6667, 4.2667],
            "transform": [
                [1.000001, 0.001609, -0.001107, 0.0, -0.001108, 0.934116, 0.356961, 0.37472, 0.001608, -0.356958, 0.934119, 0.0, 0.0, 0.0, 0.0, 1.0],
                [0.999954, 0.001952, 7.2e-05, -0.0, 7.1e-05, -0.07288, 0.997305, 0.37472, 0.001952, -0.997421, -0.072871, -0.0, 0.0, 0.0, 0.0, 1.0],
                [0.999954, 0.001935, 0.000264, -0.0, 0.000265, -0.268312, 0.963305, 0.37472, 0.001935, -0.963412, -0.268282, -0.0, 0.0, 0.0, 0.0, 1.0],
                [0.999954, 0.00191, 0.000408, 0.0, 0.000407, -0.408023, 0.912959, 0.37472, 0.00191, -0.913051, -0.407981, 0.0, 0.0, 0.0, 0.0, 1.0],
                [0.999954, 0.001895, 0.000475, -0.0, 0.000475, -0.471622, 0.881796, 0.37472, 0.001894, -0.88188, -0.471576, 0.0, 0.0, 0.0, 0.0, 1.0],
                [0.999955, 0.001892, 0.000487, -0.0, 0.000487, -0.482925, 0.875658, 0.37472, 0.001891, -0.87574, -0.482879, -0.0, 0.0, 0.0, 0.0, 1.0],
                [0.999955, 0.00195, 0.00012, 0.0, 0.000119, -0.122074, 0.992487, 0.37472, 0.001949, -0.992601, -0.12206, 0.0, 0.0, 0.0, 0.0, 1.0],
                [0.999955, 0.001948, -0.000144, -0.0, -0.000144, 0.14662, 0.989159, 0.37472, 0.001948, -0.989273, 0.146603, -0.0, 0.0, 0.0, 0.0, 1.0],
                [0.999954, 0.001953, 6.2e-05, 0.0, 6.2e-05, -0.063448, 0.997949, 0.37472, 0.001952, -0.998065, -0.06344, 0.0, 0.0, 0.0, 0.0, 1.0],
                [0.999954, 0.001913, -0.000392, -0.0, 0.000651, -0.137401, 0.990499, 0.37472, 0.001841, -0.990578, -0.137391, -0.0, 0.0, 0.0, 0.0, 1.0],
                [0.999954, 0.001899, -0.000456, -0.0, 0.000651, -0.104108, 0.994548, 0.37472, 0.001841, -0.994628, -0.1041, -0.0, 0.0, 0.0, 0.0, 1.0],
                [0.999955, 0.001952, -4e-05, -0.0, -4.3e-05, 0.042528, 0.999059, 0.37472, 0.001952, -0.999175, 0.042523, -0.0, 0.0, 0.0, 0.0, 1.0],
                [0.999955, 0.00171, -0.000944, -0.0, -0.000108, 0.531013, 0.84736, 0.37472, 0.00195, -0.847457, 0.53095, -0.0, 0.0, 0.0, 0.0, 1.0],
                [0.999955, 0.001546, -0.001225, 1e-06, 0.000287, 0.50017, 0.865923, 0.37472, 0.001951, -0.866012, 0.500117, 0.0, 0.0, 0.0, 0.0, 1.0],
                [0.999954, 0.001894, 0.000476, 0.0, 0.000476, -0.473041, 0.881035, 0.37472, 0.001893, -0.881119, -0.472995, 0.0, 0.0, 0.0, 0.0, 1.0],
                [0.999954, 0.001929, 0.000296, -0.0, 0.000294, -0.298912, 0.954257, 0.37472, 0.001929, -0.95436, -0.298879, 0.0, 0.0, 0.0, 0.0, 1.0],
                [0.999955, 0.001852, 0.000617, 0.0, 0.000616, -0.599195, 0.800616, 0.37472, 0.001852, -0.800682, -0.599144, -0.0, 0.0, 0.0, 0.0, 1.0],
                [0.999954, 0.001851, 0.000619, 0.0, 0.000618, -0.601048, 0.799227, 0.37472, 0.001852, -0.799293, -0.600997, 0.0, 0.0, 0.0, 0.0, 1.0],
                [0.999954, 0.001852, 0.000617, 0.0, 0.000616, -0.599195, 0.800616, 0.374719, 0.001852, -0.800682, -0.599144, -0.0, 0.0, 0.0, 0.0, 1.0],
                [0.999955, 0.001854, 0.000609, 0.0, 0.000609, -0.592984, 0.805227, 0.37472, 0.001854, -0.805294, -0.592933, -0.0, 0.0, 0.0, 0.0, 1.0],
                [0.999955, 0.001858, 0.000599, 0.0, 0.000598, -0.583579, 0.812067, 0.37472, 0.001858, -0.812135, -0.583529, -0.0, 0.0, 0.0, 0.0, 1.0],
                [0.999955, 0.001863, 0.000583, -0.0, 0.000582, -0.569593, 0.821936, 0.374721, 0.001863, -0.822006, -0.569542, 0.0, 0.0, 0.0, 0.0, 1.0],
                [0.999954, 0.00187, 0.000561, -0.0, 0.000561, -0.550802, 0.834641, 0.374721, 0.001869, -0.834715, -0.550752, -0.0, 0.0, 0.0, 0.0, 1.0],
                [0.999953, 0.001877, 0.000535, 0.0, 0.000534, -0.526917, 0.849919, 0.37472, 0.001877, -0.849999, -0.526867, 0.0, 0.0, 0.0, 0.0, 1.0],
                [0.999953, 0.001886, 0.000503, -0.0, 0.000502, -0.497578, 0.867417, 0.374719, 0.001886, -0.867502, -0.497528, -0.0, 0.0, 0.0, 0.0, 1.0],
                [0.999952, 0.001895, 0.000465, 0.0, 0.000464, -0.462351, 0.886689, 0.37472, 0.001895, -0.886781, -0.462303, 0.0, 0.0, 0.0, 0.0, 1.0],
                [0.999954, 0.001906, 0.000421, 0.0, 0.00042, -0.420735, 0.90717, 0.37472, 0.001906, -0.907266, -0.42069, -0.0, 0.0, 0.0, 0.0, 1.0],
                [0.999953, 0.001922, 0.000344, -0.0, 0.000342, -0.345938, 0.938235, 0.37472, 0.001922, -0.938342, -0.345897, -0.0, 0.0, 0.0, 0.0, 1.0],
                [0.999952, 0.001939, 0.00023, 0.0, 0.000229, -0.2333, 0.972373, 0.37472, 0.001939, -0.97249, -0.233271, 0.0, 0.0, 0.0, 0.0, 1.0],
                [0.999952, 0.001949, 0.000111, -0.0, 0.000109, -0.112287, 0.993637, 0.37472, 0.001949, -0.993762, -0.112273, 1e-06, 0.0, 0.0, 0.0, 1.0],
                [0.999953, 0.001952, -2e-06, -0.0, -4e-06, 0.003045, 0.999955, 0.374721, 0.001952, -1.000081, 0.003044, -0.0, 0.0, 0.0, 0.0, 1.0],
                [0.999953, 0.00195, -8.9e-05, 0.0, -9e-05, 0.09153, 0.995763, 0.374721, 0.00195, -0.995888, 0.091518, -0.0, 0.0, 0.0, 0.0, 1.0],
                [0.999952, 0.001947, -0.00013, 0.0, -0.000133, 0.134844, 0.990829, 0.37472, 0.001947, -0.990952, 0.134827, -0.0, 0.0, 0.0, 0.0, 1.0],
                [0.999953, 0.001949, -0.000101, 0.0, -0.000104, 0.10471, 0.994464, 0.37472, 0.001949, -0.994587, 0.104696, 0.0, 0.0, 0.0, 0.0, 1.0],
                [0.999953, 0.001953, -1.2e-05, 0.0, -1.4e-05, 0.013006, 0.999874, 0.374719, 0.001953, -1.000001, 0.013004, 0.0, 0.0, 0.0, 0.0, 1.0],
                [0.999953, 0.001949, 0.000111, 0.0, 0.000109, -0.112995, 0.993557, 0.37472, 0.001949, -0.993681, -0.11298, -0.0, 0.0, 0.0, 0.0, 1.0],
                [0.999953, 0.001937, 0.00025, -0.0, 0.000248, -0.25319, 0.967385, 0.374721, 0.001937, -0.967503, -0.253159, 0.0, 0.0, 0.0, 0.0, 1.0],
                [0.999952, 0.001324, 0.001486, -1e-06, -0.000186, -0.681181, 0.732142, 0.374721, 0.001981, -0.732215, -0.68111, -0.0, 0.0, 0.0, 0.0, 1.0],
                [0.999952, 0.002005, 4.5e-05, -0.0, -0.000699, 0.327364, 0.94489, 0.374721, 0.00188, -0.944962, 0.32734, -0.0, 0.0, 0.0, 0.0, 1.0],
                [0.999953, 0.001749, -0.000869, 0.0, -0.000873, 0.798488, 0.602064, 0.37472, 0.001747, -0.602102, 0.798435, 0.0, 0.0, 0.0, 0.0, 1.0],
                [0.999954, 0.001706, -0.000952, 0.0, -0.000956, 0.852229, 0.523236, 0.374721, 0.001703, -0.523264, 0.852181, -0.0, 0.0, 0.0, 0.0, 1.0],
                [0.999954, 0.001694, -0.000973, -0.0, -0.000977, 0.86513, 0.501618, 0.374721, 0.001692, -0.501643, 0.865083, -0.0, 0.0, 0.0, 0.0, 1.0],
                [0.999953, 0.001691, -0.000977, 0.0, -0.000981, 0.867585, 0.497362, 0.374721, 0.001689, -0.497387, 0.867538, -0.0, 0.0, 0.0, 0.0, 1.0],
                [0.999954, 0.001699, -0.000964, -1e-06, -0.000968, 0.859825, 0.510658, 0.37472, 0.001696, -0.510684, 0.859777, 0.0, 0.0, 0.0, 0.0, 1.0],
                [0.999953, 0.001712, -0.000941, 1e-06, -0.000945, 0.845572, 0.533928, 0.374719, 0.00171, -0.533957, 0.845522, -0.0, 0.0, 0.0, 0.0, 1.0],
                [0.999953, 0.001729, -0.000908, -1e-06, -0.000911, 0.82413, 0.566459, 0.374721, 0.001727, -0.566492, 0.82408, -0.0, 0.0, 0.0, 0.0, 1.0],
                [0.999953, 0.001751, -0.000867, 0.0, -0.00087, 0.796255, 0.605013, 0.37472, 0.001749, -0.605051, 0.796203, 0.0, 0.0, 0.0, 0.0, 1.0],
                [0.999952, 0.001774, -0.00082, 0.0, -0.000823, 0.76312, 0.646302, 0.37472, 0.001772, -0.646347, 0.763065, -0.0, 0.0, 0.0, 0.0, 1.0],
                [0.999953, 0.001796, -0.000771, 0.0, -0.000774, 0.726503, 0.6872, 0.37472, 0.001794, -0.68725, 0.726447, 0.0, 0.0, 0.0, 0.0, 1.0],
                [0.999953, 0.001815, -0.000721, -0.0, -0.000724, 0.687712, 0.726013, 0.37472, 0.001814, -0.726071, 0.687655, 0.0, 0.0, 0.0, 0.0, 1.0],
                [0.999953, 0.001841, -0.000649, -0.0, -0.000652, 0.628341, 0.777955, 0.37472, 0.00184, -0.778024, 0.628285, 0.0, 0.0, 0.0, 0.0, 1.0],
                [0.999953, 0.001879, -0.00053, -0.0, -0.000533, 0.524227, 0.851579, 0.37472, 0.001878, -0.851663, 0.524175, -0.0, 0.0, 0.0, 0.0, 1.0],
                [0.999953, 0.001918, -0.000364, 0.0, -0.000366, 0.367509, 0.93, 0.37472, 0.001917, -0.930104, 0.367467, -0.0, 0.0, 0.0, 0.0, 1.0],
                [0.999952, 0.001944, 0.000165, -0.0, 0.000164, -0.168147, 0.985725, 0.37472, 0.001944, -0.985847, -0.168125, 0.0, 0.0, 0.0, 0.0, 1.0],
                [0.999976, 0.001439, 0.001392, 0.0, -0.000515, -0.487181, 0.873295, 0.37472, 0.001935, -0.873348, -0.487148, -0.0, 0.0, 0.0, 0.0, 1.0],
                [0.999981, 0.001281, 0.001625, -0.0, -0.000656, -0.548513, 0.83614, 0.37472, 0.001962, -0.836181, -0.548483, 0.0, 0.0, 0.0, 0.0, 1.0],
                [0.999981, 0.000889, 0.001869, 0.0, -0.000657, -0.720166, 0.693815, 0.37472, 0.001962, -0.693849, -0.720128, -0.0, 0.0, 0.0, 0.0, 1.0],
                [0.999981, 0.001281, 0.001625, -0.0, -0.000656, -0.548513, 0.83614, 0.37472, 0.001962, -0.836181, -0.548483, -0.0, 0.0, 0.0, 0.0, 1.0],
                [1.000001, 0.001609, -0.001107, 0.0, -0.001108, 0.934116, 0.356961, 0.37472, 0.001608, -0.356958, 0.934119, -0.0, 0.0, 0.0, 0.0, 1.0]
            ]
        },
        {
            "name": "Knee_R",
            "time": [0.0, 2.9, 2.9333, 3.3, 4.2667],
            "transform": [
                [1.0, 0.0, -0.0, 0.0, -0.0, 1e-06, -1.0, 0.37472, -0.0, 1.0, 1e-06, 0.0, 0.0, 0.0, 0.0, 1.0],
                [1.0, 0.0, -0.0, 0.0, -0.0, 1e-06, -1.0, 0.37472, -0.0, 1.0, 1e-06, -0.0, 0.0, 0.0, 0.0, 1.0],
                [1.0, 0.0, -0.0, -0.0, -0.0, 1e-06, -1.0, 0.37472, -0.0, 1.0, 1e-06, 0.0, 0.0, 0.0, 0.0, 1.0],
                [1.0, 0.0, -0.0, 0.0, -0.0, 1e-06, -1.0, 0.37472, -0.0, 1.0, 1e-06, -0.0, 0.0, 0.0, 0.0, 1.0],
                [1.0, 0.0, -0.0, 0.0, -0.0, 1e-06, -1.0, 0.37472, -0.0, 1.0, 1e-06, -0.0, 0.0, 0.0, 0.0, 1.0]
            ]
        },
        {
            "name": "Thigh_L",
            "time": [0.0, 0.1333, 0.3333, 0.4, 0.5, 0.5333, 0.5667, 0.6, 0.6333, 0.7, 0.7333, 0.7667, 0.8, 0.8333, 0.8667, 0.9333, 0.9667, 1.0, 1.0333, 1.0667, 1.1, 1.1333, 1.1667, 1.2, 1.2333, 1.2667, 1.3, 1.3333, 1.3667, 1.4, 1.4333, 1.4667, 1.5, 1.5333, 1.5667, 1.6, 1.6333, 1.6667, 1.7, 1.7333, 1.7667, 1.8, 1.8333, 1.8667, 1.9, 1.9333, 1.9667, 2.0, 2.0333, 2.0667, 2.1, 2.1333, 2.1667, 2.2, 2.2333, 2.2667, 2.3, 2.3333, 2.3667, 2.4, 2.4333, 2.4667, 2.5, 2.6333, 2.7, 2.7667, 2.9, 2.9333, 3.3, 3.6667, 4.2667],
            "transform": [
                [0.944631, -0.062395, -0.322012, -0.125094, 0.027356, -0.963382, 0.266909, 0.007652, -0.326842, -0.260965, -0.908332, 0.000655, 0.0, 0.0, 0.0, 1.0],
                [0.897507, -0.39661, 0.192826, -0.150057, -0.316207, -0.273972, 0.90827, -0.017046, -0.3074, -0.876149, -0.371304, 0.001505, 0.0, 0.0, 0.0, 1.0],
                [0.952994, 0.292768, 0.078035, -0.102018, 0.29836, -0.951625, -0.073416, -0.025627, 0.052766, 0.093248, -0.994245, -0.117111, 0.0, 0.0, 0.0, 1.0],
                [0.851351, -0.52387, -0.027597, -0.091428, -0.523782, -0.84592, -0.100358, 0.071211, 0.02923, 0.099895, -0.99457, -0.126852, 0.0, 0.0, 0.0, 1.0],
                [-0.764358, 0.461841, 0.449956, 0.052691, -0.641054, -0.619336, -0.45329, 0.100221, 0.069327, -0.634921, 0.769461, -0.079665, 0.0, 0.0, 0.0, 1.0],
                [-0.764359, 0.46184, 0.449956, 0.053791, -0.641054, -0.619336, -0.453291, 0.089586, 0.069326, -0.634921, 0.769461, -0.076715, 0.0, 0.0, 0.0, 1.0],
                [-0.74571, 0.481154, 0.460877, 0.054888, -0.664627, -0.585753, -0.463859, 0.078951, 0.046772, -0.652216, 0.75659, -0.073764, 0.0, 0.0, 0.0, 1.0],
                [-0.726863, 0.464196, 0.506155, 0.055988, -0.686214, -0.520873, -0.507742, 0.068316, 0.027952, -0.716388, 0.697142, -0.070814, 0.0, 0.0, 0.0, 1.0],
                [-0.70781, 0.442497, 0.550637, 0.057087, -0.705874, -0.473212, -0.52708, 0.057682, 0.027337, -0.761752, 0.647293, -0.067864, 0.0, 0.0, 0.0, 1.0],
                [-0.684807, 0.443723, 0.578057, 0.059286, -0.728431, -0.439336, -0.525711, 0.036411, 0.020692, -0.781084, 0.624083, -0.061963, 0.0, 0.0, 0.0, 1.0],
                [-0.668477, 0.473615, 0.573436, 0.071257, -0.743667, -0.436039, -0.506785, 0.034946, 0.01002, -0.765217, 0.643694, -0.061556, 0.0, 0.0, 0.0, 1.0],
                [-0.652349, 0.525668, 0.545999, 0.083229, -0.757919, -0.452546, -0.469852, 0.03348, 0.000103, -0.720329, 0.693633, -0.06115, 0.0, 0.0, 0.0, 1.0],
                [-0.61489, 0.566634, 0.548485, 0.0952, -0.786694, -0.392251, -0.476709, 0.032015, -0.054975, -0.724612, 0.686961, -0.060742, 0.0, 0.0, 0.0, 1.0],
                [-0.583354, 0.554079, 0.593881, 0.107171, -0.804917, -0.296559, -0.513967, 0.03055, -0.108657, -0.777848, 0.618988, -0.060335, 0.0, 0.0, 0.0, 1.0],
                [-0.57501, 0.696558, 0.42915, 0.12379, -0.816127, -0.451511, -0.36066, 0.036348, -0.057454, -0.557622, 0.828104, -0.059624, 0.0, 0.0, 0.0, 1.0],
                [-0.601264, 0.714262, 0.358205, 0.157025, -0.77405, -0.631906, -0.039255, 0.047943, 0.198314, -0.300871, 0.932818, -0.058202, 0.0, 0.0, 0.0, 1.0],
                [-0.829965, 0.351995, 0.432733, 0.173642, -0.351511, -0.932385, 0.084242, 0.053741, 0.433127, -0.082192, 0.897579, -0.05749, 0.0, 0.0, 0.0, 1.0],
                [-0.856442, 0.301703, 0.418906, 0.19026, -0.265858, -0.953336, 0.14307, 0.05954, 0.442523, 0.011161, 0.896689, -0.05678, 0.0, 0.0, 0.0, 1.0],
                [-0.878345, 0.248501, 0.408358, 0.178984, -0.178423, -0.96295, 0.202218, 0.071439, 0.44348, 0.104758, 0.890142, -0.067348, 0.0, 0.0, 0.0, 1.0],
                [-0.892574, 0.388753, 0.228433, 0.167709, -0.237094, -0.835573, 0.495585, 0.083337, 0.383532, 0.388186, 0.837983, -0.077916, 0.0, 0.0, 0.0, 1.0],
                [-0.891124, 0.38357, 0.242429, 0.156434, -0.279573, -0.88493, 0.372476, 0.095237, 0.357403, 0.264146, 0.89582, -0.088484, 0.0, 0.0, 0.0, 1.0],
                [-0.890377, 0.391779, 0.231814, 0.145158, -0.286814, -0.878244, 0.382657, 0.107134, 0.353506, 0.274222, 0.894336, -0.099053, 0.0, 0.0, 0.0, 1.0],
                [-0.889575, 0.397258, 0.225483, 0.133883, -0.293806, -0.875572, 0.383473, 0.119033, 0.349764, 0.274879, 0.895605, -0.109621, 0.0, 0.0, 0.0, 1.0],
                [-0.888899, 0.400992, 0.221502, 0.122608, -0.301251, -0.875939, 0.376801, 0.130933, 0.345116, 0.268211, 0.899422, -0.120189, 0.0, 0.0, 0.0, 1.0],
                [-0.888247, 0.402737, 0.220953, 0.111332, -0.30852, -0.879391, 0.362613, 0.142832, 0.340341, 0.253922, 0.905369, -0.130758, 0.0, 0.0, 0.0, 1.0],
                [-0.887474, 0.403078, 0.223424, 0.100057, -0.315784, -0.884965, 0.342223, 0.154731, 0.335665, 0.233161, 0.91267, -0.141326, 0.0, 0.0, 0.0, 1.0],
                [-0.886936, 0.401328, 0.228647, 0.088781, -0.322246, -0.892297, 0.316173, 0.16663, 0.33091, 0.206745, 0.920737, -0.151894, 0.0, 0.0, 0.0, 1.0],
                [-0.886647, 0.397183, 0.236861, 0.086309, -0.327455, -0.900892, 0.284899, 0.160364, 0.326543, 0.175044, 0.928833, -0.151434, 0.0, 0.0, 0.0, 1.0],
                [-0.886422, 0.391839, 0.246413, 0.083836, -0.332107, -0.909206, 0.251101, 0.154099, 0.32243, 0.140747, 0.936072, -0.150973, 0.0, 0.0, 0.0, 1.0],
                [-0.886414, 0.384469, 0.257786, 0.081363, -0.335481, -0.9173, 0.214511, 0.147836, 0.318939, 0.103664, 0.94209, -0.150513, 0.0, 0.0, 0.0, 1.0],
                [-0.886699, 0.369485, 0.27793, 0.07889, -0.338336, -0.92824, 0.154599, 0.14157, 0.315108, 0.043049, 0.94808, -0.150053, 0.0, 0.0, 0.0, 1.0],
                [-0.887031, 0.344455, 0.307455, 0.076417, -0.33998, -0.937837, 0.069833, 0.135306, 0.312397, -0.042584, 0.948997, -0.149593, 0.0, 0.0, 0.0, 1.0],
