{
    "animation": [
        {
            "name": "Root",
            "time": [0.0, 0.0667, 0.1, 0.1333, 0.1667, 0.2, 0.2333, 0.2667, 0.3, 0.3333, 0.3667, 0.4, 0.4333, 0.4667, 0.5, 0.5333, 0.5667, 0.6, 0.6333, 0.6667, 0.7, 0.7333, 0.7667, 0.8, 0.8333, 0.8667, 0.9, 0.9333, 0.9667, 1.0, 1.0333, 1.0667, 1.1, 1.1333, 1.1667, 1.2, 1.2333, 1.2667, 1.3, 1.3333, 1.3667, 1.4, 1.4333, 1.4667, 1.5, 1.5333, 1.5667, 1.6, 1.6333, 1.6667, 1.7, 1.7333, 1.7667, 1.8, 1.8333, 1.8667, 1.9, 1.9333, 1.9667, 2.0, 2.0333, 2.0667, 2.1, 2.1333, 2.1667, 2.2, 2.2333, 2.2667, 2.3, 2.3333, 2.3667, 2.4, 2.4333, 2.4667, 2.5, 2.5333, 2.5667, 2.6, 2.6333, 2.6667, 2.7, 2.7333, 2.7667, 2.8, 2.8333, 2.8667, 2.9, 2.9333, 2.9667, 3.0, 3.0333, 3.0667, 3.1, 3.1333, 3.1667, 3.2, 3.2333, 3.2667, 3.3, 3.3333, 3.3667, 3.4, 3.8333, 4.1667],
            "transform": [
                [0.907198, 0.000421, -0.420704, -0.362378, -0.420638, 0.018703, -0.907037, -0.167926, 0.007487, 0.999825, 0.017144, 0.679144, 0.0, 0.0, 0.0, 1.0],
                [0.047157, -0.351244, -0.935097, -1.180509, -0.911958, -0.397099, 0.10317, 0.167848, -0.407563, 0.847903, -0.339046, 0.401199, 0.0, 0.0, 0.0, 1.0],
                [0.304603, -0.897852, -0.31793, -2.58442, -0.802653, -0.421675, 0.421829, 0.217638, -0.512803, 0.126697, -0.849107, 0.672206, 0.0, 0.0, 0.0, 1.0],
                [0.597137, -0.801984, -0.015794, -3.329344, -0.681135, -0.517359, 0.51807, 0.231014, -0.423655, -0.2986, -0.855193, 0.817232, 0.0, 0.0, 0.0, 1.0],
                [0.77527, -0.588738, 0.228789, -4.002955, -0.579249, -0.518268, 0.629182, 0.243626, -0.251849, -0.620311, -0.742824, 0.99649, 0.0, 0.0, 0.0, 1.0],
                [0.852807, -0.307645, 0.42199, -4.621482, -0.52111, -0.448486, 0.726159, 0.254813, -0.034143, -0.839176, -0.542788, 1.152069, 0.0, 0.0, 0.0, 1.0],
                [0.812376, -0.029737, 0.582376, -5.105542, -0.558731, -0.325587, 0.762766, 0.264476, 0.166932, -0.945044, -0.281114, 1.227743, 0.0, 0.0, 0.0, 1.0],
                [0.683511, 0.231282, 0.69233, -5.489751, -0.660458, -0.207918, 0.721502, 0.284194, 0.310818, -0.95041, 0.010638, 1.258896, 0.0, 0.0, 0.0, 1.0],
                [0.494677, 0.467233, 0.732795, -5.806695, -0.786279, -0.118578, 0.606387, 0.306504, 0.370218, -0.876147, 0.308717, 1.257076, 0.0, 0.0, 0.0, 1.0],
                [0.282934, 0.6792, 0.677227, -6.109519, -0.897529, -0.061495, 0.436646, 0.315019, 0.338216, -0.731373, 0.592203, 1.230684, 0.0, 0.0, 0.0, 1.0],
                [0.092472, 0.86082, 0.500439, -6.444324, -0.971512, -0.03214, 0.234803, 0.286429, 0.218207, -0.507894, 0.833324, 1.175846, 0.0, 0.0, 0.0, 1.0],
                [-0.015317, 0.990457, 0.136974, -6.888538, -0.999879, -0.014766, -0.005033, 0.148083, -0.002963, -0.137034, 0.990563, 1.037701, 0.0, 0.0, 0.0, 1.0],
                [0.076668, 0.94951, -0.304223, -7.402646, -0.956872, -0.015682, -0.29009, -0.116073, -0.280214, 0.313343, 0.907357, 0.669498, 0.0, 0.0, 0.0, 1.0],
                [0.283449, 0.832239, -0.476481, -7.83487, -0.826516, -0.039971, -0.561494, -0.282794, -0.486343, 0.552974, 0.676529, 0.373003, 0.0, 0.0, 0.0, 1.0],
                [0.441741, 0.764614, -0.469288, -8.099245, -0.681376, -0.054339, -0.729914, -0.364534, -0.583603, 0.642194, 0.496986, 0.279759, 0.0, 0.0, 0.0, 1.0],
                [0.569457, 0.719901, -0.396814, -8.31924, -0.521544, -0.056711, -0.851339, -0.417591, -0.635384, 0.691755, 0.343165, 0.20891, 0.0, 0.0, 0.0, 1.0],
                [0.654535, 0.692676, -0.302958, -8.493132, -0.379875, -0.045148, -0.923935, -0.440451, -0.653667, 0.719834, 0.23358, 0.159546, 0.0, 0.0, 0.0, 1.0],
                [0.694282, 0.683162, -0.226414, -8.602958, -0.299444, -0.011871, -0.954041, -0.42218, -0.654452, 0.730171, 0.196327, 0.138719, 0.0, 0.0, 0.0, 1.0],
                [0.719066, 0.679081, -0.147625, -8.688555, -0.236956, 0.039889, -0.970702, -0.394484, -0.653296, 0.732979, 0.189595, 0.128929, 0.0, 0.0, 0.0, 1.0],
                [0.731929, 0.676055, -0.085021, -8.738186, -0.193118, 0.086163, -0.977386, -0.375849, -0.653441, 0.731796, 0.193623, 0.126012, 0.0, 0.0, 0.0, 1.0],
                [0.739694, 0.672575, -0.022279, -8.782705, -0.153774, 0.136704, -0.978604, -0.356291, -0.65514, 0.727292, 0.204544, 0.125528, 0.0, 0.0, 0.0, 1.0],
                [0.743893, 0.666916, 0.042967, -8.822655, -0.115721, 0.191866, -0.974576, -0.335165, -0.658204, 0.720006, 0.219904, 0.127255, 0.0, 0.0, 0.0, 1.0],
                [0.744424, 0.658861, 0.108325, -8.858271, -0.081449, 0.250627, -0.964652, -0.311831, -0.662721, 0.709286, 0.240237, 0.130991, 0.0, 0.0, 0.0, 1.0],
                [0.741368, 0.649072, 0.170528, -8.890013, -0.052223, 0.309129, -0.949586, -0.285654, -0.669065, 0.695086, 0.263075, 0.136503, 0.0, 0.0, 0.0, 1.0],
                [0.735474, 0.637044, 0.230766, -8.91827, -0.028658, 0.36953, -0.928777, -0.255991, -0.676947, 0.676477, 0.290037, 0.143584, 0.0, 0.0, 0.0, 1.0],
                [0.729524, 0.621503, 0.285535, -8.943436, -0.009176, 0.426331, -0.904522, -0.222202, -0.683895, 0.657249, 0.316721, 0.152011, 0.0, 0.0, 0.0, 1.0],
                [0.721338, 0.607318, 0.332921, -8.965965, 0.001023, 0.479759, -0.877401, -0.183651, -0.692583, 0.633242, 0.345448, 0.161566, 0.0, 0.0, 0.0, 1.0],
                [0.714178, 0.592837, 0.372149, -8.986176, 0.004829, 0.527482, -0.849552, -0.139688, -0.699948, 0.608529, 0.373853, 0.172413, 0.0, 0.0, 0.0, 1.0],
                [0.708093, 0.58028, 0.402344, -9.004456, 0.000368, 0.569491, -0.821998, -0.089705, -0.70612, 0.582198, 0.403039, 0.183208, 0.0, 0.0, 0.0, 1.0],
                [0.703319, 0.571476, 0.422798, -9.021267, -0.012063, 0.604266, -0.796692, -0.033027, -0.710772, 0.555228, 0.431886, 0.195077, 0.0, 0.0, 0.0, 1.0],
                [0.699479, 0.568561, 0.432976, -9.036922, -0.033255, 0.631093, -0.774995, 0.030955, -0.713879, 0.527693, 0.460344, 0.206883, 0.0, 0.0, 0.0, 1.0],
                [0.698539, 0.571865, 0.430133, -9.051886, -0.063172, 0.64804, -0.758982, 0.102886, -0.712778, 0.503006, 0.488807, 0.218621, 0.0, 0.0, 0.0, 1.0],
                [0.699298, 0.582199, 0.414763, -9.066626, -0.101208, 0.655018, -0.748805, 0.183411, -0.707631, 0.48166, 0.516976, 0.230285, 0.0, 0.0, 0.0, 1.0],
                [0.700179, 0.601225, 0.38507, -9.081163, -0.14765, 0.649613, -0.74579, 0.274232, -0.698534, 0.465331, 0.543616, 0.241994, 0.0, 0.0, 0.0, 1.0],
                [0.657756, 0.728436, 0.191671, -9.047348, -0.331583, 0.508505, -0.794654, 0.444278, -0.676321, 0.459134, 0.57601, 0.261907, 0.0, 0.0, 0.0, 1.0],
                [0.46622, 0.8559, -0.223772, -8.959696, -0.636066, 0.148503, -0.757211, 0.741639, -0.614866, 0.49536, 0.613644, 0.295399, 0.0, 0.0, 0.0, 1.0],
                [0.156428, 0.770736, -0.617654, -8.884501, -0.844851, -0.219518, -0.487893, 1.125151, -0.511623, 0.598146, 0.616818, 0.336113, 0.0, 0.0, 0.0, 1.0],
                [-0.061947, 0.587085, -0.807153, -8.88755, -0.925395, -0.336749, -0.173913, 1.554546, -0.373909, 0.73616, 0.564146, 0.376432, 0.0, 0.0, 0.0, 1.0],
                [-0.018239, 0.439738, -0.897942, -9.015984, -0.987051, -0.151071, -0.053933, 2.025414, -0.159369, 0.885329, 0.4368, 0.426507, 0.0, 0.0, 0.0, 1.0],
                [0.156238, 0.24936, -0.955725, -9.224697, -0.971807, 0.211798, -0.103606, 2.557062, 0.176585, 0.944966, 0.275421, 0.486443, 0.0, 0.0, 0.0, 1.0],
                [0.223166, 0.062828, -0.972755, -9.441162, -0.814672, 0.559991, -0.150731, 3.144754, 0.535264, 0.826113, 0.176155, 0.534772, 0.0, 0.0, 0.0, 1.0],
                [0.075992, 0.062689, -0.995136, -9.593157, -0.620701, 0.784045, 0.001992, 3.78356, 0.780356, 0.617531, 0.098493, 0.550872, 0.0, 0.0, 0.0, 1.0],
                [-0.249384, 0.410239, -0.877219, -9.667147, -0.323713, 0.818416, 0.474768, 4.511486, 0.912698, 0.402366, -0.0713, 0.518127, 0.0, 0.0, 0.0, 1.0],
                [-0.416097, 0.852581, -0.316178, -9.699425, 0.18302, 0.419115, 0.889296, 5.318122, 0.890712, 0.312166, -0.330432, 0.451331, 0.0, 0.0, 0.0, 1.0],
                [-0.255306, 0.871742, 0.418192, -9.69195, 0.601659, -0.195336, 0.774501, 6.125739, 0.756853, 0.449344, -0.474621, 0.376793, 0.0, 0.0, 0.0, 1.0],
                [-0.020655, 0.600878, 0.799074, -9.648296, 0.769665, -0.500561, 0.396302, 6.856658, 0.638115, 0.623204, -0.452136, 0.320821, 0.0, 0.0, 0.0, 1.0],
                [0.02722, 0.420621, 0.906828, -9.535963, 0.838045, -0.50412, 0.208675, 7.546996, 0.544923, 0.754282, -0.366222, 0.28891, 0.0, 0.0, 0.0, 1.0],
                [-0.094878, 0.310277, 0.945901, -9.364779, 0.889255, -0.400686, 0.22063, 8.219386, 0.447465, 0.862078, -0.237899, 0.267538, 0.0, 0.0, 0.0, 1.0],
                [-0.257772, 0.244871, 0.934662, -9.201191, 0.904113, -0.28006, 0.322719, 8.776607, 0.340786, 0.928226, -0.149199, 0.254489, 0.0, 0.0, 0.0, 1.0],
                [-0.328297, 0.225518, 0.917259, -9.111715, 0.906475, -0.1978, 0.373069, 9.121443, 0.265567, 0.953947, -0.13949, 0.247531, 0.0, 0.0, 0.0, 1.0],
                [-0.306689, 0.242623, 0.920368, -9.084389, 0.924973, -0.152027, 0.348301, 9.318998, 0.224427, 0.958134, -0.177795, 0.243258, 0.0, 0.0, 0.0, 1.0],
                [-0.279929, 0.271189, 0.920922, -9.062546, 0.942217, -0.10628, 0.317699, 9.499845, 0.184032, 0.95664, -0.225768, 0.239936, 0.0, 0.0, 0.0, 1.0],
                [-0.251234, 0.30826, 0.917528, -9.04565, 0.957258, -0.061227, 0.282683, 9.665365, 0.143317, 0.94933, -0.279703, 0.236746, 0.0, 0.0, 0.0, 1.0],
                [-0.219086, 0.354136, 0.90917, -9.033161, 0.970227, -0.019536, 0.24141, 9.816844, 0.103254, 0.93499, -0.339312, 0.234582, 0.0, 0.0, 0.0, 1.0],
                [-0.186276, 0.40544, 0.894941, -9.024607, 0.980501, 0.018668, 0.195628, 9.955328, 0.062608, 0.913932, -0.401011, 0.23253, 0.0, 0.0, 0.0, 1.0],
                [-0.15258, 0.461665, 0.873834, -9.019451, 0.988056, 0.051925, 0.14509, 10.082178, 0.021609, 0.885532, -0.464074, 0.231275, 0.0, 0.0, 0.0, 1.0],
                [-0.126205, 0.517872, 0.846098, -9.017229, 0.991721, 0.086245, 0.095139, 10.198616, -0.023702, 0.851099, -0.52447, 0.23011, 0.0, 0.0, 0.0, 1.0],
                [-0.082621, 0.602923, 0.79351, -9.01833, 0.992885, 0.118318, 0.013481, 10.355472, -0.085759, 0.788977, -0.608408, 0.229241, 0.0, 0.0, 0.0, 1.0],
                [-0.042765, 0.682011, 0.730092, -9.022667, 0.988164, 0.136628, -0.069749, 10.497672, -0.14732, 0.718467, -0.679781, 0.228805, 0.0, 0.0, 0.0, 1.0],
                [-0.00922, 0.748911, 0.662607, -9.029125, 0.978519, 0.143232, -0.148273, 10.626336, -0.20595, 0.647006, -0.734145, 0.228642, 0.0, 0.0, 0.0, 1.0],
                [0.018585, 0.802858, 0.595881, -9.035707, 0.96543, 0.140573, -0.219512, 10.74725, -0.260002, 0.57936, -0.772491, 0.228542, 0.0, 0.0, 0.0, 1.0],
                [0.040311, 0.840446, 0.540395, -9.040569, 0.950723, 0.134131, -0.279527, 10.863935, -0.307411, 0.525033, -0.793624, 0.228294, 0.0, 0.0, 0.0, 1.0],
                [0.055835, 0.864081, 0.500247, -9.042593, 0.936163, 0.128874, -0.327094, 10.980779, -0.347105, 0.486576, -0.801725, 0.227672, 0.0, 0.0, 0.0, 1.0],
                [0.065126, 0.873407, 0.482617, -9.04254, 0.927145, 0.125882, -0.352926, 11.058148, -0.369001, 0.47044, -0.801578, 0.222258, 0.0, 0.0, 0.0, 1.0],
                [0.077706, 0.883143, 0.462624, -9.043482, 0.914429, 0.121744, -0.386003, 11.168371, -0.397217, 0.453031, -0.798112, 0.216844, 0.0, 0.0, 0.0, 1.0],
                [0.090831, 0.88981, 0.4472, -9.045284, 0.902051, 0.11676, -0.415538, 11.272999, -0.421964, 0.441141, -0.792049, 0.211431, 0.0, 0.0, 0.0, 1.0],
                [0.104891, 0.892702, 0.438271, -9.048072, 0.891064, 0.111325, -0.440014, 11.371041, -0.441592, 0.43668, -0.783778, 0.206017, 0.0, 0.0, 0.0, 1.0],
                [0.119002, 0.893404, 0.433207, -9.051487, 0.88074, 0.106455, -0.461481, 11.464173, -0.458407, 0.436459, -0.774188, 0.200603, 0.0, 0.0, 0.0, 1.0],
                [0.134095, 0.891111, 0.43352, -9.055648, 0.87194, 0.101779, -0.478917, 11.551517, -0.470891, 0.442224, -0.763348, 0.19519, 0.0, 0.0, 0.0, 1.0],
                [0.149678, 0.886982, 0.436876, -9.060202, 0.863906, 0.097586, -0.494109, 11.634451, -0.480899, 0.451377, -0.751662, 0.189776, 0.0, 0.0, 0.0, 1.0],
                [0.16577, 0.881131, 0.442865, -9.065158, 0.856538, 0.093915, -0.507467, 11.712558, -0.488737, 0.463453, -0.739154, 0.184363, 0.0, 0.0, 0.0, 1.0],
                [0.182239, 0.873712, 0.451017, -9.070326, 0.849811, 0.090768, -0.519213, 11.786619, -0.49458, 0.4779, -0.72595, 0.178949, 0.0, 0.0, 0.0, 1.0],
                [0.198406, 0.864396, 0.462011, -9.075589, 0.844244, 0.088731, -0.528563, 11.856505, -0.497883, 0.49492, -0.712157, 0.173535, 0.0, 0.0, 0.0, 1.0],
                [0.215302, 0.854324, 0.47305, -9.080927, 0.838806, 0.08626, -0.537555, 11.923254, -0.500051, 0.512533, -0.69804, 0.168121, 0.0, 0.0, 0.0, 1.0],
                [0.226807, 0.84725, 0.48034, -9.08433, 0.835198, 0.084506, -0.54342, 11.965847, -0.501004, 0.524429, -0.688455, 0.162708, 0.0, 0.0, 0.0, 1.0],
                [0.244062, 0.836293, 0.490967, -9.089355, 0.82969, 0.082028, -0.552166, 12.02717, -0.502045, 0.542113, -0.673843, 0.157294, 0.0, 0.0, 0.0, 1.0],
                [0.261297, 0.824927, 0.501218, -9.094069, 0.824068, 0.079743, -0.560852, 12.08621, -0.50263, 0.559586, -0.65896, 0.15188, 0.0, 0.0, 0.0, 1.0],
                [0.278159, 0.813711, 0.510394, -9.098239, 0.818136, 0.0777, -0.569752, 12.142675, -0.503271, 0.576053, -0.644113, 0.146467, 0.0, 0.0, 0.0, 1.0],
                [0.294308, 0.803269, 0.517824, -9.101866, 0.811656, 0.075981, -0.579174, 12.197445, -0.504577, 0.59075, -0.629616, 0.141053, 0.0, 0.0, 0.0, 1.0],
                [0.305054, 0.79615, 0.522577, -9.103861, 0.80725, 0.074958, -0.585431, 12.228313, -0.505263, 0.600438, -0.619826, 0.135639, 0.0, 0.0, 0.0, 1.0],
                [0.313936, 0.787452, 0.530437, -9.105625, 0.804765, 0.075746, -0.588743, 12.249788, -0.503786, 0.611703, -0.609934, 0.130226, 0.0, 0.0, 0.0, 1.0],
                [0.326505, 0.776787, 0.538514, -9.107082, 0.802549, 0.073135, -0.592087, 12.263106, -0.49931, 0.625502, -0.599531, 0.147371, 0.0, 0.0, 0.0, 1.0],
                [0.334333, 0.765657, 0.549537, -9.108374, 0.802222, 0.074827, -0.592319, 12.269043, -0.494633, 0.638881, -0.58921, 0.167005, 0.0, 0.0, 0.0, 1.0],
                [0.345564, 0.751886, 0.561474, -9.109516, 0.802207, 0.073743, -0.592475, 12.268991, -0.486879, 0.655156, -0.577685, 0.188373, 0.0, 0.0, 0.0, 1.0],
                [0.353855, 0.737562, 0.575143, -9.110662, 0.803491, 0.075034, -0.59057, 12.26386, -0.478736, 0.671098, -0.566074, 0.209784, 0.0, 0.0, 0.0, 1.0],
                [0.365077, 0.720222, 0.589914, -9.111732, 0.80463, 0.074627, -0.589069, 12.254899, -0.468284, 0.689717, -0.552268, 0.231228, 0.0, 0.0, 0.0, 1.0],
                [0.37491, 0.70235, 0.605101, -9.112883, 0.806429, 0.074885, -0.586571, 12.243021, -0.457291, 0.707882, -0.53832, 0.250462, 0.0, 0.0, 0.0, 1.0],
                [0.386421, 0.681653, 0.621311, -9.114117, 0.808343, 0.074092, -0.584031, 12.229373, -0.444141, 0.727914, -0.522379, 0.266696, 0.0, 0.0, 0.0, 1.0],
                [0.397524, 0.660425, 0.637035, -9.115444, 0.810425, 0.072893, -0.581292, 12.214981, -0.430336, 0.747345, -0.506248, 0.279096, 0.0, 0.0, 0.0, 1.0],
                [0.410044, 0.635222, 0.654491, -9.117085, 0.812193, 0.072185, -0.578906, 12.201036, -0.414978, 0.768949, -0.486324, 0.285577, 0.0, 0.0, 0.0, 1.0],
                [0.422031, 0.60934, 0.671263, -9.118805, 0.814135, 0.071011, -0.576318, 12.186634, -0.398841, 0.789722, -0.466117, 0.288199, 0.0, 0.0, 0.0, 1.0],
                [0.433444, 0.582833, 0.687337, -9.120676, 0.816234, 0.069361, -0.573544, 12.170539, -0.381954, 0.809626, -0.445665, 0.290098, 0.0, 0.0, 0.0, 1.0],
                [0.44508, 0.552753, 0.704534, -9.122475, 0.818589, 0.067844, -0.57036, 12.152796, -0.363066, 0.830579, -0.422282, 0.289933, 0.0, 0.0, 0.0, 1.0],
                [0.455988, 0.521977, 0.720843, -9.12443, 0.821084, 0.065748, -0.567008, 12.133609, -0.343359, 0.850422, -0.398607, 0.288926, 0.0, 0.0, 0.0, 1.0],
                [0.465376, 0.488757, 0.737931, -9.126381, 0.824331, 0.064289, -0.562446, 12.113221, -0.322341, 0.870047, -0.37298, 0.286921, 0.0, 0.0, 0.0, 1.0],
                [0.475981, 0.454987, 0.752615, -9.128325, 0.826514, 0.061008, -0.559601, 12.091715, -0.300526, 0.888406, -0.347015, 0.28389, 0.0, 0.0, 0.0, 1.0],
                [0.484894, 0.41916, 0.767583, -9.130356, 0.82915, 0.058847, -0.555922, 12.069353, -0.27819, 0.906003, -0.319012, 0.280114, 0.0, 0.0, 0.0, 1.0],
                [0.492885, 0.382715, 0.781406, -9.132303, 0.831845, 0.056082, -0.552168, 12.04623, -0.255146, 0.922162, -0.290718, 0.27606, 0.0, 0.0, 0.0, 1.0],
                [0.498354, 0.345079, 0.795339, -9.134333, 0.835479, 0.053868, -0.546878, 12.022576, -0.23156, 0.937026, -0.26146, 0.271497, 0.0, 0.0, 0.0, 1.0],
                [0.505389, 0.307045, 0.806416, -9.13636, 0.837605, 0.050023, -0.543982, 11.998548, -0.207366, 0.950379, -0.231901, 0.265859, 0.0, 0.0, 0.0, 1.0],
                [0.510177, 0.268066, 0.817228, -9.13839, 0.840429, 0.046524, -0.539922, 11.974434, -0.182756, 0.962276, -0.201555, 0.260225, 0.0, 0.0, 0.0, 1.0],
                [0.515238, 0.228732, 0.825961, -9.140337, 0.842419, 0.042136, -0.537174, 11.950237, -0.157672, 0.972576, -0.170979, 0.254592, 0.0, 0.0, 0.0, 1.0],
                [-0.614924, 0.060193, 0.786287, -9.140336, 0.788038, 0.084089, 0.609858, 11.950238, -0.029408, 0.994638, -0.099143, 0.37415, 0.0, 0.0, 0.0, 1.0],
                [-1.0, -0.0, 0.0, -9.140336, -0.0, 0.0, 1.000001, 11.950239, 0.0, 1.0, 0.0, 0.37415, 0.0, 0.0, 0.0, 1.0]
            ]
        },
        {
            "name": "Thigh_R",
            "time": [0.0, 0.0667, 0.1, 0.1333, 0.1667, 0.2, 0.2333, 0.2667, 0.3, 0.3333, 0.3667, 0.4, 0.4333, 0.4667, 0.5, 0.5333, 0.5667, 0.6, 0.6333, 0.6667, 0.7, 0.7333, 0.7667, 0.8, 0.8333, 0.8667, 0.9, 0.9333, 0.9667, 1.0, 1.0333, 1.0667, 1.1, 1.1333, 1.1667, 1.2, 1.2333, 1.2667, 1.3, 1.3333, 1.3667, 1.4, 1.4333, 1.4667, 1.5, 1.5333, 1.5667, 1.6, 1.6333, 1.6667, 1.7, 1.7333, 1.7667, 1.8, 1.8333, 1.8667, 1.9, 1.9333, 1.9667, 2.0, 2.0333, 2.0667, 2.1, 2.1333, 2.1667, 2.2, 2.2333, 2.2667, 2.3, 2.3333, 2.3667, 2.4, 2.4333, 2.4667, 2.5, 2.5333, 2.5667, 2.6, 2.6333, 2.6667, 2.7, 2.7333, 2.7667, 2.8, 2.8333, 2.8667, 2.9, 2.9333, 2.9667, 3.0, 3.0333, 3.0667, 3.1, 3.1333, 3.1667, 3.2, 3.2333, 3.2667, 3.3, 3.3333, 3.3667, 3.4, 4.1667],
            "transform": [
                [0.945483, 0.067158, 0.318674, 0.133847, 0.064694, -0.997738, 0.018325, 0.001085, 0.319184, 0.00329, -0.947688, 0.043038, 0.0, 0.0, 0.0, 1.0],
                [0.119733, 0.000765, -0.992807, 0.008692, 0.757484, -0.646489, 0.090864, 0.117592, -0.641709, -0.762984, -0.077986, -0.050847, 0.0, 0.0, 0.0, 1.0],
                [0.09419, -0.555796, -0.825984, 0.008023, 0.319872, -0.768817, 0.553759, 0.131023, -0.942719, -0.316397, 0.105368, -0.071243, 0.0, 0.0, 0.0, 1.0],
                [-0.277862, -0.763777, -0.582654, 0.007354, 0.553073, -0.623144, 0.553001, 0.144455, -0.785376, -0.168607, 0.595572, -0.091638, 0.0, 0.0, 0.0, 1.0],
                [-0.658697, -0.306569, -0.687098, -0.025361, 0.411262, -0.911468, 0.01234, 0.117887, -0.629993, -0.274474, 0.726461, -0.081041, 0.0, 0.0, 0.0, 1.0],
                [-0.712348, -0.085591, -0.696555, -0.029471, 0.156379, -0.986986, -0.038674, 0.111313, -0.684115, -0.136488, 0.716461, -0.089148, 0.0, 0.0, 0.0, 1.0],
                [-0.656813, -0.119288, -0.744534, -0.033583, 0.096841, -0.992623, 0.073582, 0.104739, -0.747748, -0.023774, 0.663518, -0.097254, 0.0, 0.0, 0.0, 1.0],
                [-0.55958, -0.234021, -0.795036, -0.037695, 0.14067, -0.972255, 0.18714, 0.098165, -0.816694, -0.007118, 0.576974, -0.10536, 0.0, 0.0, 0.0, 1.0],
                [-0.361182, -0.474387, -0.802817, -0.041805, 0.302809, -0.873989, 0.38015, 0.091592, -0.881908, -0.105806, 0.459317, -0.113467, 0.0, 0.0, 0.0, 1.0],
                [0.039998, -0.825951, -0.562378, -0.022834, 0.728964, -0.36081, 0.581715, 0.083684, -0.683317, -0.43326, 0.587656, -0.112848, 0.0, 0.0, 0.0, 1.0],
                [0.408247, -0.511871, -0.755866, -0.003863, 0.818936, -0.160396, 0.550962, 0.075776, -0.403223, -0.844011, 0.353708, -0.11223, 0.0, 0.0, 0.0, 1.0],
                [0.477457, -0.094965, -0.873498, 0.015108, 0.756774, -0.460631, 0.463768, 0.067868, -0.44636, -0.88255, -0.148065, -0.111611, 0.0, 0.0, 0.0, 1.0],
                [0.408371, -0.413408, -0.813836, 0.051516, 0.591916, -0.558779, 0.580861, 0.052971, -0.694822, -0.718995, 0.016513, -0.124515, 0.0, 0.0, 0.0, 1.0],
                [0.338, -0.669786, -0.661193, 0.087923, 0.464828, -0.49208, 0.736068, 0.038076, -0.818292, -0.556183, 0.145012, -0.137419, 0.0, 0.0, 0.0, 1.0],
                [0.31112, -0.745814, -0.589076, 0.12433, 0.497405, -0.400382, 0.769595, 0.02318, -0.809754, -0.532495, 0.246404, -0.150323, 0.0, 0.0, 0.0, 1.0],
                [0.343399, -0.733169, -0.58701, 0.110937, 0.60742, -0.303318, 0.734177, -0.009925, -0.71626, -0.608732, 0.341182, -0.133701, 0.0, 0.0, 0.0, 1.0],
                [0.357877, -0.697574, -0.620765, 0.097546, 0.750307, -0.180869, 0.635828, -0.043029, -0.555763, -0.693377, 0.458665, -0.117081, 0.0, 0.0, 0.0, 1.0],
                [0.30339, -0.652636, -0.6943, 0.084154, 0.852687, -0.139203, 0.503472, -0.076132, -0.425194, -0.744837, 0.514261, -0.100461, 0.0, 0.0, 0.0, 1.0],
                [0.216547, -0.599741, -0.770356, 0.071911, 0.927136, -0.120741, 0.354633, -0.068632, -0.305674, -0.791092, 0.529894, -0.103812, 0.0, 0.0, 0.0, 1.0],
                [0.136443, -0.550775, -0.823442, 0.059668, 0.963434, -0.119568, 0.239622, -0.061132, -0.230414, -0.826101, 0.51432, -0.107162, 0.0, 0.0, 0.0, 1.0],
                [0.041687, -0.490005, -0.870735, 0.047427, 0.985127, -0.125023, 0.117517, -0.053629, -0.166431, -0.862761, 0.477504, -0.110513, 0.0, 0.0, 0.0, 1.0],
                [-0.064581, -0.417291, -0.906484, 0.035183, 0.990567, -0.136496, -0.007749, -0.046128, -0.120488, -0.898515, 0.422169, -0.113864, 0.0, 0.0, 0.0, 1.0],
                [-0.174818, -0.332244, -0.926856, 0.022941, 0.979747, -0.151642, -0.130457, -0.038628, -0.097198, -0.930972, 0.352025, -0.117215, 0.0, 0.0, 0.0, 1.0],
                [-0.279043, -0.237672, -0.930401, 0.010698, 0.955255, -0.167243, -0.243804, -0.031128, -0.097649, -0.956887, 0.273705, -0.120566, 0.0, 0.0, 0.0, 1.0],
                [-0.370686, -0.136991, -0.918594, -0.001544, 0.921108, -0.180533, -0.344813, -0.023626, -0.11859, -0.974029, 0.193105, -0.123916, 0.0, 0.0, 0.0, 1.0],
                [-0.442721, -0.035476, -0.895948, 0.00231, 0.88288, -0.191457, -0.428722, -0.032319, -0.156313, -0.980906, 0.116084, -0.120522, 0.0, 0.0, 0.0, 1.0],
                [-0.493742, 0.061651, -0.867409, 0.006165, 0.845289, -0.199995, -0.495408, -0.041013, -0.204002, -0.977902, 0.046633, -0.117128, 0.0, 0.0, 0.0, 1.0],
                [-0.523382, 0.149816, -0.838812, 0.01002, 0.812642, -0.208151, -0.544272, -0.049705, -0.256117, -0.966602, -0.012804, -0.113734, 0.0, 0.0, 0.0, 1.0],
                [-0.535367, 0.224624, -0.814191, 0.013874, 0.786625, -0.218301, -0.577509, -0.058398, -0.307433, -0.949726, -0.059823, -0.110339, 0.0, 0.0, 0.0, 1.0],
                [-0.532886, 0.286868, -0.796068, 0.01773, 0.767614, -0.231905, -0.597446, -0.067091, -0.355969, -0.929526, -0.096624, -0.106946, 0.0, 0.0, 0.0, 1.0],
                [-0.517178, 0.335443, -0.787397, 0.010517, 0.75513, -0.254125, -0.604281, -0.068904, -0.402763, -0.907187, -0.121874, -0.101904, 0.0, 0.0, 0.0, 1.0],
                [-0.491848, 0.371719, -0.787338, 0.003304, 0.746891, -0.284549, -0.600953, -0.070718, -0.447383, -0.883712, -0.137678, -0.096861, 0.0, 0.0, 0.0, 1.0],
                [-0.458077, 0.396388, -0.795637, -0.003909, 0.741265, -0.323608, -0.588019, -0.072532, -0.490515, -0.859211, -0.145591, -0.091819, 0.0, 0.0, 0.0, 1.0],
                [-0.413951, 0.412068, -0.811693, -0.011123, 0.735665, -0.373691, -0.564905, -0.074345, -0.536054, -0.831051, -0.148454, -0.086777, 0.0, 0.0, 0.0, 1.0],
                [-0.352873, 0.285402, -0.89108, -0.018336, 0.74164, -0.495305, -0.452346, -0.076159, -0.570406, -0.820554, -0.036885, -0.081734, 0.0, 0.0, 0.0, 1.0],
                [-0.17974, 0.178177, -0.967444, -0.025549, 0.707743, -0.65962, -0.252976, -0.077972, -0.683158, -0.730237, -0.007543, -0.076692, 0.0, 0.0, 0.0, 1.0],
                [-0.060315, 0.38921, -0.919181, -0.008953, 0.679911, -0.658183, -0.323288, -0.025033, -0.730748, -0.644519, -0.224929, -0.082666, 0.0, 0.0, 0.0, 1.0],
                [-0.084426, 0.67837, -0.729883, 0.007643, 0.7037, -0.478007, -0.525635, 0.027907, -0.7054, -0.558046, -0.437012, -0.088637, 0.0, 0.0, 0.0, 1.0],
                [0.076965, 0.691676, -0.718127, 0.024239, 0.684888, -0.560118, -0.466028, 0.080846, -0.724509, -0.456011, -0.51683, -0.094611, 0.0, 0.0, 0.0, 1.0],
                [0.341512, 0.430718, -0.83538, 0.040835, 0.485008, -0.84213, -0.235861, 0.133786, -0.805011, -0.324647, -0.496499, -0.100585, 0.0, 0.0, 0.0, 1.0],
                [0.409524, 0.225689, -0.883937, 0.047733, 0.220518, -0.964723, -0.144116, 0.117744, -0.885192, -0.135918, -0.444845, -0.090378, 0.0, 0.0, 0.0, 1.0],
                [0.293149, -0.037479, -0.955328, 0.054629, 0.111101, -0.991174, 0.072977, 0.101702, -0.94954, -0.127542, -0.286397, -0.080172, 0.0, 0.0, 0.0, 1.0],
                [0.17301, -0.411066, -0.895046, 0.061526, 0.319323, -0.836288, 0.445774, 0.085659, -0.931669, -0.362966, -0.013424, -0.069966, 0.0, 0.0, 0.0, 1.0],
                [0.275779, -0.678361, -0.681035, 0.068424, 0.650101, -0.390251, 0.651958, 0.069617, -0.707973, -0.622594, 0.333379, -0.059761, 0.0, 0.0, 0.0, 1.0],
                [0.602658, -0.787961, -0.126282, 0.075321, 0.380232, 0.144447, 0.913536, 0.053576, -0.701523, -0.598623, 0.386659, -0.049555, 0.0, 0.0, 0.0, 1.0],
                [0.416428, -0.839619, 0.348827, 0.08409, -0.153824, 0.313092, 0.937189, 0.044539, -0.896008, -0.443972, 0.001226, -0.063696, 0.0, 0.0, 0.0, 1.0],
                [0.414558, -0.822771, 0.388894, 0.092859, -0.479692, 0.165573, 0.861663, 0.035507, -0.773268, -0.54381, -0.326037, -0.077836, 0.0, 0.0, 0.0, 1.0],
                [0.655308, -0.714831, 0.244126, 0.101628, -0.28901, 0.061306, 0.955359, 0.026472, -0.697819, -0.696674, -0.166419, -0.091977, 0.0, 0.0, 0.0, 1.0],
                [0.705095, -0.635127, -0.315354, 0.118691, 0.075379, -0.375092, 0.923926, 0.052637, -0.70503, -0.675288, -0.216601, -0.06237, 0.0, 0.0, 0.0, 1.0],
                [0.578314, -0.724023, -0.375984, 0.135755, 0.237413, -0.291569, 0.926622, 0.0788, -0.780446, -0.625199, 0.003274, -0.032761, 0.0, 0.0, 0.0, 1.0],
                [0.530951, -0.730777, -0.429048, 0.135887, 0.255501, -0.344702, 0.903276, 0.091352, -0.80791, -0.589271, 0.003694, -0.04039, 0.0, 0.0, 0.0, 1.0],
                [0.483694, -0.728847, -0.484615, 0.136014, 0.256575, -0.411306, 0.874647, 0.103905, -0.836731, -0.547451, -0.011943, -0.048022, 0.0, 0.0, 0.0, 1.0],
                [0.436636, -0.719446, -0.540166, 0.136141, 0.241418, -0.48472, 0.840703, 0.116456, -0.866587, -0.497533, -0.037959, -0.055652, 0.0, 0.0, 0.0, 1.0],
                [0.391326, -0.702487, -0.594482, 0.13627, 0.211283, -0.560182, 0.800988, 0.129008, -0.895618, -0.439092, -0.070791, -0.063285, 0.0, 0.0, 0.0, 1.0],
                [0.349169, -0.677408, -0.647482, 0.1364, 0.168814, -0.634223, 0.754519, 0.141561, -0.921679, -0.372793, -0.107095, -0.070914, 0.0, 0.0, 0.0, 1.0],
                [0.311427, -0.646089, -0.696859, 0.123902, 0.116623, -0.701833, 0.702763, 0.139496, -0.943038, -0.300157, -0.143221, -0.07635, 0.0, 0.0, 0.0, 1.0],
                [0.277796, -0.611866, -0.740594, 0.111404, 0.057399, -0.759026, 0.648568, 0.137432, -0.958875, -0.222699, -0.175734, -0.081784, 0.0, 0.0, 0.0, 1.0],
                [0.240036, -0.553377, -0.79761, 0.098906, -0.036447, -0.826231, 0.56221, 0.135368, -0.970032, -0.105889, -0.218495, -0.087217, 0.0, 0.0, 0.0, 1.0],
                [0.216868, -0.483467, -0.848085, 0.086408, -0.125186, -0.875405, 0.466978, 0.133302, -0.968092, 0.004896, -0.250371, -0.092651, 0.0, 0.0, 0.0, 1.0],
                [0.207075, -0.404532, -0.890778, 0.07391, -0.198286, -0.909015, 0.366675, 0.131238, -0.957971, 0.10071, -0.268448, -0.098086, 0.0, 0.0, 0.0, 1.0],
                [0.202896, -0.321204, -0.925024, 0.072848, -0.252774, -0.92988, 0.267409, 0.118836, -0.945962, 0.179583, -0.269861, -0.10151, 0.0, 0.0, 0.0, 1.0],
                [0.197147, -0.23894, -0.950812, 0.071786, -0.282186, -0.942677, 0.178356, 0.106434, -0.938834, 0.233166, -0.253271, -0.104934, 0.0, 0.0, 0.0, 1.0],
                [0.183023, -0.161623, -0.969733, 0.070726, -0.293412, -0.950462, 0.103013, 0.094033, -0.938252, 0.265703, -0.221378, -0.108358, 0.0, 0.0, 0.0, 1.0],
                [0.197537, -0.213026, -0.95687, 0.069665, -0.321359, -0.93628, 0.142074, 0.08163, -0.926073, 0.279462, -0.253408, -0.111783, 0.0, 0.0, 0.0, 1.0],
                [0.200091, -0.236472, -0.950815, 0.068605, -0.343846, -0.925705, 0.157838, 0.069228, -0.917409, 0.29538, -0.266535, -0.115208, 0.0, 0.0, 0.0, 1.0],
                [0.200288, -0.257964, -0.945168, 0.064254, -0.361376, -0.916185, 0.173443, 0.074228, -0.910603, 0.306852, -0.276722, -0.11917, 0.0, 0.0, 0.0, 1.0],
                [0.198502, -0.278208, -0.939789, 0.059901, -0.374396, -0.907715, 0.1896, 0.079229, -0.905721, 0.314247, -0.284343, -0.123129, 0.0, 0.0, 0.0, 1.0],
                [0.195044, -0.297925, -0.934454, 0.055551, -0.383327, -0.900166, 0.206948, 0.084227, -0.902732, 0.317868, -0.289774, -0.127093, 0.0, 0.0, 0.0, 1.0],
                [0.189399, -0.316476, -0.929505, 0.051199, -0.386567, -0.894261, 0.225671, 0.089228, -0.902552, 0.316604, -0.291711, -0.131054, 0.0, 0.0, 0.0, 1.0],
                [0.183387, -0.33411, -0.924526, 0.046848, -0.386355, -0.88933, 0.244716, 0.094227, -0.903884, 0.312347, -0.292176, -0.135014, 0.0, 0.0, 0.0, 1.0],
                [0.176836, -0.350919, -0.919562, 0.046191, -0.383121, -0.885179, 0.264082, 0.094606, -0.906561, 0.305634, -0.290976, -0.135492, 0.0, 0.0, 0.0, 1.0],
                [0.169606, -0.366855, -0.914693, 0.045529, -0.377313, -0.881631, 0.283591, 0.094986, -0.91037, 0.297056, -0.287949, -0.13597, 0.0, 0.0, 0.0, 1.0],
                [0.16212, -0.379912, -0.910713, 0.044872, -0.368027, -0.879647, 0.301397, 0.095366, -0.915521, 0.286331, -0.282426, -0.136448, 0.0, 0.0, 0.0, 1.0],
                [0.154711, -0.390593, -0.907477, 0.044212, -0.357638, -0.87842, 0.317073, 0.095747, -0.920905, 0.27552, -0.275592, -0.136924, 0.0, 0.0, 0.0, 1.0],
                [0.149817, -0.396938, -0.905544, 0.043554, -0.350312, -0.877814, 0.326783, 0.096128, -0.924523, 0.268291, -0.270563, -0.137401, 0.0, 0.0, 0.0, 1.0],
                [0.142521, -0.40203, -0.904475, 0.042893, -0.338217, -0.878618, 0.3372, 0.09651, -0.930163, 0.257876, -0.261195, -0.137878, 0.0, 0.0, 0.0, 1.0],
                [0.135516, -0.403374, -0.904953, 0.042234, -0.326309, -0.88063, 0.343625, 0.096888, -0.935448, 0.248751, -0.250964, -0.138355, 0.0, 0.0, 0.0, 1.0],
                [0.13176, -0.411794, -0.90171, 0.041576, -0.324205, -0.877554, 0.353346, 0.097268, -0.936716, 0.245806, -0.249132, -0.138832, 0.0, 0.0, 0.0, 1.0],
                [0.155344, -0.460574, -0.873933, 0.040916, -0.335061, -0.856834, 0.391956, 0.097648, -0.929252, 0.231955, -0.287425, -0.139311, 0.0, 0.0, 0.0, 1.0],
                [0.179248, -0.50756, -0.842779, 0.040257, -0.34876, -0.833838, 0.427944, 0.098029, -0.919861, 0.21724, -0.32648, -0.139787, 0.0, 0.0, 0.0, 1.0],
                [0.203675, -0.532412, -0.821631, 0.03932, -0.355108, -0.822284, 0.444747, 0.098646, -0.912318, 0.201203, -0.356542, -0.14051, 0.0, 0.0, 0.0, 1.0],
                [0.227514, -0.543834, -0.807779, 0.038384, -0.359539, -0.817871, 0.449301, 0.099263, -0.904919, 0.188223, -0.381606, -0.141237, 0.0, 0.0, 0.0, 1.0],
                [0.251958, -0.542116, -0.801655, 0.037448, -0.361093, -0.821257, 0.441817, 0.099882, -0.897796, 0.17817, -0.402676, -0.141962, 0.0, 0.0, 0.0, 1.0],
                [0.275553, -0.529747, -0.802159, 0.03651, -0.360005, -0.830646, 0.424828, 0.100498, -0.891277, 0.171735, -0.419598, -0.142687, 0.0, 0.0, 0.0, 1.0],
                [0.299189, -0.508408, -0.807481, 0.035572, -0.355899, -0.844676, 0.399896, 0.101116, -0.885284, 0.167753, -0.433659, -0.143411, 0.0, 0.0, 0.0, 1.0],
                [0.321911, -0.479922, -0.816126, 0.034634, -0.348215, -0.861648, 0.369281, 0.101732, -0.880357, 0.165328, -0.444489, -0.144134, 0.0, 0.0, 0.0, 1.0],
                [0.344285, -0.450824, -0.823551, 0.033697, -0.339709, -0.877604, 0.338338, 0.102351, -0.875199, 0.163298, -0.455294, -0.144857, 0.0, 0.0, 0.0, 1.0],
                [0.366628, -0.415645, -0.832363, 0.032762, -0.330509, -0.894537, 0.301057, 0.102967, -0.869629, 0.164744, -0.465336, -0.145583, 0.0, 0.0, 0.0, 1.0],
                [0.39023, -0.374624, -0.841058, 0.031825, -0.323173, -0.911139, 0.255842, 0.103585, -0.862084, 0.171987, -0.476621, -0.146306, 0.0, 0.0, 0.0, 1.0],
                [0.414008, -0.328642, -0.848874, 0.030889, -0.316248, -0.926439, 0.204383, 0.104202, -0.853516, 0.183856, -0.487485, -0.147033, 0.0, 0.0, 0.0, 1.0],
                [0.436648, -0.270131, -0.858113, 0.02995, -0.309375, -0.940812, 0.138697, 0.10482, -0.844708, 0.204937, -0.494375, -0.147757, 0.0, 0.0, 0.0, 1.0],
                [0.456805, -0.189846, -0.869064, 0.029013, -0.299461, -0.952803, 0.050698, 0.105437, -0.83759, 0.237115, -0.492096, -0.148483, 0.0, 0.0, 0.0, 1.0],
                [0.473546, -0.165857, -0.865002, 0.028076, -0.288346, -0.957225, 0.025653, 0.106055, -0.832177, 0.237295, -0.501113, -0.149206, 0.0, 0.0, 0.0, 1.0],
                [0.458377, -0.189416, -0.86833, 0.02714, -0.268969, -0.96082, 0.067573, 0.106672, -0.847025, 0.2026, -0.491363, -0.14993, 0.0, 0.0, 0.0, 1.0],
                [0.450951, -0.211302, -0.867168, 0.026202, -0.243958, -0.963804, 0.107949, 0.10729, -0.858506, 0.162889, -0.486176, -0.150654, 0.0, 0.0, 0.0, 1.0],
                [0.444089, -0.233303, -0.865068, 0.024382, -0.218328, -0.964627, 0.148037, 0.103752, -0.86892, 0.123139, -0.479316, -0.139853, 0.0, 0.0, 0.0, 1.0],
                [0.437555, -0.258439, -0.861246, 0.022564, -0.190185, -0.962787, 0.192248, 0.100214, -0.878795, 0.079685, -0.470423, -0.12905, 0.0, 0.0, 0.0, 1.0],
                [0.430944, -0.285459, -0.856032, 0.020746, -0.160682, -0.957811, 0.23847, 0.096677, -0.887904, 0.034785, -0.45863, -0.118247, 0.0, 0.0, 0.0, 1.0],
                [0.425159, -0.312382, -0.8495, 0.018927, -0.130605, -0.949957, 0.283917, 0.09314, -0.895594, -0.009761, -0.444681, -0.107444, 0.0, 0.0, 0.0, 1.0],
                [0.419737, -0.338169, -0.842293, 0.017105, -0.09916, -0.939583, 0.327774, 0.089602, -0.902162, -0.054062, -0.42791, -0.096639, 0.0, 0.0, 0.0, 1.0],
                [0.415162, -0.363748, -0.833862, 0.021778, -0.067299, -0.926408, 0.370569, 0.086062, -0.907203, -0.097737, -0.409089, -0.091053, 0.0, 0.0, 0.0, 1.0],
                [0.410897, -0.38671, -0.825602, 0.026445, -0.034066, -0.911514, 0.409954, 0.082521, -0.910994, -0.140337, -0.387711, -0.085463, 0.0, 0.0, 0.0, 1.0],
                [0.945482, 0.067158, 0.318674, 0.133848, 0.064694, -0.997738, 0.018325, 0.001085, 0.319184, 0.00329, -0.947687, 0.043039, 0.0, 0.0, 0.0, 1.0]
            ]
        },
        {
            "name": "Leg_R",
            "time": [0.0, 0.0667, 0.1, 0.1333, 0.1667, 0.2, 0.2333, 0.2667, 0.3, 0.3333, 0.3667, 0.4, 0.4333, 0.4667, 0.5, 0.5333, 0.5667, 0.6, 0.6333, 0.6667, 0.7, 0.7333, 0.7667, 0.8, 0.8333, 0.8667, 0.9, 0.9333, 0.9667, 1.0, 1.0333, 1.0667, 1.1, 1.1333, 1.1667, 1.2, 1.2333, 1.2667, 1.3, 1.3333, 1.3667, 1.4, 1.4333, 1.4667, 1.5, 1.5333, 1.5667, 1.6, 1.6333, 1.6667, 1.7, 1.7333, 1.7667, 1.8, 1.8333, 1.8667, 1.9, 1.9333, 1.9667, 2.0, 2.0333, 2.0667, 2.1, 2.1333, 2.1667, 2.2, 2.2333, 2.2667, 2.3, 2.3333, 2.3667, 2.4, 2.4333, 2.4667, 2.5, 2.5333, 2.5667, 2.6, 2.6333, 2.6667, 2.7, 2.7333, 2.7667, 2.8, 2.8333, 2.8667, 2.9, 2.9333, 2.9667, 3.0, 3.0333, 3.0667, 3.1, 3.1333, 3.1667, 3.2, 3.2333, 3.2667, 3.3, 3.3333, 3.3667, 3.4, 4.1667],
            "transform": [
                [1.000002, 0.001608, -0.001109, 0.0, -0.00111, 0.934967, 0.354727, 0.37472, 0.001607, -0.354724, 0.934969, 0.0, 0.0, 0.0, 0.0, 1.0],
                [0.999949, 0.001894, -0.000488, -0.0, -0.000489, 0.483632, 0.875269, 0.37472, 0.001893, -0.875357, 0.483582, -0.0, 0.0, 0.0, 0.0, 1.0],
                [0.999947, 0.001968, -5.9e-05, 0.0, -5.9e-05, 0.060076, 0.99816, 0.37472, 0.001968, -0.998278, 0.060069, 1e-06, 0.0, 0.0, 0.0, 1.0],
                [0.999949, 0.001955, 4.1e-05, 0.0, 4.2e-05, -0.042528, 0.999059, 0.37472, 0.001955, -0.99918, -0.042523, -0.0, 0.0, 0.0, 0.0, 1.0],
                [0.999949, 0.001873, -0.00058, 0.0, -0.000579, 0.564624, 0.825358, 0.37472, 0.001873, -0.825433, 0.564572, 0.0, 0.0, 0.0, 0.0, 1.0],
                [0.999949, 0.001864, -0.000586, 0.0, -0.000584, 0.571516, 0.820602, 0.37472, 0.001865, -0.820677, 0.571462, -0.0, 0.0, 0.0, 0.0, 1.0],
                [0.999949, 0.001904, -0.000444, -0.0, -0.000443, 0.441899, 0.897057, 0.37472, 0.001904, -0.89715, 0.441852, 0.0, 0.0, 0.0, 0.0, 1.0],
                [0.999949, 0.00193, -0.000309, -1e-06, -0.000308, 0.311944, 0.950078, 0.37472, 0.00193, -0.950186, 0.311908, -0.0, 0.0, 0.0, 0.0, 1.0],
                [0.999949, 0.001962, 5e-06, -0.0, 7e-06, -0.005854, 0.999947, 0.37472, 0.001962, -1.000067, -0.005853, 0.0, 0.0, 0.0, 0.0, 1.0],
                [0.999949, 0.001917, 0.00039, 0.0, 0.000388, -0.389844, 0.920868, 0.37472, 0.001917, -0.920966, -0.389801, 0.0, 0.0, 0.0, 0.0, 1.0],
                [0.999949, 0.001937, -0.00082, 0.0, -0.000824, 0.719341, 0.694695, 0.37472, 0.001936, -0.694746, 0.719286, -0.0, 0.0, 0.0, 0.0, 1.0],
                [0.999949, 0.001389, -0.001374, -0.0, -0.001376, 1.0, 0.008982, 0.37472, 0.001386, -0.00898, 0.999968, 0.0, 0.0, 0.0, 0.0, 1.0],
                [0.999948, 0.001815, -0.000761, -1e-06, -0.000763, 0.713862, 0.700324, 0.37472, 0.001814, -0.700377, 0.713806, -0.0, 0.0, 0.0, 0.0, 1.0],
                [0.999948, 0.001909, -0.000419, 1e-06, -0.000421, 0.419869, 0.907574, 0.37472, 0.001909, -0.90767, 0.419824, -0.0, 0.0, 0.0, 0.0, 1.0],
                [0.999948, 0.001916, -0.000387, -0.0, -0.000389, 0.389083, 0.921188, 0.37472, 0.001915, -0.921289, 0.38904, -0.0, 0.0, 0.0, 0.0, 1.0],
                [0.999948, 0.001934, -0.000306, -1e-06, -0.00031, 0.310425, 0.950576, 0.374721, 0.001934, -0.950683, 0.31039, -0.0, 0.0, 0.0, 0.0, 1.0],
                [0.999948, 0.001953, -7.4e-05, -0.0, -7.7e-05, 0.077577, 0.996951, 0.374721, 0.001953, -0.997073, 0.077567, 0.0, 0.0, 0.0, 0.0, 1.0],
                [0.999949, 0.001955, 3.2e-05, 1e-06, 2.9e-05, -0.030792, 0.99949, 0.37472, 0.001954, -0.999611, -0.030788, -1e-06, 0.0, 0.0, 0.0, 1.0],
                [0.999948, 0.001952, 0.000107, -0.0, 0.000104, -0.108289, 0.994085, 0.37472, 0.001952, -0.994205, -0.108275, 0.0, 0.0, 0.0, 0.0, 1.0],
                [0.999949, 0.00195, 0.00014, 0.0, 0.000137, -0.141196, 0.989948, 0.37472, 0.00195, -0.990066, -0.141179, -0.0, 0.0, 0.0, 0.0, 1.0],
                [0.999949, 0.001948, 0.000162, 0.0, 0.000159, -0.163685, 0.98648, 0.37472, 0.001948, -0.986598, -0.163665, -1e-06, 0.0, 0.0, 0.0, 1.0],
                [0.99995, 0.001946, 0.000177, -0.0, 0.000174, -0.178806, 0.983853, 0.37472, 0.001946, -0.983968, -0.178785, -0.0, 0.0, 0.0, 0.0, 1.0],
                [0.99995, 0.001945, 0.000185, -1e-06, 0.000183, -0.187637, 0.982207, 0.374721, 0.001945, -0.982322, -0.187615, 1e-06, 0.0, 0.0, 0.0, 1.0],
                [0.99995, 0.001944, 0.000191, 0.0, 0.000188, -0.193331, 0.981103, 0.37472, 0.001944, -0.981217, -0.193308, -1e-06, 0.0, 0.0, 0.0, 1.0],
                [0.99995, 0.001944, 0.000196, 0.0, 0.000194, -0.199019, 0.979965, 0.37472, 0.001944, -0.980079, -0.198995, -0.0, 0.0, 0.0, 0.0, 1.0],
