{
    "animation": [
        {
            "name": "Root",
            "time": [0.0, 0.0333, 0.0667, 0.1, 0.1333, 0.1667, 0.2, 0.2333, 0.2667, 0.3, 0.3333, 0.3667, 0.4, 0.4333, 0.4667, 0.5, 0.5333, 0.5667, 0.6, 0.6333, 0.6667, 0.7, 0.7333, 0.7667, 0.8, 0.8333, 0.8667, 0.9, 0.9333, 0.9667, 1.0, 1.0333, 1.0667, 1.1, 1.1333, 1.1667, 1.2, 1.2333, 1.2667, 1.3, 1.3333, 1.3667, 1.4, 1.4333, 1.4667, 1.5, 1.5333, 1.5667, 1.6, 1.6333, 1.6667, 1.7, 1.7333],
            "transform": [
                [0.873737, 0.000491, -0.486399, -0.092365, -0.486322, 0.018686, -0.873581, -0.168038, 0.00866, 0.999825, 0.016566, 0.700949, 0.0, 0.0, 0.0, 1.0],
                [0.872567, 0.000493, -0.488496, -0.092365, -0.488419, 0.018686, -0.87241, -0.168038, 0.008698, 0.999825, 0.016545, 0.700416, 0.0, 0.0, 0.0, 1.0],
                [0.871391, 0.000495, -0.49059, -0.092365, -0.490513, 0.018685, -0.871235, -0.168038, 0.008735, 0.999825, 0.016525, 0.698708, 0.0, 0.0, 0.0, 1.0],
                [0.870211, 0.000498, -0.49268, -0.092677, -0.492602, 0.018685, -0.870055, -0.168038, 0.008773, 0.999825, 0.016505, 0.696133, 0.0, 0.0, 0.0, 1.0],
                [0.869027, 0.0005, -0.494766, -0.093281, -0.494688, 0.018684, -0.86887, -0.168038, 0.00881, 0.999825, 0.016484, 0.692995, 0.0, 0.0, 0.0, 1.0],
                [0.867838, 0.000502, -0.496849, -0.094121, -0.49677, 0.018683, -0.867682, -0.168038, 0.008847, 0.999825, 0.016464, 0.689599, 0.0, 0.0, 0.0, 1.0],
                [0.868807, 0.0005, -0.495151, -0.095142, -0.495073, 0.018684, -0.868651, -0.168038, 0.008817, 0.999825, 0.01648, 0.686252, 0.0, 0.0, 0.0, 1.0],
                [0.870828, 0.000496, -0.49159, -0.096286, -0.491512, 0.018685, -0.870671, -0.168038, 0.008753, 0.999825, 0.016515, 0.680618, 0.0, 0.0, 0.0, 1.0],
                [0.875424, 0.000488, -0.483357, -0.097502, -0.48328, 0.018687, -0.875267, -0.168038, 0.008606, 0.999825, 0.016595, 0.675145, 0.0, 0.0, 0.0, 1.0],
                [0.881673, 0.000475, -0.471862, -0.101281, -0.471788, 0.01869, -0.881515, -0.168038, 0.0084, 0.999825, 0.016703, 0.670087, 0.0, 0.0, 0.0, 1.0],
                [0.888974, 0.00046, -0.457958, -0.10591, -0.457885, 0.018694, -0.888815, -0.168038, 0.008152, 0.999825, 0.016829, 0.665697, 0.0, 0.0, 0.0, 1.0],
                [0.896982, 0.000444, -0.442069, -0.111385, -0.441999, 0.018698, -0.896822, -0.168038, 0.007868, 0.999825, 0.016968, 0.662229, 0.0, 0.0, 0.0, 1.0],
                [0.911092, 0.000412, -0.412205, -0.117706, -0.412139, 0.018705, -0.91093, -0.168038, 0.007335, 0.999825, 0.017212, 0.659936, 0.0, 0.0, 0.0, 1.0],
                [0.925447, 0.000377, -0.378877, -0.126746, -0.378817, 0.018712, -0.925284, -0.168038, 0.006741, 0.999825, 0.01746, 0.661204, 0.0, 0.0, 0.0, 1.0],
                [0.938987, 0.000341, -0.343953, -0.136217, -0.343899, 0.018719, -0.938821, -0.168038, 0.006118, 0.999825, 0.017694, 0.662463, 0.0, 0.0, 0.0, 1.0],
                [0.947962, 0.000315, -0.318385, -0.146084, -0.318335, 0.018723, -0.947794, -0.168038, 0.005663, 0.999825, 0.017849, 0.663727, 0.0, 0.0, 0.0, 1.0],
                [0.951815, 0.000303, -0.306674, -0.156326, -0.306626, 0.018725, -0.951647, -0.168038, 0.005454, 0.999825, 0.017916, 0.665013, 0.0, 0.0, 0.0, 1.0],
                [0.954691, 0.000294, -0.297601, -0.16134, -0.297554, 0.018727, -0.954522, -0.168038, 0.005292, 0.999825, 0.017966, 0.66862, 0.0, 0.0, 0.0, 1.0],
                [0.956779, 0.000287, -0.290818, -0.167258, -0.290772, 0.018728, -0.95661, -0.168038, 0.005172, 0.999825, 0.018002, 0.672108, 0.0, 0.0, 0.0, 1.0],
                [0.958786, 0.00028, -0.284132, -0.17411, -0.284087, 0.018729, -0.958616, -0.168038, 0.005053, 0.999824, 0.018037, 0.675141, 0.0, 0.0, 0.0, 1.0],
                [0.960719, 0.000274, -0.277525, -0.181916, -0.277481, 0.01873, -0.960549, -0.168038, 0.004935, 0.999825, 0.01807, 0.677388, 0.0, 0.0, 0.0, 1.0],
                [0.962587, 0.000267, -0.270976, -0.186228, -0.270933, 0.018731, -0.962417, -0.168038, 0.004818, 0.999825, 0.018102, 0.678513, 0.0, 0.0, 0.0, 1.0],
                [0.964396, 0.000261, -0.264466, -0.190567, -0.264424, 0.018732, -0.964225, -0.168038, 0.004703, 0.999824, 0.018134, 0.678635, 0.0, 0.0, 0.0, 1.0],
                [0.966152, 0.000254, -0.257975, -0.191994, -0.257934, 0.018732, -0.965982, -0.168038, 0.004587, 0.999825, 0.018164, 0.678225, 0.0, 0.0, 0.0, 1.0],
                [0.967863, 0.000248, -0.251481, -0.192645, -0.251441, 0.018733, -0.967692, -0.168038, 0.004471, 0.999824, 0.018193, 0.677472, 0.0, 0.0, 0.0, 1.0],
                [0.968026, 0.000247, -0.250851, -0.192708, -0.250812, 0.018733, -0.967855, -0.168038, 0.00446, 0.999825, 0.018196, 0.676568, 0.0, 0.0, 0.0, 1.0],
                [0.968183, 0.000246, -0.250248, -0.192368, -0.250208, 0.018733, -0.968012, -0.168038, 0.004449, 0.999825, 0.018199, 0.675704, 0.0, 0.0, 0.0, 1.0],
                [0.968325, 0.000246, -0.249697, -0.191806, -0.249657, 0.018734, -0.968154, -0.168038, 0.00444, 0.999825, 0.018202, 0.672346, 0.0, 0.0, 0.0, 1.0],
                [0.968446, 0.000245, -0.249225, -0.191217, -0.249186, 0.018733, -0.968275, -0.168038, 0.004431, 0.999825, 0.018203, 0.668878, 0.0, 0.0, 0.0, 1.0],
                [0.96828, 0.000246, -0.249868, -0.188602, -0.249829, 0.018733, -0.96811, -0.168038, 0.004443, 0.999825, 0.018201, 0.665295, 0.0, 0.0, 0.0, 1.0],
                [0.967662, 0.000248, -0.252253, -0.18575, -0.252213, 0.018733, -0.967491, -0.168038, 0.004485, 0.999824, 0.01819, 0.661596, 0.0, 0.0, 0.0, 1.0],
                [0.966675, 0.000252, -0.256012, -0.18254, -0.255972, 0.018733, -0.966503, -0.168038, 0.004552, 0.999824, 0.018173, 0.657777, 0.0, 0.0, 0.0, 1.0],
                [0.965164, 0.000258, -0.261651, -0.17885, -0.261609, 0.018732, -0.964993, -0.168038, 0.004653, 0.999825, 0.018147, 0.653836, 0.0, 0.0, 0.0, 1.0],
                [0.963003, 0.000266, -0.269492, -0.17456, -0.26945, 0.018731, -0.962833, -0.168038, 0.004792, 0.999825, 0.018109, 0.649772, 0.0, 0.0, 0.0, 1.0],
                [0.960498, 0.000274, -0.278287, -0.169549, -0.278242, 0.01873, -0.960329, -0.168038, 0.004949, 0.999825, 0.018066, 0.647309, 0.0, 0.0, 0.0, 1.0],
                [0.956642, 0.000288, -0.291268, -0.163694, -0.291222, 0.018728, -0.956473, -0.168038, 0.00518, 0.999825, 0.017999, 0.645032, 0.0, 0.0, 0.0, 1.0],
                [0.952623, 0.000301, -0.304154, -0.156878, -0.304105, 0.018726, -0.952455, -0.168038, 0.005409, 0.999825, 0.01793, 0.642919, 0.0, 0.0, 0.0, 1.0],
                [0.948445, 0.000314, -0.316942, -0.152027, -0.316892, 0.018724, -0.948278, -0.168038, 0.005637, 0.999825, 0.017858, 0.640946, 0.0, 0.0, 0.0, 1.0],
                [0.94411, 0.000327, -0.329631, -0.147603, -0.329579, 0.018721, -0.943943, -0.168038, 0.005863, 0.999825, 0.017783, 0.640939, 0.0, 0.0, 0.0, 1.0],
                [0.93656, 0.000348, -0.350509, -0.138406, -0.350453, 0.018718, -0.936394, -0.168038, 0.006235, 0.999825, 0.017652, 0.643415, 0.0, 0.0, 0.0, 1.0],
                [0.928531, 0.000369, -0.371256, -0.129057, -0.371197, 0.018714, -0.928366, -0.168038, 0.006605, 0.999825, 0.017514, 0.646699, 0.0, 0.0, 0.0, 1.0],
                [0.920086, 0.00039, -0.391718, -0.120071, -0.391656, 0.01871, -0.919923, -0.168038, 0.00697, 0.999825, 0.017367, 0.650349, 0.0, 0.0, 0.0, 1.0],
                [0.911299, 0.000411, -0.411746, -0.111983, -0.411681, 0.018705, -0.911137, -0.168038, 0.007327, 0.999825, 0.017215, 0.654228, 0.0, 0.0, 0.0, 1.0],
                [0.904255, 0.000427, -0.426994, -0.105321, -0.426927, 0.018702, -0.904093, -0.168038, 0.007599, 0.999825, 0.017094, 0.658226, 0.0, 0.0, 0.0, 1.0],
                [0.897341, 0.000443, -0.441339, -0.100415, -0.441269, 0.018698, -0.897181, -0.168038, 0.007855, 0.999825, 0.016974, 0.662134, 0.0, 0.0, 0.0, 1.0],
                [0.893551, 0.000451, -0.448963, -0.096815, -0.448893, 0.018696, -0.89339, -0.168038, 0.007991, 0.999825, 0.016908, 0.663584, 0.0, 0.0, 0.0, 1.0],
                [0.889702, 0.000459, -0.456543, -0.093933, -0.456471, 0.018694, -0.889543, -0.168038, 0.008127, 0.999825, 0.016842, 0.665475, 0.0, 0.0, 0.0, 1.0],
                [0.885795, 0.000467, -0.464077, -0.093655, -0.464003, 0.018692, -0.885637, -0.168038, 0.008261, 0.999825, 0.016774, 0.667722, 0.0, 0.0, 0.0, 1.0],
                [0.881832, 0.000475, -0.471564, -0.09339, -0.47149, 0.01869, -0.881675, -0.168038, 0.008395, 0.999825, 0.016706, 0.670239, 0.0, 0.0, 0.0, 1.0],
                [0.877813, 0.000483, -0.479005, -0.093133, -0.478929, 0.018688, -0.877656, -0.168038, 0.008528, 0.999825, 0.016636, 0.672941, 0.0, 0.0, 0.0, 1.0],
                [0.873737, 0.000491, -0.486399, -0.09288, -0.486322, 0.018686, -0.873581, -0.168038, 0.00866, 0.999825, 0.016566, 0.675745, 0.0, 0.0, 0.0, 1.0],
                [0.873737, 0.000491, -0.486399, -0.092625, -0.486322, 0.018686, -0.873581, -0.168038, 0.00866, 0.999825, 0.016566, 0.675745, 0.0, 0.0, 0.0, 1.0],
                [0.873737, 0.000491, -0.486399, -0.092365, -0.486322, 0.018686, -0.873581, -0.168038, 0.00866, 0.999825, 0.016566, 0.675745, 0.0, 0.0, 0.0, 1.0]
            ]
        },
        {
            "name": "Thigh_R",
            "time": [0.0, 0.0333, 0.0667, 0.1, 0.1333, 0.1667, 0.2, 0.2333, 0.2667, 0.3, 0.3333, 0.3667, 0.4, 0.4333, 0.4667, 0.5, 0.5333, 0.5667, 0.6, 0.6333, 0.6667, 0.7, 0.7333, 0.7667, 0.8, 0.8333, 0.8667, 0.9, 0.9333, 0.9667, 1.0, 1.0333, 1.0667, 1.1, 1.1333, 1.1667, 1.2, 1.2333, 1.2667, 1.3, 1.3333, 1.3667, 1.4, 1.4333, 1.4667, 1.5, 1.5333, 1.5667, 1.6, 1.6333, 1.6667, 1.7333],
            "transform": [
                [0.998103, -0.059764, 0.011031, 0.179227, -0.060726, -0.974267, 0.217279, -0.000367, -0.002238, -0.217558, -0.976047, 0.076565, 0.0, 0.0, 0.0, 1.0],
                [0.998894, -0.045931, 0.001803, 0.179227, -0.045421, -0.980505, 0.191425, -0.000367, -0.007024, -0.191314, -0.981506, 0.076565, 0.0, 0.0, 0.0, 1.0],
                [0.999364, -0.033074, -0.009039, 0.179227, -0.03107, -0.98519, 0.168915, -0.000368, -0.014491, -0.168542, -0.985589, 0.076565, 0.0, 0.0, 0.0, 1.0],
                [0.999596, -0.018686, -0.019044, 0.179227, -0.015704, -0.989193, 0.146112, -0.000368, -0.021566, -0.145768, -0.989084, 0.076565, 0.0, 0.0, 0.0, 1.0],
                [0.999543, -0.003596, -0.028343, 0.179227, -7.8e-05, -0.99244, 0.123129, -0.000368, -0.028569, -0.123083, -0.991986, 0.076565, 0.0, 0.0, 0.0, 1.0],
                [0.999245, 0.011999, -0.035613, 0.179227, 0.015182, -0.995828, 0.090538, -0.000368, -0.034374, -0.091019, -0.995256, 0.076565, 0.0, 0.0, 0.0, 1.0],
                [0.998692, 0.026721, -0.042484, 0.179227, 0.029164, -0.997937, 0.058044, -0.000368, -0.040841, -0.059212, -0.99741, 0.076565, 0.0, 0.0, 0.0, 1.0],
                [0.997936, 0.039641, -0.049566, 0.179227, 0.041342, -0.998621, 0.033847, -0.000368, -0.048151, -0.035829, -0.998197, 0.076565, 0.0, 0.0, 0.0, 1.0],
                [0.997038, 0.049917, -0.05767, 0.179227, 0.050603, -0.998713, 0.010565, -0.000368, -0.057063, -0.013453, -0.99828, 0.076565, 0.0, 0.0, 0.0, 1.0],
                [0.996244, 0.053414, -0.067457, 0.179227, 0.05269, -0.998583, -0.012405, -0.000367, -0.068018, 0.008806, -0.997645, 0.076565, 0.0, 0.0, 0.0, 1.0],
                [0.995158, 0.061632, -0.075934, 0.179227, 0.059826, -0.997925, -0.025772, -0.000368, -0.077358, 0.021107, -0.99678, 0.076565, 0.0, 0.0, 0.0, 1.0],
                [0.993887, 0.072604, -0.082595, 0.179227, 0.071137, -0.997306, -0.020498, -0.000367, -0.083853, 0.014499, -0.996372, 0.076565, 0.0, 0.0, 0.0, 1.0],
                [0.992812, 0.079626, -0.088822, 0.179227, 0.079979, -0.996846, 0.000511, -0.000368, -0.088492, -0.007612, -0.996047, 0.076565, 0.0, 0.0, 0.0, 1.0],
                [0.992524, 0.08061, -0.091123, 0.179227, 0.084587, -0.995632, 0.040746, -0.000368, -0.087432, -0.048153, -0.995006, 0.076565, 0.0, 0.0, 0.0, 1.0],
                [0.99282, 0.077833, -0.090312, 0.179227, 0.086456, -0.991673, 0.095959, -0.000367, -0.082083, -0.103088, -0.99128, 0.076565, 0.0, 0.0, 0.0, 1.0],
                [0.99281, 0.078922, -0.089475, 0.179227, 0.087605, -0.991395, 0.097767, -0.000368, -0.080981, -0.104912, -0.99118, 0.076565, 0.0, 0.0, 0.0, 1.0],
                [0.992695, 0.079901, -0.089875, 0.179227, 0.089222, -0.990502, 0.105084, -0.000368, -0.080617, -0.112346, -0.990394, 0.076565, 0.0, 0.0, 0.0, 1.0],
                [0.993062, 0.071774, -0.092637, 0.179227, 0.087414, -0.980232, 0.177767, -0.000368, -0.078039, -0.184649, -0.979703, 0.076565, 0.0, 0.0, 0.0, 1.0],
                [0.993458, 0.063993, -0.09408, 0.179227, 0.085466, -0.965576, 0.245871, -0.000368, -0.0751, -0.252328, -0.964726, 0.076565, 0.0, 0.0, 0.0, 1.0],
                [0.993604, 0.052099, -0.099711, 0.179227, 0.080393, -0.948858, 0.305443, -0.000368, -0.07869, -0.311535, -0.946976, 0.076565, 0.0, 0.0, 0.0, 1.0],
                [0.992902, 0.039952, -0.111603, 0.179227, 0.07724, -0.932269, 0.353546, -0.000368, -0.08991, -0.359691, -0.928736, 0.076565, 0.0, 0.0, 0.0, 1.0],
                [0.992244, 0.02912, -0.120458, 0.179227, 0.074488, -0.917, 0.391976, -0.000368, -0.099036, -0.397947, -0.912055, 0.076565, 0.0, 0.0, 0.0, 1.0],
                [0.992045, 0.020496, -0.123823, 0.179227, 0.071228, -0.904282, 0.421048, -0.000368, -0.103331, -0.426559, -0.898547, 0.076565, 0.0, 0.0, 0.0, 1.0],
                [0.992382, 0.010486, -0.122368, 0.179227, 0.064229, -0.893581, 0.444373, -0.000368, -0.104676, -0.448891, -0.887445, 0.076565, 0.0, 0.0, 0.0, 1.0],
                [0.993537, 0.004914, -0.112977, 0.179227, 0.05647, -0.887167, 0.458066, -0.000368, -0.097969, -0.46153, -0.88171, 0.076565, 0.0, 0.0, 0.0, 1.0],
                [0.994585, -0.000528, -0.103467, 0.179227, 0.048592, -0.880498, 0.471635, -0.000367, -0.091343, -0.474155, -0.875703, 0.076565, 0.0, 0.0, 0.0, 1.0],
                [0.99591, -0.007212, -0.089535, 0.179227, 0.037356, -0.873267, 0.485886, -0.000368, -0.081684, -0.487291, -0.869424, 0.076565, 0.0, 0.0, 0.0, 1.0],
                [0.997565, -0.012389, -0.067937, 0.179227, 0.02201, -0.875469, 0.482851, -0.000368, -0.065453, -0.483217, -0.873064, 0.076565, 0.0, 0.0, 0.0, 1.0],
                [0.998724, -0.017736, -0.046258, 0.179227, 0.006629, -0.877539, 0.47954, -0.000368, -0.049093, -0.479282, -0.8763, 0.076565, 0.0, 0.0, 0.0, 1.0],
                [0.999218, -0.032364, -0.020478, 0.179227, -0.018246, -0.872503, 0.488347, -0.000368, -0.033669, -0.487639, -0.87241, 0.076565, 0.0, 0.0, 0.0, 1.0],
                [0.999054, -0.042376, 0.001105, 0.179227, -0.037132, -0.862428, 0.504889, -0.000368, -0.02044, -0.5045, -0.863184, 0.076565, 0.0, 0.0, 0.0, 1.0],
                [0.998509, -0.05092, 0.017036, 0.179227, -0.052467, -0.858141, 0.510797, -0.000368, -0.011389, -0.510979, -0.859533, 0.076565, 0.0, 0.0, 0.0, 1.0],
                [0.997473, -0.064056, 0.029157, 0.179227, -0.069949, -0.857019, 0.510585, -0.000368, -0.007717, -0.511383, -0.859333, 0.076565, 0.0, 0.0, 0.0, 1.0],
                [0.995894, -0.081743, 0.037668, 0.179227, -0.089607, -0.861809, 0.499329, -0.000368, -0.008353, -0.500703, -0.865594, 0.076564, 0.0, 0.0, 0.0, 1.0],
                [0.993952, -0.101027, 0.041941, 0.179227, -0.108655, -0.868064, 0.484493, -0.000368, -0.012538, -0.486167, -0.87379, 0.076565, 0.0, 0.0, 0.0, 1.0],
                [0.992905, -0.109417, 0.045532, 0.179227, -0.117522, -0.859901, 0.496821, -0.000368, -0.015206, -0.498696, -0.866658, 0.076565, 0.0, 0.0, 0.0, 1.0],
                [0.991922, -0.115982, 0.05043, 0.179227, -0.125563, -0.855875, 0.501781, -0.000368, -0.015034, -0.50411, -0.863523, 0.076565, 0.0, 0.0, 0.0, 1.0],
                [0.990398, -0.125155, 0.057931, 0.179227, -0.137461, -0.862543, 0.487027, -0.000368, -0.010985, -0.490361, -0.871464, 0.076564, 0.0, 0.0, 0.0, 1.0],
                [0.989434, -0.132678, 0.057648, 0.179227, -0.144153, -0.871515, 0.468781, -0.000368, -0.011955, -0.472184, -0.881432, 0.076565, 0.0, 0.0, 0.0, 1.0],
                [0.989093, -0.136838, 0.053644, 0.179227, -0.146269, -0.88115, 0.449728, -0.000368, -0.01427, -0.452713, -0.891554, 0.076565, 0.0, 0.0, 0.0, 1.0],
                [0.988826, -0.135426, 0.061567, 0.179227, -0.148719, -0.89153, 0.427941, -0.000368, -0.003065, -0.432357, -0.901707, 0.076565, 0.0, 0.0, 0.0, 1.0],
                [0.988508, -0.138377, 0.060096, 0.179227, -0.150844, -0.903362, 0.401576, -0.000367, -0.00128, -0.406066, -0.913852, 0.076565, 0.0, 0.0, 0.0, 1.0],
                [0.989191, -0.137623, 0.049689, 0.179227, -0.146139, -0.913282, 0.380317, -0.000368, -0.006959, -0.383505, -0.92352, 0.076565, 0.0, 0.0, 0.0, 1.0],
                [0.99022, -0.129934, 0.049899, 0.179227, -0.139169, -0.921594, 0.362462, -0.000368, -0.00111, -0.365896, -0.930663, 0.076565, 0.0, 0.0, 0.0, 1.0],
                [0.99116, -0.122386, 0.050289, 0.179227, -0.132224, -0.929383, 0.344745, -0.000368, 0.004545, -0.348381, -0.937348, 0.076565, 0.0, 0.0, 0.0, 1.0],
                [0.99264, -0.111991, 0.045064, 0.179227, -0.12061, -0.93514, 0.333243, -0.000368, 0.004821, -0.336258, -0.941764, 0.076565, 0.0, 0.0, 0.0, 1.0],
                [0.993981, -0.101524, 0.039991, 0.179227, -0.108993, -0.940614, 0.321642, -0.000368, 0.004961, -0.324096, -0.946016, 0.076565, 0.0, 0.0, 0.0, 1.0],
                [0.99513, -0.091411, 0.035556, 0.179227, -0.097849, -0.949906, 0.296977, -0.000368, 0.006627, -0.299039, -0.954222, 0.076564, 0.0, 0.0, 0.0, 1.0],
                [0.996117, -0.081895, 0.030806, 0.179227, -0.087189, -0.958354, 0.272116, -0.000368, 0.007237, -0.273772, -0.961771, 0.076565, 0.0, 0.0, 0.0, 1.0],
                [0.997266, -0.070001, 0.021534, 0.179227, -0.073138, -0.966875, 0.244738, -0.000368, 0.003688, -0.245668, -0.96935, 0.076565, 0.0, 0.0, 0.0, 1.0],
                [0.998103, -0.059764, 0.011031, 0.179227, -0.060726, -0.974268, 0.217279, -0.000368, -0.002238, -0.217558, -0.976047, 0.076565, 0.0, 0.0, 0.0, 1.0],
                [0.998103, -0.059764, 0.011031, 0.179227, -0.060726, -0.974268, 0.217279, -0.000368, -0.002238, -0.217558, -0.976047, 0.076565, 0.0, 0.0, 0.0, 1.0]
            ]
        },
        {
            "name": "Leg_R",
            "time": [0.0, 0.0333, 0.0667, 0.1, 0.1333, 0.1667, 0.2, 0.2333, 0.2667, 0.3, 0.3333, 0.3667, 0.4, 0.4333, 0.4667, 0.5, 0.5333, 0.5667, 0.6, 0.6333, 0.6667, 0.7, 0.7333, 0.7667, 0.8, 0.8333, 0.8667, 0.9, 0.9333, 0.9667, 1.0, 1.0333, 1.0667, 1.1, 1.1333, 1.1667, 1.2, 1.2333, 1.2667, 1.3, 1.3333, 1.3667, 1.4, 1.4333, 1.4667, 1.5, 1.5333, 1.5667, 1.6, 1.6333, 1.6667, 1.7333],
            "transform": [
                [0.999953, -0.001667, 0.001021, -0.0, 0.001018, 0.890013, 0.456017, 0.37472, -0.001668, -0.456038, 0.889968, 0.0, 0.0, 0.0, 0.0, 1.0],
                [0.999953, -0.001667, 0.001021, -0.0, 0.001019, 0.890337, 0.455384, 0.37472, -0.001668, -0.455405, 0.890292, -0.0, 0.0, 0.0, 0.0, 1.0],
                [0.999954, -0.001669, 0.001017, -0.0, 0.001015, 0.888276, 0.459389, 0.37472, -0.001671, -0.45941, 0.888232, 0.0, 0.0, 0.0, 0.0, 1.0],
                [0.999954, -0.001672, 0.001014, 0.0, 0.001012, 0.886199, 0.463384, 0.37472, -0.001673, -0.463406, 0.886154, 0.0, 0.0, 0.0, 0.0, 1.0],
                [0.999954, -0.001674, 0.00101, -0.0, 0.001008, 0.884102, 0.467371, 0.37472, -0.001675, -0.467394, 0.884057, -0.0, 0.0, 0.0, 0.0, 1.0],
                [0.999953, -0.001669, 0.001018, 0.0, 0.001016, 0.888713, 0.458544, 0.37472, -0.00167, -0.458565, 0.888668, 0.0, 0.0, 0.0, 0.0, 1.0],
                [0.999954, -0.001662, 0.00103, -0.0, 0.001028, 0.895136, 0.445877, 0.37472, -0.001663, -0.445897, 0.895092, -0.0, 0.0, 0.0, 0.0, 1.0],
                [0.999954, -0.001666, 0.001024, -0.0, 0.001022, 0.891782, 0.452545, 0.37472, -0.001667, -0.452566, 0.891738, -0.0, 0.0, 0.0, 0.0, 1.0],
                [0.999953, -0.00167, 0.001017, -0.0, 0.001016, 0.888381, 0.459187, 0.37472, -0.00167, -0.459208, 0.888337, 0.0, 0.0, 0.0, 0.0, 1.0],
                [0.999954, -0.00167, 0.001016, -0.0, 0.001014, 0.887726, 0.460451, 0.37472, -0.001671, -0.460472, 0.887681, -0.0, 0.0, 0.0, 0.0, 1.0],
                [0.999953, -0.001684, 0.000993, -0.0, 0.000991, 0.874595, 0.484929, 0.37472, -0.001685, -0.484952, 0.874549, -0.0, 0.0, 0.0, 0.0, 1.0],
                [0.999954, -0.001714, 0.00094, -0.0, 0.000939, 0.84307, 0.537867, 0.37472, -0.001714, -0.537896, 0.843022, 0.0, 0.0, 0.0, 0.0, 1.0],
                [0.999954, -0.001752, 0.000869, -0.0, 0.000868, 0.795841, 0.605557, 0.37472, -0.001752, -0.605595, 0.795789, 0.0, 0.0, 0.0, 0.0, 1.0],
                [0.999954, -0.001793, 0.000779, 0.0, 0.000778, 0.730877, 0.682546, 0.37472, -0.001793, -0.682595, 0.730822, 0.0, 0.0, 0.0, 0.0, 1.0],
                [0.999954, -0.00183, 0.000688, 0.0, 0.000687, 0.658668, 0.752455, 0.37472, -0.001831, -0.752517, 0.658612, 0.0, 0.0, 0.0, 0.0, 1.0],
                [0.999954, -0.001842, 0.000658, 0.0, 0.000657, 0.633282, 0.773938, 0.37472, -0.001842, -0.774004, 0.633227, 0.0, 0.0, 0.0, 0.0, 1.0],
                [0.999954, -0.001852, 0.000627, 0.0, 0.000626, 0.607196, 0.794565, 0.37472, -0.001852, -0.794635, 0.607141, -0.0, 0.0, 0.0, 0.0, 1.0],
                [0.999954, -0.001883, 0.000526, 0.0, 0.000525, 0.51814, 0.855294, 0.37472, -0.001883, -0.855379, 0.518088, 0.0, 0.0, 0.0, 0.0, 1.0],
                [0.999955, -0.001902, 0.000453, 0.0, 0.000452, 0.450102, 0.892966, 0.37472, -0.001902, -0.89306, 0.450054, 0.0, 0.0, 0.0, 0.0, 1.0],
                [0.999954, -0.001911, 0.000414, -0.0, 0.000414, 0.414024, 0.91025, 0.37472, -0.001911, -0.91035, 0.413978, 0.0, 0.0, 0.0, 0.0, 1.0],
                [0.999954, -0.001911, 0.000414, -0.0, 0.000414, 0.414024, 0.91025, 0.37472, -0.001911, -0.910349, 0.413978, -0.0, 0.0, 0.0, 0.0, 1.0],
                [0.999955, -0.001904, 0.000445, 0.0, 0.000444, 0.442832, 0.896592, 0.37472, -0.001904, -0.896687, 0.442785, 0.0, 0.0, 0.0, 0.0, 1.0],
                [0.999954, -0.001888, 0.000508, 0.0, 0.000507, 0.501035, 0.865424, 0.37472, -0.001888, -0.86551, 0.500983, 0.0, 0.0, 0.0, 0.0, 1.0],
                [0.999953, -0.001865, 0.000589, 0.0, 0.000588, 0.574071, 0.818813, 0.37472, -0.001865, -0.81889, 0.574016, -0.0, 0.0, 0.0, 0.0, 1.0],
                [0.999953, -0.001832, 0.000684, 0.0, 0.000683, 0.655237, 0.755445, 0.37472, -0.001832, -0.755508, 0.655181, -0.0, 0.0, 0.0, 0.0, 1.0],
                [0.999954, -0.001811, 0.000736, -0.0, 0.000734, 0.696924, 0.717174, 0.37472, -0.001812, -0.717229, 0.696869, -0.0, 0.0, 0.0, 0.0, 1.0],
                [0.999953, -0.001785, 0.000799, -0.0, 0.000797, 0.745381, 0.666678, 0.37472, -0.001785, -0.666725, 0.745326, -0.0, 0.0, 0.0, 0.0, 1.0],
                [0.999953, -0.001736, 0.000901, -0.0, 0.000899, 0.817327, 0.576232, 0.37472, -0.001736, -0.576266, 0.817275, -0.0, 0.0, 0.0, 0.0, 1.0],
                [0.999953, -0.001687, 0.000988, 0.0, 0.000987, 0.871829, 0.489885, 0.37472, -0.001688, -0.489909, 0.871782, -0.0, 0.0, 0.0, 0.0, 1.0],
                [0.999953, -0.001655, 0.001041, -0.0, 0.001039, 0.900755, 0.434414, 0.37472, -0.001656, -0.434434, 0.900711, 0.0, 0.0, 0.0, 0.0, 1.0],
                [0.999953, -0.001639, 0.001066, 0.0, 0.001063, 0.913553, 0.406814, 0.37472, -0.00164, -0.406831, 0.91351, -0.0, 0.0, 0.0, 0.0, 1.0],
                [0.999953, -0.001608, 0.001111, 0.0, 0.001109, 0.935011, 0.354726, 0.37472, -0.001609, -0.354739, 0.934971, -0.0, 0.0, 0.0, 0.0, 1.0],
                [0.999953, -0.001581, 0.001151, -0.0, 0.001149, 0.951468, 0.307873, 0.37472, -0.001582, -0.307883, 0.951429, 0.0, 0.0, 0.0, 0.0, 1.0],
                [0.999953, -0.001551, 0.00119, -0.0, 0.001187, 0.965578, 0.260261, 0.37472, -0.001552, -0.260269, 0.965542, 0.0, 0.0, 0.0, 0.0, 1.0],
                [0.999953, -0.001535, 0.00121, -0.0, 0.001208, 0.972125, 0.234625, 0.37472, -0.001537, -0.234632, 0.97209, -0.0, 0.0, 0.0, 0.0, 1.0],
                [0.999952, -0.001575, 0.001158, 0.0, 0.001156, 0.954047, 0.299787, 0.37472, -0.001577, -0.299797, 0.954009, 0.0, 0.0, 0.0, 0.0, 1.0],
                [0.999952, -0.001607, 0.001114, 0.0, 0.001112, 0.936004, 0.352098, 0.37472, -0.001608, -0.352111, 0.935964, -0.0, 0.0, 0.0, 0.0, 1.0],
                [0.999954, -0.001605, 0.001116, -0.0, 0.001113, 0.936866, 0.349798, 0.37472, -0.001607, -0.349811, 0.936826, -0.0, 0.0, 0.0, 0.0, 1.0],
                [0.999952, -0.001604, 0.001118, 0.0, 0.001116, 0.937723, 0.347495, 0.37472, -0.001605, -0.347508, 0.937683, 0.0, 0.0, 0.0, 0.0, 1.0],
                [0.999953, -0.001611, 0.001108, 0.0, 0.001106, 0.933379, 0.358999, 0.37472, -0.001613, -0.359013, 0.933339, 0.0, 0.0, 0.0, 0.0, 1.0],
                [0.999953, -0.001618, 0.001098, -0.0, 0.001096, 0.928894, 0.370449, 0.37472, -0.001619, -0.370464, 0.928853, 0.0, 0.0, 0.0, 0.0, 1.0],
                [0.999953, -0.00162, 0.001094, 0.0, 0.001092, 0.927057, 0.375022, 0.37472, -0.001622, -0.375036, 0.927016, -0.0, 0.0, 0.0, 0.0, 1.0],
                [0.999953, -0.001626, 0.001085, 0.0, 0.001082, 0.922771, 0.385447, 0.37472, -0.001628, -0.385462, 0.92273, -0.0, 0.0, 0.0, 0.0, 1.0],
                [0.999953, -0.001637, 0.001069, -0.0, 0.001067, 0.915067, 0.403396, 0.37472, -0.001638, -0.403413, 0.915024, 0.0, 0.0, 0.0, 0.0, 1.0],
                [0.999953, -0.001647, 0.001053, 0.0, 0.001051, 0.907113, 0.420976, 0.37472, -0.001649, -0.420994, 0.907071, 0.0, 0.0, 0.0, 0.0, 1.0],
                [0.999953, -0.001662, 0.001029, 0.0, 0.001026, 0.894502, 0.447148, 0.37472, -0.001664, -0.447169, 0.894457, 0.0, 0.0, 0.0, 0.0, 1.0],
                [0.999953, -0.001675, 0.001009, 0.0, 0.001007, 0.883769, 0.468003, 0.37472, -0.001676, -0.468026, 0.883723, -0.0, 0.0, 0.0, 0.0, 1.0],
                [0.999953, -0.001676, 0.001007, -0.0, 0.001005, 0.882432, 0.470518, 0.37472, -0.001677, -0.47054, 0.882387, 0.0, 0.0, 0.0, 0.0, 1.0],
                [0.999953, -0.001676, 0.001008, -0.0, 0.001005, 0.882768, 0.469888, 0.37472, -0.001677, -0.469911, 0.882722, 0.0, 0.0, 0.0, 0.0, 1.0],
                [0.999953, -0.001671, 0.001014, -0.0, 0.001011, 0.886253, 0.463282, 0.37472, -0.001673, -0.463303, 0.886208, 0.0, 0.0, 0.0, 0.0, 1.0],
                [0.999953, -0.001668, 0.00102, -0.0, 0.001018, 0.889689, 0.45665, 0.37472, -0.001669, -0.456671, 0.889643, 0.0, 0.0, 0.0, 0.0, 1.0],
                [0.999953, -0.001668, 0.00102, -0.0, 0.001018, 0.889689, 0.45665, 0.37472, -0.001669, -0.456671, 0.889643, 0.0, 0.0, 0.0, 0.0, 1.0]
            ]
        },
        {
            "name": "Knee_R",
            "time": [0.0, 1.7333],
            "transform": [
                [1.0, 0.0, -0.0, -0.0, -0.0, 1e-06, -1.0, 0.37472, -0.0, 1.0, 1e-06, 0.0, 0.0, 0.0, 0.0, 1.0],
                [1.0, 0.0, -0.0, -0.0, -0.0, 1e-06, -1.0, 0.37472, -0.0, 1.0, 1e-06, 0.0, 0.0, 0.0, 0.0, 1.0]
            ]
        },
        {
            "name": "Thigh_L",
            "time": [0.0, 0.0333, 0.0667, 0.1, 0.1333, 0.1667, 0.2, 0.2333, 0.2667, 0.3, 0.3333, 0.3667, 0.4, 0.4333, 0.4667, 0.5, 0.5333, 0.5667, 0.6, 0.6333, 0.6667, 0.7, 0.7333, 0.7667, 0.8, 0.8333, 0.8667, 0.9, 0.9333, 0.9667, 1.0, 1.0333, 1.0667, 1.1, 1.1333, 1.1667, 1.2, 1.2333, 1.2667, 1.3, 1.3333, 1.3667, 1.4, 1.4333, 1.4667, 1.5, 1.5333, 1.5667, 1.6, 1.6333, 1.6667, 1.7333],
            "transform": [
                [0.987914, -0.08343, -0.130641, -0.125325, -0.023891, -0.914682, 0.403469, 0.001085, -0.153156, -0.395471, -0.905619, 0.000368, 0.0, 0.0, 0.0, 1.0],
                [0.988447, -0.100212, -0.113711, -0.125324, -0.045705, -0.912386, 0.406773, 0.001119, -0.144512, -0.396876, -0.906425, 0.000521, 0.0, 0.0, 0.0, 1.0],
                [0.987832, -0.120033, -0.098907, -0.125327, -0.069961, -0.910878, 0.406702, 0.000863, -0.138909, -0.394833, -0.908191, 0.000428, 0.0, 0.0, 0.0, 1.0],
                [0.986647, -0.137343, -0.087563, -0.125329, -0.090116, -0.908098, 0.408945, 0.000454, -0.135682, -0.395592, -0.908348, 0.00025, 0.0, 0.0, 0.0, 1.0],
                [0.984766, -0.15455, -0.079704, -0.12533, -0.107867, -0.902425, 0.417125, -1.3e-05, -0.136393, -0.402172, -0.905348, 2.7e-05, 0.0, 0.0, 0.0, 1.0],
                [0.984178, -0.159656, -0.076843, -0.125329, -0.112806, -0.899027, 0.423114, -0.000444, -0.136636, -0.407751, -0.902812, -0.000201, 0.0, 0.0, 0.0, 1.0],
                [0.983834, -0.162272, -0.075779, -0.125327, -0.114096, -0.894046, 0.4332, -0.000746, -0.138047, -0.417549, -0.898107, -0.000393, 0.0, 0.0, 0.0, 1.0],
                [0.983698, -0.163274, -0.075388, -0.125326, -0.112158, -0.884673, 0.452519, -0.000825, -0.140579, -0.436686, -0.888563, -0.00051, 0.0, 0.0, 0.0, 1.0],
                [0.983949, -0.159821, -0.079402, -0.125328, -0.106206, -0.881981, 0.459161, -0.000559, -0.143415, -0.443357, -0.884798, -0.000453, 0.0, 0.0, 0.0, 1.0],
                [0.983321, -0.157915, -0.090251, -0.125321, -0.098455, -0.879339, 0.465906, 0.001509, -0.152934, -0.449248, -0.88022, 0.000199, 0.0, 0.0, 0.0, 1.0],
                [0.983463, -0.14878, -0.103288, -0.125292, -0.083585, -0.878743, 0.469918, 0.003058, -0.160679, -0.453513, -0.876647, 0.00048, 0.0, 0.0, 0.0, 1.0],
                [0.984199, -0.131774, -0.118279, -0.125262, -0.061936, -0.881967, 0.467224, 0.00409, -0.165886, -0.452515, -0.876192, 0.000514, 0.0, 0.0, 0.0, 1.0],
                [0.984645, -0.112344, -0.133626, -0.125236, -0.037809, -0.884492, 0.46502, 0.004837, -0.170433, -0.452827, -0.875157, 0.000478, 0.0, 0.0, 0.0, 1.0],
                [0.984224, -0.091085, -0.151685, -0.125207, -0.011459, -0.888327, 0.459069, 0.005544, -0.17656, -0.450089, -0.875355, 0.000445, 0.0, 0.0, 0.0, 1.0],
                [0.983118, -0.069351, -0.169324, -0.125175, 0.015133, -0.891402, 0.452961, 0.006229, -0.182349, -0.447876, -0.875303, 0.000386, 0.0, 0.0, 0.0, 1.0],
                [0.98185, -0.054173, -0.181769, -0.125181, 0.032588, -0.895912, 0.443034, 0.006088, -0.186849, -0.440915, -0.877885, 0.000441, 0.0, 0.0, 0.0, 1.0],
                [0.98033, -0.04212, -0.192822, -0.125189, 0.045664, -0.902054, 0.429202, 0.005923, -0.192014, -0.429564, -0.882387, 0.000464, 0.0, 0.0, 0.0, 1.0],
                [0.97863, -0.029682, -0.203481, -0.125198, 0.0588, -0.907819, 0.415219, 0.005743, -0.197048, -0.41831, -0.886673, 0.000456, 0.0, 0.0, 0.0, 1.0],
                [0.977143, -0.019401, -0.211696, -0.125206, 0.069085, -0.912796, 0.402533, 0.005554, -0.201045, -0.407957, -0.890591, 0.000416, 0.0, 0.0, 0.0, 1.0],
                [0.975512, -0.010524, -0.219699, -0.125207, 0.077258, -0.918816, 0.387053, 0.005542, -0.205936, -0.394547, -0.895502, 0.000428, 0.0, 0.0, 0.0, 1.0],
                [0.973757, -0.001404, -0.22759, -0.125208, 0.085474, -0.924529, 0.371405, 0.005512, -0.210935, -0.38111, -0.900146, 0.000438, 0.0, 0.0, 0.0, 1.0],
                [0.972758, 0.006345, -0.231743, -0.12521, 0.090656, -0.930438, 0.355058, 0.00547, -0.21337, -0.366393, -0.905665, 0.000445, 0.0, 0.0, 0.0, 1.0],
                [0.971704, 0.014229, -0.235778, -0.125212, 0.095867, -0.936032, 0.338604, 0.005418, -0.215878, -0.351625, -0.91091, 0.000449, 0.0, 0.0, 0.0, 1.0],
                [0.971837, 0.018552, -0.234927, -0.125215, 0.096073, -0.941483, 0.32308, 0.005361, -0.215186, -0.336551, -0.916749, 0.000452, 0.0, 0.0, 0.0, 1.0],
                [0.971968, 0.022874, -0.233998, -0.125217, 0.096311, -0.94666, 0.307508, 0.005304, -0.214483, -0.321425, -0.922325, 0.000453, 0.0, 0.0, 0.0, 1.0],
                [0.971823, 0.028002, -0.234044, -0.125219, 0.095115, -0.955079, 0.280673, 0.00525, -0.215671, -0.295025, -0.930831, 0.000454, 0.0, 0.0, 0.0, 1.0],
                [0.971692, 0.033077, -0.233925, -0.125221, 0.093843, -0.962726, 0.253679, 0.005204, -0.216815, -0.268449, -0.938577, 0.000455, 0.0, 0.0, 0.0, 1.0],
                [0.972229, 0.036241, -0.231212, -0.125223, 0.092313, -0.967221, 0.236564, 0.005171, -0.21506, -0.251338, -0.943705, 0.000456, 0.0, 0.0, 0.0, 1.0],
                [0.972773, 0.039236, -0.228415, -0.125223, 0.090712, -0.971396, 0.21946, 0.005153, -0.213271, -0.234204, -0.948506, 0.000457, 0.0, 0.0, 0.0, 1.0],
                [0.9739, 0.041584, -0.223134, -0.125223, 0.088198, -0.975154, 0.20322, 0.005156, -0.209139, -0.217596, -0.953369, 0.00046, 0.0, 0.0, 0.0, 1.0],
                [0.975021, 0.043682, -0.217774, -0.125222, 0.085615, -0.97862, 0.187016, 0.005181, -0.204949, -0.200989, -0.957914, 0.000462, 0.0, 0.0, 0.0, 1.0],
                [0.976363, 0.046319, -0.211115, -0.125221, 0.084697, -0.980641, 0.17655, 0.005216, -0.19885, -0.190257, -0.961385, 0.000456, 0.0, 0.0, 0.0, 1.0],
                [0.977687, 0.04896, -0.20428, -0.12522, 0.083914, -0.982528, 0.166132, 0.005246, -0.192577, -0.179567, -0.964712, 0.000431, 0.0, 0.0, 0.0, 1.0],
                [0.978995, 0.051729, -0.197211, -0.125219, 0.083383, -0.984272, 0.155752, 0.005256, -0.186052, -0.168924, -0.96791, 0.000376, 0.0, 0.0, 0.0, 1.0],
                [0.980148, 0.051786, -0.19138, -0.125246, 0.080576, -0.986021, 0.145858, 0.004577, -0.18115, -0.158383, -0.970618, 0.0004, 0.0, 0.0, 0.0, 1.0],
                [0.979711, 0.061127, -0.190861, -0.125269, 0.08424, -0.989739, 0.11543, 0.003896, -0.181846, -0.129166, -0.974807, 0.000403, 0.0, 0.0, 0.0, 1.0],
                [0.979327, 0.070506, -0.18959, -0.125288, 0.087946, -0.992478, 0.085197, 0.003214, -0.182156, -0.10011, -0.97816, 0.000369, 0.0, 0.0, 0.0, 1.0],
                [0.980265, 0.068208, -0.185544, -0.125313, 0.084166, -0.993275, 0.079529, 0.00204, -0.178871, -0.093575, -0.979412, 0.000277, 0.0, 0.0, 0.0, 1.0],
                [0.981297, 0.06745, -0.180292, -0.125328, 0.081892, -0.9939, 0.073888, 0.000681, -0.174207, -0.08727, -0.980834, 2e-05, 0.0, 0.0, 0.0, 1.0],
                [0.981236, 0.064282, -0.181771, -0.125328, 0.079805, -0.993646, 0.07941, -0.000682, -0.175511, -0.092426, -0.980129, -0.000248, 0.0, 0.0, 0.0, 1.0],
                [0.980322, 0.061214, -0.187669, -0.125316, 0.080211, -0.992209, 0.095357, -0.00187, -0.180369, -0.108534, -0.977593, -0.000367, 0.0, 0.0, 0.0, 1.0],
                [0.979231, 0.049461, -0.196619, -0.125314, 0.076553, -0.988202, 0.13267, -0.00195, -0.187737, -0.144967, -0.971462, -0.000368, 0.0, 0.0, 0.0, 1.0],
                [0.978005, 0.038128, -0.205064, -0.125313, 0.076381, -0.980328, 0.182009, -0.002018, -0.19409, -0.193669, -0.961676, -0.000368, 0.0, 0.0, 0.0, 1.0],
                [0.977208, 0.029698, -0.210198, -0.125312, 0.075991, -0.97349, 0.21574, -0.002078, -0.198218, -0.226796, -0.953559, -0.000369, 0.0, 0.0, 0.0, 1.0],
                [0.977678, 0.023057, -0.208836, -0.125312, 0.074064, -0.967979, 0.239864, -0.002129, -0.196618, -0.249977, -0.948078, -0.000371, 0.0, 0.0, 0.0, 1.0],
                [0.9794, 0.01154, -0.2016, -0.125311, 0.068806, -0.957692, 0.279449, -0.002176, -0.189846, -0.287563, -0.938758, -0.000372, 0.0, 0.0, 0.0, 1.0],
                [0.981182, 0.001029, -0.193083, -0.12531, 0.061254, -0.949992, 0.30621, -0.002221, -0.183112, -0.312275, -0.932177, -0.000374, 0.0, 0.0, 0.0, 1.0],
                [0.984172, -0.020253, -0.176055, -0.12532, 0.042197, -0.938095, 0.343802, -0.001561, -0.172119, -0.345789, -0.922391, -0.000366, 0.0, 0.0, 0.0, 1.0],
                [0.986409, -0.040197, -0.159322, -0.125327, 0.022209, -0.928103, 0.371662, -0.000833, -0.162807, -0.370148, -0.914595, -0.000287, 0.0, 0.0, 0.0, 1.0],
                [0.987764, -0.058747, -0.14447, -0.12533, 0.002611, -0.919984, 0.391947, 2.7e-05, -0.155935, -0.387528, -0.908574, -6.6e-05, 0.0, 0.0, 0.0, 1.0],
                [0.987949, -0.082759, -0.130795, -0.125325, -0.023215, -0.914719, 0.403423, 0.001085, -0.153028, -0.395525, -0.905617, 0.000368, 0.0, 0.0, 0.0, 1.0],
                [0.987949, -0.082759, -0.130795, -0.125325, -0.023215, -0.914719, 0.403423, 0.001085, -0.153028, -0.395525, -0.905617, 0.000368, 0.0, 0.0, 0.0, 1.0]
            ]
        },
        {
            "name": "Leg_L",
            "time": [0.0, 0.0333, 0.0667, 0.1, 0.1333, 0.1667, 0.2, 0.2333, 0.2667, 0.3, 0.3333, 0.3667, 0.4, 0.4333, 0.4667, 0.5, 0.5333, 0.5667, 0.6, 0.6333, 0.6667, 0.7, 0.7333, 0.7667, 0.8, 0.8333, 0.8667, 0.9, 0.9333, 0.9667, 1.0, 1.0333, 1.0667, 1.1, 1.1333, 1.1667, 1.2, 1.2333, 1.2667, 1.3, 1.3333, 1.3667, 1.4, 1.4333, 1.4667, 1.5, 1.5333, 1.5667, 1.6, 1.6333, 1.6667, 1.7333],
            "transform": [
                [1.000002, 0.001831, -0.000676, -0.0, -0.000678, 0.650587, 0.75943, 0.37472, 0.00183, -0.759426, 0.650589, -0.0, 0.0, 0.0, 0.0, 1.0],
                [1.000003, 0.001789, -0.00078, -0.0, -0.000781, 0.733366, 0.679831, 0.37472, 0.001788, -0.679826, 0.733368, 0.0, 0.0, 0.0, 0.0, 1.0],
                [1.000006, 0.001738, -0.000887, -0.0, -0.000888, 0.810119, 0.586258, 0.37472, 0.001738, -0.586252, 0.810124, 0.0, 0.0, 0.0, 0.0, 1.0],
                [1.000008, 0.001686, -0.000983, -0.0, -0.000984, 0.870398, 0.492335, 0.37472, 0.001686, -0.492329, 0.870405, 0.0, 0.0, 0.0, 0.0, 1.0],
                [1.000009, 0.001641, -0.001057, -0.0, -0.001058, 0.91065, 0.413159, 0.37472, 0.00164, -0.413154, 0.910658, -0.0, 0.0, 0.0, 0.0, 1.0],
                [1.000009, 0.001628, -0.001078, 0.0, -0.001079, 0.920847, 0.389902, 0.37472, 0.001627, -0.389897, 0.920855, 0.0, 0.0, 0.0, 0.0, 1.0],
                [1.000009, 0.001628, -0.001079, 0.0, -0.001079, 0.921118, 0.389261, 0.37472, 0.001627, -0.389256, 0.921126, 0.0, 0.0, 0.0, 0.0, 1.0],
                [1.00001, 0.001633, -0.00107, -0.0, -0.001072, 0.917225, 0.398347, 0.37472, 0.001632, -0.398341, 0.917234, -0.0, 0.0, 0.0, 0.0, 1.0],
                [1.000009, 0.001621, -0.001089, 0.0, -0.00109, 0.92597, 0.377574, 0.37472, 0.00162, -0.377569, 0.925978, 0.0, 0.0, 0.0, 0.0, 1.0],
                [1.00001, 0.001622, -0.001088, 0.0, -0.001089, 0.925435, 0.37888, 0.37472, 0.001621, -0.378874, 0.925445, 0.0, 0.0, 0.0, 0.0, 1.0],
                [1.000009, 0.001628, -0.001079, -0.0, -0.00108, 0.921106, 0.389289, 0.37472, 0.001627, -0.389283, 0.921115, -0.0, 0.0, 0.0, 0.0, 1.0],
                [1.000009, 0.001634, -0.001069, -0.0, -0.001071, 0.916663, 0.399641, 0.37472, 0.001633, -0.399635, 0.916671, -0.0, 0.0, 0.0, 0.0, 1.0],
                [1.000009, 0.001645, -0.001053, -0.0, -0.001055, 0.908732, 0.417361, 0.37472, 0.001644, -0.417356, 0.908739, -0.0, 0.0, 0.0, 0.0, 1.0],
                [1.000008, 0.001655, -0.001037, -0.0, -0.00104, 0.900471, 0.434898, 0.37472, 0.001654, -0.434893, 0.900479, -0.0, 0.0, 0.0, 0.0, 1.0],
                [1.000008, 0.00167, -0.001013, 0.0, -0.001016, 0.887745, 0.460321, 0.37472, 0.001668, -0.460315, 0.887752, -0.0, 0.0, 0.0, 0.0, 1.0],
                [1.000008, 0.001685, -0.000987, -0.0, -0.00099, 0.873102, 0.487523, 0.37472, 0.001684, -0.487517, 0.873109, -0.0, 0.0, 0.0, 0.0, 1.0],
                [1.000006, 0.001699, -0.000964, 0.0, -0.000967, 0.859199, 0.51163, 0.37472, 0.001697, -0.511625, 0.859205, 0.0, 0.0, 0.0, 0.0, 1.0],
                [1.000006, 0.00171, -0.000946, -0.0, -0.000948, 0.847979, 0.530019, 0.37472, 0.001708, -0.530014, 0.847985, 0.0, 0.0, 0.0, 0.0, 1.0],
                [1.000005, 0.00172, -0.000927, -0.0, -0.00093, 0.836361, 0.54817, 0.37472, 0.001718, -0.548165, 0.836366, 0.0, 0.0, 0.0, 0.0, 1.0],
                [1.000005, 0.001729, -0.000911, 0.0, -0.000914, 0.825866, 0.563858, 0.37472, 0.001727, -0.563853, 0.825871, 0.0, 0.0, 0.0, 0.0, 1.0],
                [1.000005, 0.001738, -0.000895, -0.0, -0.000898, 0.815073, 0.579351, 0.37472, 0.001736, -0.579346, 0.815077, -0.0, 0.0, 0.0, 0.0, 1.0],
                [1.000005, 0.001746, -0.000879, -0.0, -0.000881, 0.803987, 0.59464, 0.37472, 0.001745, -0.594635, 0.803992, -0.0, 0.0, 0.0, 0.0, 1.0],
                [1.000004, 0.001754, -0.000862, 0.0, -0.000865, 0.792616, 0.609716, 0.37472, 0.001753, -0.609711, 0.79262, -0.0, 0.0, 0.0, 0.0, 1.0],
                [1.000003, 0.001762, -0.000845, -0.0, -0.000848, 0.780965, 0.62457, 0.37472, 0.001761, -0.624565, 0.780969, -0.0, 0.0, 0.0, 0.0, 1.0],
                [1.000003, 0.001771, -0.000826, -0.0, -0.000829, 0.767506, 0.641038, 0.37472, 0.001769, -0.641034, 0.767509, 0.0, 0.0, 0.0, 0.0, 1.0],
