{
    "animation": [
        {
            "name": "Root",
            "time": [0.0, 0.1333, 0.1667, 0.2, 0.2333, 0.2667, 0.3, 0.3333, 0.3667, 0.4, 0.4333, 0.4667, 0.5, 0.5333, 0.5667, 0.6, 0.6333, 0.6667, 0.7, 0.7333, 0.7667, 0.8, 0.8333, 0.8667, 0.9, 0.9333, 0.9667, 1.0, 1.0333, 1.0667, 1.1, 1.1333, 1.1667, 1.2, 1.2333, 1.2667, 1.3, 1.3333, 1.3667, 1.4, 1.4333, 1.4667, 1.5, 1.5333, 1.5667, 1.6, 1.6333, 1.6667, 1.7, 1.7333, 1.7667, 1.8, 1.8333, 1.8667, 1.9, 1.9333, 1.9667, 2.0, 2.0333, 2.0667, 2.1, 2.1333, 2.1667, 2.2, 2.2333, 2.2667, 2.3, 2.3333, 2.3667, 2.4, 2.4333, 2.4667, 2.7],
            "transform": [
                [0.907198, 0.000421, -0.420704, -0.362378, -0.420638, 0.018703, -0.907037, -0.167926, 0.007487, 0.999825, 0.017144, 0.674235, 0.0, 0.0, 0.0, 1.0],
                [0.737835, 0.000707, -0.674982, -0.413262, -0.674874, 0.018616, -0.737699, -0.19753, 0.012044, 0.999827, 0.014213, 0.476127, 0.0, 0.0, 0.0, 1.0],
                [0.657276, 0.000809, -0.753651, -0.426588, -0.75353, 0.018574, -0.657153, -0.147794, 0.013467, 0.999827, 0.012818, 0.466401, 0.0, 0.0, 0.0, 1.0],
                [0.555966, 0.000921, -0.831206, -0.441934, -0.831073, 0.018519, -0.555857, -0.086064, 0.014881, 0.999828, 0.011061, 0.479888, 0.0, 0.0, 0.0, 1.0],
                [0.447145, 0.001027, -0.894462, -0.458216, -0.894318, 0.018457, -0.447052, -0.015232, 0.01605, 0.999829, 0.009172, 0.501656, 0.0, 0.0, 0.0, 1.0],
                [0.34881, 0.001115, -0.937194, -0.474358, -0.937043, 0.0184, -0.348731, 0.061815, 0.016855, 0.99983, 0.007463, 0.516767, 0.0, 0.0, 0.0, 1.0],
                [0.273028, 0.001178, -0.962006, -0.489273, -0.961851, 0.018354, -0.272962, 0.142338, 0.017335, 0.999831, 0.006144, 0.51807, 0.0, 0.0, 0.0, 1.0],
                [0.219047, 0.001221, -0.975714, -0.501836, -0.975556, 0.018321, -0.218989, 0.223986, 0.017608, 0.999832, 0.005204, 0.520272, 0.0, 0.0, 0.0, 1.0],
                [0.181631, 0.00125, -0.983367, -0.510935, -0.983207, 0.018297, -0.181578, 0.304165, 0.017766, 0.999832, 0.004552, 0.524614, 0.0, 0.0, 0.0, 1.0],
                [0.162504, 0.001264, -0.986708, -0.514005, -0.986547, 0.018285, -0.162454, 0.39349, 0.017836, 0.999832, 0.004219, 0.539278, 0.0, 0.0, 0.0, 1.0],
                [0.154292, 0.001271, -0.988025, -0.510379, -0.987865, 0.01828, -0.154244, 0.493907, 0.017865, 0.999832, 0.004076, 0.554242, 0.0, 0.0, 0.0, 1.0],
                [0.154977, 0.00127, -0.987918, -0.501776, -0.987757, 0.01828, -0.154928, 0.5903, 0.017862, 0.999832, 0.004088, 0.569765, 0.0, 0.0, 0.0, 1.0],
                [0.159426, 0.001267, -0.98721, -0.489914, -0.987049, 0.018283, -0.159377, 0.66747, 0.017847, 0.999832, 0.004165, 0.581803, 0.0, 0.0, 0.0, 1.0],
                [0.163871, 0.001264, -0.986482, -0.478353, -0.986321, 0.018285, -0.163821, 0.718366, 0.017831, 0.999832, 0.004243, 0.5921, 0.0, 0.0, 0.0, 1.0],
                [0.174805, 0.001255, -0.984603, -0.468192, -0.984443, 0.018293, -0.174754, 0.752228, 0.017792, 0.999832, 0.004433, 0.602135, 0.0, 0.0, 0.0, 1.0],
                [0.191857, 0.001242, -0.981423, -0.457445, -0.981263, 0.018303, -0.191803, 0.778371, 0.017725, 0.999832, 0.004731, 0.61184, 0.0, 0.0, 0.0, 1.0],
                [0.214297, 0.001225, -0.976769, -0.444126, -0.97661, 0.018318, -0.21424, 0.80611, 0.01763, 0.999832, 0.005122, 0.621149, 0.0, 0.0, 0.0, 1.0],
                [0.195262, 0.00124, -0.980751, -0.426215, -0.980592, 0.018306, -0.195207, 0.84467, 0.017711, 0.999832, 0.00479, 0.626644, 0.0, 0.0, 0.0, 1.0],
                [0.186405, 0.001246, -0.982473, -0.401765, -0.982313, 0.0183, -0.186352, 0.903456, 0.017747, 0.999832, 0.004636, 0.631402, 0.0, 0.0, 0.0, 1.0],
                [0.338926, 0.001123, -0.940813, -0.368926, -0.940661, 0.018394, -0.33885, 0.991886, 0.016925, 0.99983, 0.007291, 0.635261, 0.0, 0.0, 0.0, 1.0],
                [0.823284, 0.000581, -0.56763, -0.313384, -0.56754, 0.018661, -0.823135, 1.149133, 0.010114, 0.999826, 0.015693, 0.637563, 0.0, 0.0, 0.0, 1.0],
                [0.992296, -0.000121, 0.123894, -0.233844, 0.123874, 0.018745, -0.992122, 1.374305, -0.002202, 0.999824, 0.018616, 0.602977, 0.0, 0.0, 0.0, 1.0],
                [0.881058, -0.000477, 0.473009, -0.148133, 0.472934, 0.01869, -0.880901, 1.61738, -0.008421, 0.999825, 0.016692, 0.478582, 0.0, 0.0, 0.0, 1.0],
                [0.753967, -0.000686, 0.656913, -0.074945, 0.656809, 0.018625, -0.753828, 1.83111, -0.011718, 0.999826, 0.014493, 0.354681, 0.0, 0.0, 0.0, 1.0],
                [0.648345, -0.000819, 0.761348, -0.025628, 0.761227, 0.018569, -0.648221, 2.004704, -0.013606, 0.999827, 0.012663, 0.315248, 0.0, 0.0, 0.0, 1.0],
                [0.58333, -0.000892, 0.812236, -0.006135, 0.812106, 0.018534, -0.583217, 2.096427, -0.014533, 0.999828, 0.011536, 0.313998, 0.0, 0.0, 0.0, 1.0],
                [0.530565, -0.000947, 0.847644, -0.007694, 0.847508, 0.018504, -0.53046, 2.107176, -0.015183, 0.999828, 0.01062, 0.321768, 0.0, 0.0, 0.0, 1.0],
                [0.486792, -0.00099, 0.873518, -0.013623, 0.873378, 0.01848, -0.486694, 2.102535, -0.015661, 0.999829, 0.00986, 0.329793, 0.0, 0.0, 0.0, 1.0],
                [0.448198, -0.001027, 0.893935, -0.022691, 0.893791, 0.018458, -0.448105, 2.087198, -0.01604, 0.999829, 0.00919, 0.342242, 0.0, 0.0, 0.0, 1.0],
                [0.408749, -0.001062, 0.912647, -0.033656, 0.9125, 0.018435, -0.408662, 2.065697, -0.01639, 0.99983, 0.008505, 0.354697, 0.0, 0.0, 0.0, 1.0],
                [0.365215, -0.001101, 0.930924, -0.045283, 0.930773, 0.018409, -0.365134, 2.042641, -0.016736, 0.99983, 0.007748, 0.367083, 0.0, 0.0, 0.0, 1.0],
                [0.326367, -0.001134, 0.945243, -0.056326, 0.945091, 0.018386, -0.326292, 2.022652, -0.017009, 0.99983, 0.007072, 0.379323, 0.0, 0.0, 0.0, 1.0],
                [0.309776, -0.001148, 0.95081, -0.06553, 0.950656, 0.018376, -0.309704, 2.010323, -0.017117, 0.999831, 0.006784, 0.389746, 0.0, 0.0, 0.0, 1.0],
                [0.308612, -0.001149, 0.951188, -0.0737, 0.951035, 0.018376, -0.30854, 2.001769, -0.017124, 0.999831, 0.006764, 0.398659, 0.0, 0.0, 0.0, 1.0],
                [0.307447, -0.00115, 0.951566, -0.082325, 0.951411, 0.018375, -0.307376, 1.990898, -0.017131, 0.999831, 0.006743, 0.406878, 0.0, 0.0, 0.0, 1.0],
                [0.306282, -0.001151, 0.951941, -0.091172, 0.951787, 0.018374, -0.306211, 1.979027, -0.017139, 0.999831, 0.006723, 0.414779, 0.0, 0.0, 0.0, 1.0],
                [0.305117, -0.001152, 0.952316, -0.100015, 0.952161, 0.018373, -0.305046, 1.967468, -0.017146, 0.999831, 0.006703, 0.422654, 0.0, 0.0, 0.0, 1.0],
                [0.30778, -0.00115, 0.951458, -0.108619, 0.951304, 0.018375, -0.307708, 1.957531, -0.017129, 0.999831, 0.006749, 0.43048, 0.0, 0.0, 0.0, 1.0],
                [0.314428, -0.001144, 0.949281, -0.116755, 0.949128, 0.018379, -0.314355, 1.950524, -0.017087, 0.999831, 0.006865, 0.438238, 0.0, 0.0, 0.0, 1.0],
                [0.328353, -0.001132, 0.944555, -0.124189, 0.944403, 0.018387, -0.328278, 1.947756, -0.016996, 0.99983, 0.007107, 0.445903, 0.0, 0.0, 0.0, 1.0],
                [0.350946, -0.001113, 0.936396, -0.130723, 0.936245, 0.018401, -0.350867, 1.950596, -0.01684, 0.99983, 0.0075, 0.453502, 0.0, 0.0, 0.0, 1.0],
                [0.380884, -0.001087, 0.924623, -0.136028, 0.924475, 0.018419, -0.380801, 1.960169, -0.016616, 0.99983, 0.00802, 0.460872, 0.0, 0.0, 0.0, 1.0],
                [0.422895, -0.00105, 0.906179, -0.139972, 0.906033, 0.018443, -0.422806, 1.978, -0.016269, 0.99983, 0.00875, 0.469969, 0.0, 0.0, 0.0, 1.0],
                [0.471145, -0.001005, 0.882057, -0.142923, 0.881914, 0.018471, -0.47105, 2.001898, -0.015819, 0.999829, 0.009589, 0.478965, 0.0, 0.0, 0.0, 1.0],
                [0.522015, -0.000955, 0.852937, -0.14546, 0.8528, 0.018499, -0.521911, 2.028702, -0.01528, 0.999829, 0.010472, 0.487911, 0.0, 0.0, 0.0, 1.0],
                [0.576216, -0.0009, 0.817298, -0.147617, 0.817168, 0.01853, -0.576103, 2.058127, -0.014626, 0.999828, 0.011413, 0.496813, 0.0, 0.0, 0.0, 1.0],
                [0.62799, -0.000843, 0.778222, -0.149432, 0.778097, 0.018558, -0.627871, 2.08988, -0.013913, 0.999828, 0.01231, 0.505676, 0.0, 0.0, 0.0, 1.0],
                [0.681832, -0.00078, 0.73151, -0.150935, 0.731393, 0.018588, -0.681704, 2.123678, -0.013066, 0.999827, 0.013244, 0.514505, 0.0, 0.0, 0.0, 1.0],
                [0.732209, -0.000715, 0.681081, -0.152166, 0.680972, 0.018613, -0.732074, 2.159229, -0.012154, 0.999827, 0.014116, 0.523305, 0.0, 0.0, 0.0, 1.0],
                [0.782008, -0.000646, 0.623269, -0.153155, 0.623169, 0.018641, -0.781866, 2.196251, -0.011113, 0.999826, 0.01498, 0.53208, 0.0, 0.0, 0.0, 1.0],
                [0.827254, -0.000574, 0.561828, -0.153941, 0.561739, 0.018663, -0.827105, 2.234447, -0.01001, 0.999826, 0.015761, 0.540835, 0.0, 0.0, 0.0, 1.0],
                [0.868879, -0.000501, 0.495026, -0.154557, 0.494948, 0.018685, -0.868723, 2.273539, -0.008815, 0.999825, 0.016483, 0.549575, 0.0, 0.0, 0.0, 1.0],
                [0.90512, -0.000426, 0.425157, -0.155038, 0.42509, 0.018702, -0.904959, 2.313232, -0.007566, 0.999825, 0.017109, 0.558306, 0.0, 0.0, 0.0, 1.0],
                [0.936304, -0.000349, 0.351191, -0.155419, 0.351136, 0.018719, -0.936139, 2.353243, -0.006247, 0.999825, 0.01765, 0.56703, 0.0, 0.0, 0.0, 1.0],
                [0.961455, -0.000271, 0.274963, -0.155736, 0.274919, 0.01873, -0.961286, 2.393281, -0.004889, 0.999825, 0.018083, 0.575754, 0.0, 0.0, 0.0, 1.0],
                [0.980159, -0.000195, 0.198216, -0.156025, 0.198185, 0.018741, -0.979987, 2.433061, -0.003524, 0.999825, 0.018408, 0.584483, 0.0, 0.0, 0.0, 1.0],
                [0.992746, -0.000118, 0.120232, -0.156318, 0.120213, 0.018745, -0.992572, 2.472292, -0.002137, 0.999824, 0.018624, 0.59322, 0.0, 0.0, 0.0, 1.0],
                [0.999144, -4.1e-05, 0.041376, -0.156651, 0.04137, 0.01875, -0.998969, 2.510692, -0.000735, 0.999824, 0.018736, 0.601972, 0.0, 0.0, 0.0, 1.0],
                [0.999288, 3.7e-05, -0.037738, -0.157059, -0.037732, 0.018749, -0.999114, 2.547967, 0.000671, 0.999824, 0.018737, 0.610742, 0.0, 0.0, 0.0, 1.0],
                [0.993995, 0.000107, -0.109433, -0.157584, -0.109415, 0.018747, -0.99382, 2.583838, 0.001945, 0.999824, 0.018646, 0.619536, 0.0, 0.0, 0.0, 1.0],
                [0.983564, 0.000177, -0.180561, -0.158253, -0.180532, 0.018741, -0.983392, 2.617988, 0.00321, 0.999825, 0.018465, 0.627321, 0.0, 0.0, 0.0, 1.0],
                [0.969168, 0.000243, -0.246401, -0.159106, -0.246362, 0.018734, -0.968998, 2.650156, 0.004381, 0.999825, 0.018216, 0.634958, 0.0, 0.0, 0.0, 1.0],
                [0.951433, 0.000304, -0.307858, -0.160176, -0.30781, 0.018725, -0.951265, 2.680048, 0.005475, 0.999825, 0.017909, 0.642385, 0.0, 0.0, 0.0, 1.0],
                [0.93517, 0.000352, -0.354201, -0.161551, -0.354145, 0.018717, -0.935004, 2.699973, 0.006301, 0.999825, 0.017628, 0.649663, 0.0, 0.0, 0.0, 1.0],
                [0.924415, 0.00038, -0.381389, -0.163262, -0.381329, 0.018712, -0.924251, 2.706047, 0.006785, 0.999825, 0.017442, 0.656789, 0.0, 0.0, 0.0, 1.0],
                [0.918946, 0.000393, -0.394384, -0.165276, -0.394322, 0.018709, -0.918783, 2.703639, 0.007017, 0.999825, 0.017348, 0.660491, 0.0, 0.0, 0.0, 1.0],
                [0.916819, 0.000398, -0.399303, -0.167552, -0.39924, 0.018708, -0.916657, 2.698241, 0.007105, 0.999825, 0.017311, 0.664242, 0.0, 0.0, 0.0, 1.0],
                [0.914666, 0.000403, -0.404211, -0.170049, -0.404147, 0.018707, -0.914504, 2.695236, 0.007193, 0.999825, 0.017274, 0.665562, 0.0, 0.0, 0.0, 1.0],
                [0.912473, 0.000409, -0.409138, -0.172687, -0.409073, 0.018706, -0.912311, 2.695128, 0.00728, 0.999825, 0.017236, 0.666784, 0.0, 0.0, 0.0, 1.0],
                [0.910281, 0.000414, -0.413992, -0.175341, -0.413926, 0.018705, -0.910119, 2.694786, 0.007367, 0.999825, 0.017198, 0.66788, 0.0, 0.0, 0.0, 1.0],
                [0.909515, 0.000415, -0.415672, -0.178059, -0.415606, 0.018704, -0.909354, 2.694229, 0.007397, 0.999825, 0.017185, 0.668813, 0.0, 0.0, 0.0, 1.0],
                [0.908746, 0.000417, -0.417351, -0.180815, -0.417285, 0.018704, -0.908585, 2.693487, 0.007427, 0.999825, 0.017171, 0.669628, 0.0, 0.0, 0.0, 1.0],
                [0.907198, 0.000421, -0.420704, -0.192108, -0.420638, 0.018703, -0.907037, 2.689201, 0.007487, 0.999825, 0.017144, 0.674235, 0.0, 0.0, 0.0, 1.0]
            ]
        },
        {
            "name": "Thigh_R",
            "time": [0.0, 0.1333, 0.1667, 0.2, 0.2333, 0.2667, 0.3, 0.3333, 0.3667, 0.4, 0.4333, 0.4667, 0.5, 0.6333, 0.8, 0.8333, 0.8667, 0.9333, 0.9667, 1.0, 1.0333, 1.0667, 1.1, 1.1333, 1.1667, 1.2, 1.2333, 1.2667, 1.3, 1.3333, 1.3667, 1.4, 1.4333, 1.4667, 1.5, 1.5333, 1.5667, 1.6, 1.6333, 1.6667, 1.7, 1.7333, 1.7667, 1.8, 1.8333, 1.8667, 1.9, 1.9333, 1.9667, 2.0, 2.0333, 2.0667, 2.1, 2.1333, 2.1667, 2.2, 2.2333, 2.2667, 2.3, 2.3333, 2.3667, 2.4, 2.4333, 2.4667, 2.7],
            "transform": [
                [0.945483, 0.067158, 0.318675, 0.133847, 0.064694, -0.997738, 0.018325, 0.001085, 0.319184, 0.00329, -0.947687, 0.043038, 0.0, 0.0, 0.0, 1.0],
                [0.994404, 0.104498, -0.015536, 0.125313, 0.095724, -0.828985, 0.551018, 0.001085, 0.044701, -0.549422, -0.834349, 0.000368, 0.0, 0.0, 0.0, 1.0],
                [0.987115, 0.118944, -0.107049, 0.125313, 0.158106, -0.828174, 0.537709, 0.001085, -0.024698, -0.547704, -0.836308, 0.000368, 0.0, 0.0, 0.0, 1.0],
                [0.968567, 0.149745, -0.198636, 0.125313, 0.231035, -0.837513, 0.495172, 0.001085, -0.092211, -0.525499, -0.845783, 0.000368, 0.0, 0.0, 0.0, 1.0],
                [0.938882, 0.198073, -0.281551, 0.125313, 0.309274, -0.844514, 0.437201, 0.001085, -0.151177, -0.497555, -0.854157, 0.000368, 0.0, 0.0, 0.0, 1.0],
                [0.900791, 0.257557, -0.349632, 0.125313, 0.384953, -0.846213, 0.36842, 0.001085, -0.200975, -0.46646, -0.861408, 0.000368, 0.0, 0.0, 0.0, 1.0],
                [0.854649, 0.327885, -0.402579, 0.125313, 0.459951, -0.837842, 0.294051, 0.001085, -0.240883, -0.436475, -0.866871, 0.000368, 0.0, 0.0, 0.0, 1.0],
                [0.805071, 0.408439, -0.430164, 0.125313, 0.527638, -0.824439, 0.204689, 0.001085, -0.271043, -0.391758, -0.879239, 0.000368, 0.0, 0.0, 0.0, 1.0],
                [0.78474, 0.42094, -0.454966, 0.125313, 0.552764, -0.807363, 0.206439, 0.001085, -0.280425, -0.413489, -0.86625, 0.000368, 0.0, 0.0, 0.0, 1.0],
                [0.76965, 0.422537, -0.478648, 0.125313, 0.573977, -0.786241, 0.228858, 0.001085, -0.279633, -0.450871, -0.847656, 0.000368, 0.0, 0.0, 0.0, 1.0],
                [0.755834, 0.438903, -0.485882, 0.125313, 0.59347, -0.772711, 0.225191, 0.001085, -0.27661, -0.458562, -0.844516, 0.000368, 0.0, 0.0, 0.0, 1.0],
                [0.767945, 0.395638, -0.50372, 0.105618, 0.581828, -0.759741, 0.290293, 0.008492, -0.267847, -0.516006, -0.813631, 0.033065, 0.0, 0.0, 0.0, 1.0],
                [0.80091, 0.337962, -0.494294, 0.085923, 0.53759, -0.769397, 0.345, 0.015899, -0.263713, -0.54204, -0.797902, 0.065762, 0.0, 0.0, 0.0, 1.0],
                [0.371237, 0.634505, 0.677928, 0.007143, -0.272063, -0.623731, 0.732763, 0.045528, 0.887789, -0.456466, -0.058927, 0.196551, 0.0, 0.0, 0.0, 1.0],
                [0.737919, 0.623294, 0.258804, -0.007247, 0.165923, -0.539256, 0.825635, 0.092607, 0.654175, -0.56631, -0.501347, 0.219402, 0.0, 0.0, 0.0, 1.0],
                [0.776573, 0.629526, -0.025121, 0.05107, 0.378863, -0.434757, 0.816976, 0.086962, 0.503386, -0.643959, -0.576125, 0.228139, 0.0, 0.0, 0.0, 1.0],
                [0.777872, 0.600496, 0.185257, 0.047992, 0.080956, -0.388095, 0.918057, 0.076201, 0.623187, -0.699133, -0.350502, 0.208999, 0.0, 0.0, 0.0, 1.0],
                [0.974803, 0.086444, -0.205637, 0.091742, 0.223022, -0.396461, 0.890551, -0.087487, -0.004544, -0.913974, -0.40575, 0.063494, 0.0, 0.0, 0.0, 1.0],
                [0.971785, 0.119393, -0.203421, 0.062633, 0.235302, -0.430837, 0.871214, -0.080169, 0.016375, -0.894498, -0.446774, 0.045385, 0.0, 0.0, 0.0, 1.0],
                [0.964674, 0.160986, -0.20854, 0.033523, 0.260608, -0.467177, 0.844884, -0.07285, 0.038589, -0.869384, -0.492628, 0.027274, 0.0, 0.0, 0.0, 1.0],
                [0.954764, 0.209379, -0.211154, 0.004414, 0.291316, -0.516099, 0.805468, -0.065532, 0.059671, -0.830545, -0.553748, 0.009164, 0.0, 0.0, 0.0, 1.0],
                [0.942234, 0.255713, -0.216347, -0.024695, 0.326502, -0.556971, 0.763662, -0.058213, 0.07478, -0.790186, -0.608288, -0.008947, 0.0, 0.0, 0.0, 1.0],
                [0.930475, 0.298569, -0.212302, -0.018478, 0.355385, -0.594868, 0.720995, -0.052738, 0.088975, -0.746317, -0.659618, -0.014957, 0.0, 0.0, 0.0, 1.0],
                [0.920365, 0.334171, -0.203124, -0.01226, 0.377697, -0.624957, 0.683208, -0.047262, 0.101364, -0.705519, -0.701404, -0.020966, 0.0, 0.0, 0.0, 1.0],
                [0.914453, 0.357483, -0.18969, -0.008212, 0.388099, -0.641801, 0.661416, -0.050549, 0.114702, -0.678452, -0.725635, -0.024738, 0.0, 0.0, 0.0, 1.0],
                [0.911865, 0.372396, -0.172698, -0.004163, 0.389202, -0.650603, 0.652103, -0.053837, 0.130483, -0.661843, -0.738199, -0.028509, 0.0, 0.0, 0.0, 1.0],
                [0.907547, 0.391825, -0.151107, -0.000114, 0.390663, -0.655677, 0.64612, -0.057124, 0.154089, -0.645415, -0.748129, -0.03228, 0.0, 0.0, 0.0, 1.0],
                [0.902193, 0.411748, -0.128495, 0.003934, 0.391404, -0.656329, 0.645008, -0.060412, 0.181246, -0.632215, -0.753296, -0.036051, 0.0, 0.0, 0.0, 1.0],
                [0.896483, 0.430991, -0.102789, 0.007983, 0.389075, -0.654747, 0.648019, -0.063699, 0.21199, -0.62093, -0.754657, -0.039822, 0.0, 0.0, 0.0, 1.0],
                [0.891253, 0.446795, -0.077744, 0.011027, 0.384025, -0.652337, 0.653438, -0.059459, 0.241238, -0.612233, -0.752978, -0.039325, 0.0, 0.0, 0.0, 1.0],
                [0.88721, 0.458405, -0.052189, 0.014071, 0.374675, -0.649871, 0.661277, -0.055218, 0.269216, -0.606245, -0.748325, -0.038827, 0.0, 0.0, 0.0, 1.0],
                [0.885714, 0.463284, -0.029651, 0.017115, 0.36108, -0.647357, 0.67123, -0.050977, 0.291775, -0.605224, -0.740656, -0.038329, 0.0, 0.0, 0.0, 1.0],
                [0.887784, 0.460133, -0.010913, 0.02016, 0.344411, -0.648405, 0.678934, -0.046737, 0.305324, -0.606505, -0.734118, -0.037832, 0.0, 0.0, 0.0, 1.0],
                [0.894893, 0.446254, 0.005022, 0.023204, 0.320952, -0.651355, 0.687551, -0.042496, 0.310093, -0.613672, -0.726119, -0.037334, 0.0, 0.0, 0.0, 1.0],
                [0.906789, 0.421229, 0.017324, 0.026248, 0.293738, -0.660744, 0.69075, -0.038256, 0.302411, -0.621275, -0.722887, -0.036836, 0.0, 0.0, 0.0, 1.0],
                [0.92148, 0.387612, 0.025136, 0.029292, 0.263305, -0.670916, 0.693211, -0.034015, 0.285561, -0.632162, -0.720297, -0.036338, 0.0, 0.0, 0.0, 1.0],
                [0.936191, 0.349857, 0.033878, 0.032337, 0.230748, -0.684434, 0.691596, -0.029775, 0.265146, -0.639649, -0.721489, -0.035841, 0.0, 0.0, 0.0, 1.0],
                [0.950072, 0.309411, 0.040363, 0.035381, 0.199227, -0.701061, 0.684705, -0.025534, 0.240152, -0.642478, -0.727702, -0.035344, 0.0, 0.0, 0.0, 1.0],
                [0.962289, 0.267665, 0.048536, 0.038425, 0.165694, -0.71823, 0.675789, -0.021294, 0.215745, -0.642262, -0.735496, -0.034845, 0.0, 0.0, 0.0, 1.0],
                [0.972929, 0.224772, 0.053736, 0.041469, 0.134034, -0.738216, 0.661114, -0.017053, 0.188269, -0.636014, -0.748359, -0.034348, 0.0, 0.0, 0.0, 1.0],
                [0.981514, 0.182132, 0.058806, 0.044513, 0.102359, -0.759161, 0.642805, -0.012813, 0.161718, -0.624903, -0.76377, -0.03385, 0.0, 0.0, 0.0, 1.0],
                [0.987997, 0.141947, 0.060941, 0.047557, 0.074194, -0.782064, 0.618766, -0.008572, 0.135491, -0.606817, -0.783209, -0.033352, 0.0, 0.0, 0.0, 1.0],
                [0.992781, 0.103353, 0.060871, 0.050601, 0.047697, -0.805806, 0.590256, -0.004332, 0.110055, -0.583091, -0.804918, -0.032854, 0.0, 0.0, 0.0, 1.0],
                [0.996039, 0.068778, 0.056361, 0.053645, 0.025939, -0.830992, 0.55568, -9.1e-05, 0.085054, -0.552016, -0.829484, -0.032357, 0.0, 0.0, 0.0, 1.0],
                [0.998059, 0.037229, 0.04993, 0.05669, 0.006048, -0.855823, 0.517235, 0.00415, 0.061988, -0.515929, -0.854386, -0.031859, 0.0, 0.0, 0.0, 1.0],
                [0.999181, 0.011716, 0.038747, 0.065149, -0.008096, -0.880014, 0.47488, 0.005789, 0.039662, -0.474804, -0.879198, -0.03042, 0.0, 0.0, 0.0, 1.0],
                [0.999704, -0.007327, 0.023238, 0.073608, -0.01658, -0.90343, 0.428414, 0.007427, 0.017855, -0.428672, -0.903284, -0.028981, 0.0, 0.0, 0.0, 1.0],
                [0.99983, -0.01811, 0.003669, 0.082067, -0.018151, -0.925521, 0.378262, 0.009067, -0.003455, -0.378264, -0.925692, -0.027542, 0.0, 0.0, 0.0, 1.0],
                [0.999526, -0.026756, -0.015286, 0.090526, -0.020291, -0.944815, 0.326977, 0.010706, -0.023191, -0.326512, -0.944908, -0.026103, 0.0, 0.0, 0.0, 1.0],
                [0.998873, -0.027666, -0.038599, 0.098985, -0.016083, -0.961829, 0.273179, 0.012345, -0.044683, -0.272249, -0.961189, -0.024664, 0.0, 0.0, 0.0, 1.0],
                [0.997752, -0.022293, -0.063195, 0.107444, -0.007951, -0.975765, 0.218677, 0.013984, -0.066539, -0.217683, -0.973749, -0.023225, 0.0, 0.0, 0.0, 1.0],
                [0.996083, -0.009735, -0.087892, 0.115902, 0.004649, -0.986784, 0.161975, 0.015623, -0.088308, -0.161749, -0.982873, -0.021786, 0.0, 0.0, 0.0, 1.0],
                [0.9935, 0.004469, -0.11375, 0.124362, 0.016005, -0.994789, 0.1007, 0.017262, -0.112708, -0.101865, -0.988393, -0.020347, 0.0, 0.0, 0.0, 1.0],
                [0.990295, 0.024663, -0.136785, 0.124497, 0.030112, -0.998828, 0.037908, 0.014951, -0.13569, -0.041658, -0.989875, -0.017388, 0.0, 0.0, 0.0, 1.0],
                [0.986313, 0.049731, -0.157215, 0.124633, 0.045285, -0.99847, -0.031736, 0.01264, -0.158552, 0.024183, -0.987055, -0.014429, 0.0, 0.0, 0.0, 1.0],
                [0.982151, 0.074284, -0.172805, 0.124769, 0.057836, -0.993471, -0.098352, 0.010329, -0.178983, 0.086602, -0.980033, -0.011469, 0.0, 0.0, 0.0, 1.0],
                [0.978806, 0.087859, -0.18499, 0.124905, 0.061817, -0.987918, -0.142119, 0.008018, -0.195242, 0.127672, -0.97241, -0.00851, 0.0, 0.0, 0.0, 1.0],
                [0.976387, 0.096171, -0.19344, 0.125041, 0.062954, -0.983245, -0.171073, 0.005707, -0.206651, 0.154856, -0.966082, -0.005552, 0.0, 0.0, 0.0, 1.0],
                [0.975245, 0.099051, -0.197706, 0.125177, 0.060862, -0.979771, -0.190646, 0.003396, -0.21259, 0.173894, -0.961544, -0.002592, 0.0, 0.0, 0.0, 1.0],
                [0.975039, 0.104308, -0.196007, 0.125313, 0.05877, -0.972538, -0.225203, 0.001085, -0.214115, 0.208063, -0.954393, 0.000367, 0.0, 0.0, 0.0, 1.0],
                [0.976578, 0.104073, -0.18832, 0.125313, 0.060111, -0.972354, -0.225642, 0.001084, -0.206597, 0.209037, -0.955836, 0.000367, 0.0, 0.0, 0.0, 1.0],
                [0.980812, 0.100948, -0.166789, 0.125313, 0.061905, -0.972492, -0.224561, 0.001085, -0.18487, 0.209927, -0.96008, 0.000367, 0.0, 0.0, 0.0, 1.0],
                [0.986521, 0.095293, -0.133023, 0.125313, 0.063943, -0.972797, -0.222664, 0.001085, -0.150623, 0.211157, -0.965777, 0.000368, 0.0, 0.0, 0.0, 1.0],
                [0.991972, 0.087745, -0.091063, 0.125313, 0.065892, -0.973267, -0.220023, 0.001085, -0.107934, 0.212257, -0.971235, 0.000367, 0.0, 0.0, 0.0, 1.0],
                [0.945483, 0.067158, 0.318675, 0.133847, 0.064694, -0.997738, 0.018325, 0.001085, 0.319184, 0.00329, -0.947687, 0.043038, 0.0, 0.0, 0.0, 1.0]
            ]
        },
        {
            "name": "Leg_R",
            "time": [0.0, 0.1333, 0.1667, 0.2, 0.2333, 0.2667, 0.3, 0.3333, 0.3667, 0.4, 0.4333, 0.4667, 0.5, 0.5333, 0.5667, 0.6, 0.6333, 0.6667, 0.7, 0.7333, 0.7667, 0.8, 0.8333, 0.8667, 0.9, 0.9333, 0.9667, 1.0, 1.0333, 1.0667, 1.1, 1.1333, 1.1667, 1.2, 1.2333, 1.2667, 1.3, 1.3333, 1.3667, 1.4, 1.4333, 1.4667, 1.5, 1.5333, 1.5667, 1.6, 1.6333, 1.6667, 1.7, 1.7333, 1.7667, 1.8, 1.8333, 1.8667, 1.9, 1.9333, 1.9667, 2.0, 2.0333, 2.0667, 2.1, 2.1333, 2.1667, 2.2, 2.2333, 2.2667, 2.3, 2.3333, 2.3667, 2.4, 2.4333, 2.4667, 2.7],
            "transform": [
                [1.000002, 0.001608, -0.001109, -0.0, -0.00111, 0.934967, 0.354727, 0.37472, 0.001607, -0.354724, 0.934969, 0.0, 0.0, 0.0, 0.0, 1.0],
                [0.999999, 0.001949, -0.000137, -0.0, -0.000138, 0.140277, 0.990113, 0.37472, 0.001949, -0.990109, 0.140277, -0.0, 0.0, 0.0, 0.0, 1.0],
                [1.0, 0.001949, -0.000139, 0.0, -0.000141, 0.142993, 0.989724, 0.37472, 0.001949, -0.98972, 0.142993, -0.0, 0.0, 0.0, 0.0, 1.0],
                [1.0, 0.001942, -0.000219, -0.0, -0.00022, 0.223326, 0.974743, 0.37472, 0.001941, -0.974741, 0.223326, -0.0, 0.0, 0.0, 0.0, 1.0],
                [1.000001, 0.001924, -0.000344, -0.0, -0.000346, 0.347114, 0.937823, 0.37472, 0.001923, -0.937819, 0.347115, 0.0, 0.0, 0.0, 0.0, 1.0],
                [1.000002, 0.001895, -0.000478, -0.0, -0.000481, 0.47584, 0.879531, 0.37472, 0.001894, -0.879527, 0.475842, 0.0, 0.0, 0.0, 0.0, 1.0],
                [1.000002, 0.001858, -0.000606, -0.0, -0.000609, 0.591071, 0.806618, 0.37472, 0.001857, -0.806614, 0.591073, 0.0, 0.0, 0.0, 0.0, 1.0],
                [1.000002, 0.0018, -0.000758, -0.0, -0.000762, 0.716974, 0.697097, 0.37472, 0.001798, -0.697093, 0.716976, -0.0, 0.0, 0.0, 0.0, 1.0],
                [1.000002, 0.001794, -0.000775, 0.0, -0.000778, 0.729312, 0.684179, 0.37472, 0.001792, -0.684176, 0.729313, -0.0, 0.0, 0.0, 0.0, 1.0],
                [1.000002, 0.001805, -0.000749, 0.0, -0.000752, 0.709124, 0.705081, 0.37472, 0.001804, -0.705077, 0.709126, -0.0, 0.0, 0.0, 0.0, 1.0],
                [1.000002, 0.001796, -0.00077, 0.0, -0.000775, 0.726253, 0.687425, 0.37472, 0.001794, -0.687421, 0.726255, 0.0, 0.0, 0.0, 0.0, 1.0],
                [1.000002, 0.001832, -0.00068, 0.0, -0.000684, 0.654043, 0.756456, 0.37472, 0.00183, -0.756452, 0.654045, -0.0, 0.0, 0.0, 0.0, 1.0],
                [1.000002, 0.001837, -0.000663, 0.0, -0.000668, 0.640699, 0.76779, 0.37472, 0.001836, -0.767786, 0.640701, -0.0, 0.0, 0.0, 0.0, 1.0],
                [1.000003, 0.001812, -0.000732, -0.0, -0.000735, 0.6958, 0.718233, 0.37472, 0.001811, -0.718229, 0.695802, -0.0, 0.0, 0.0, 0.0, 1.0],
                [1.000002, 0.001823, -0.000705, 0.0, -0.000708, 0.673864, 0.738853, 0.37472, 0.001822, -0.73885, 0.673865, -0.0, 0.0, 0.0, 0.0, 1.0],
                [1.000001, 0.001859, -0.000603, -0.0, -0.000607, 0.588567, 0.808447, 0.37472, 0.001858, -0.808443, 0.588569, 0.0, 0.0, 0.0, 0.0, 1.0],
                [1.000001, 0.001887, -0.000506, -0.0, -0.000509, 0.501686, 0.865049, 0.37472, 0.001886, -0.865045, 0.501687, -0.0, 0.0, 0.0, 0.0, 1.0],
                [1.000001, 0.00191, -0.000413, 0.0, -0.000416, 0.414737, 0.909941, 0.37472, 0.00191, -0.909936, 0.414738, 0.0, 0.0, 0.0, 0.0, 1.0],
                [1.000001, 0.00193, -0.000309, 0.0, -0.000311, 0.313535, 0.949577, 0.37472, 0.001929, -0.949572, 0.313536, -0.0, 0.0, 0.0, 0.0, 1.0],
                [1.000001, 0.001945, -0.000192, 0.0, -0.000194, 0.196403, 0.980524, 0.37472, 0.001944, -0.980519, 0.196403, -0.0, 0.0, 0.0, 0.0, 1.0],
                [1.0, 0.001952, -8.3e-05, -0.0, -8.5e-05, 0.085997, 0.996296, 0.37472, 0.001952, -0.996292, 0.085997, -0.0, 0.0, 0.0, 0.0, 1.0],
                [1.000002, 0.001623, -0.001088, -0.0, -0.001092, 0.925955, 0.377626, 0.37472, 0.00162, -0.377623, 0.925957, 0.0, 0.0, 0.0, 0.0, 1.0],
                [1.000002, 0.001773, -0.000819, 0.0, -0.000823, 0.762775, 0.646661, 0.37472, 0.001771, -0.646657, 0.762777, 0.0, 0.0, 0.0, 0.0, 1.0],
                [1.000001, 0.001935, -0.000271, 0.0, -0.000275, 0.276624, 0.960978, 0.37472, 0.001934, -0.960974, 0.276624, 0.0, 0.0, 0.0, 0.0, 1.0],
                [1.000001, 0.001951, 9.6e-05, 0.0, 9.2e-05, -0.096245, 0.995358, 0.37472, 0.001951, -0.995353, -0.096245, 0.0, 0.0, 0.0, 0.0, 1.0],
                [1.0, 0.001943, 0.000195, -0.0, 0.000192, -0.19728, 0.980348, 0.37472, 0.001944, -0.980343, -0.197281, 0.0, 0.0, 0.0, 0.0, 1.0],
                [1.000001, 0.001943, 0.000199, -0.0, 0.000195, -0.200778, 0.979638, 0.37472, 0.001944, -0.979633, -0.200778, 0.0, 0.0, 0.0, 0.0, 1.0],
                [1.000001, 0.001946, 0.000175, -0.0, 0.000172, -0.17702, 0.984208, 0.37472, 0.001946, -0.984202, -0.17702, 0.0, 0.0, 0.0, 0.0, 1.0],
                [1.0, 0.001949, 0.000124, -0.0, 0.00012, -0.12481, 0.992182, 0.37472, 0.00195, -0.992177, -0.12481, 0.0, 0.0, 0.0, 0.0, 1.0],
                [1.0, 0.001953, 6.4e-05, 0.0, 6e-05, -0.063014, 0.998014, 0.37472, 0.001953, -0.998009, -0.063014, 0.0, 0.0, 0.0, 0.0, 1.0],
                [1.000001, 0.001953, 3e-06, 0.0, -1e-06, -0.000975, 1.0, 0.37472, 0.001953, -0.999995, -0.000975, 0.0, 0.0, 0.0, 0.0, 1.0],
                [1.000001, 0.001953, -5e-05, -0.0, -5.4e-05, 0.053011, 0.998595, 0.37472, 0.001953, -0.998589, 0.053011, 0.0, 0.0, 0.0, 0.0, 1.0],
                [1.0, 0.001952, -9.1e-05, -0.0, -9.5e-05, 0.095314, 0.995448, 0.37472, 0.001951, -0.995444, 0.095314, -0.0, 0.0, 0.0, 0.0, 1.0],
                [1.000001, 0.00195, -0.000124, -0.0, -0.000127, 0.128283, 0.991738, 0.37472, 0.001949, -0.991734, 0.128283, -0.0, 0.0, 0.0, 0.0, 1.0],
                [1.000001, 0.001948, -0.000156, -0.0, -0.00016, 0.161121, 0.986935, 0.37472, 0.001948, -0.98693, 0.161121, -0.0, 0.0, 0.0, 0.0, 1.0],
                [1.000001, 0.001944, -0.000189, 0.0, -0.000191, 0.193772, 0.981047, 0.37472, 0.001944, -0.981043, 0.193773, 0.0, 0.0, 0.0, 0.0, 1.0],
                [1.0, 0.001942, -0.000216, 0.0, -0.000219, 0.221018, 0.97527, 0.37472, 0.001942, -0.975267, 0.221019, 0.0, 0.0, 0.0, 0.0, 1.0],
                [1.0, 0.001938, -0.000243, -0.0, -0.000246, 0.248093, 0.968737, 0.37472, 0.001938, -0.968732, 0.248093, 0.0, 0.0, 0.0, 0.0, 1.0],
                [1.000001, 0.001935, -0.000265, 0.0, -0.000268, 0.27028, 0.962782, 0.37472, 0.001934, -0.962778, 0.270281, -0.0, 0.0, 0.0, 0.0, 1.0],
                [1.000001, 0.001931, -0.000287, -0.0, -0.000291, 0.292325, 0.956319, 0.37472, 0.001931, -0.956315, 0.292326, 0.0, 0.0, 0.0, 0.0, 1.0],
                [1.000001, 0.001929, -0.000304, 0.0, -0.000308, 0.309574, 0.950876, 0.37472, 0.001929, -0.950871, 0.309574, 0.0, 0.0, 0.0, 0.0, 1.0],
                [1.000001, 0.001927, -0.000317, 0.0, -0.000321, 0.32241, 0.9466, 0.37472, 0.001927, -0.946596, 0.322411, -0.0, 0.0, 0.0, 0.0, 1.0],
                [1.0, 0.001926, -0.000325, 0.0, -0.000328, 0.329609, 0.944118, 0.37472, 0.001925, -0.944114, 0.329609, -0.0, 0.0, 0.0, 0.0, 1.0],
                [1.0, 0.001925, -0.000333, -0.0, -0.000335, 0.33679, 0.94158, 0.37472, 0.001924, -0.941577, 0.33679, 0.0, 0.0, 0.0, 0.0, 1.0],
                [1.000001, 0.001924, -0.000339, -0.0, -0.000343, 0.343952, 0.938987, 0.37472, 0.001923, -0.938984, 0.343952, 0.0, 0.0, 0.0, 0.0, 1.0],
                [1.000001, 0.001922, -0.000349, -0.0, -0.000352, 0.353005, 0.935621, 0.37472, 0.001921, -0.935617, 0.353005, -0.0, 0.0, 0.0, 0.0, 1.0],
                [1.000001, 0.001921, -0.000359, -0.0, -0.000361, 0.362025, 0.932168, 0.37472, 0.00192, -0.932164, 0.362026, 0.0, 0.0, 0.0, 0.0, 1.0],
                [1.000001, 0.001918, -0.000372, -0.0, -0.000376, 0.375961, 0.926636, 0.37472, 0.001917, -0.926631, 0.375962, -0.0, 0.0, 0.0, 0.0, 1.0],
                [1.0, 0.001914, -0.000387, -0.0, -0.00039, 0.389812, 0.920895, 0.37472, 0.001914, -0.920891, 0.389812, 0.0, 0.0, 0.0, 0.0, 1.0],
                [1.0, 0.001911, -0.000409, -0.0, -0.000412, 0.410544, 0.911841, 0.37472, 0.00191, -0.911837, 0.410545, 0.0, 0.0, 0.0, 0.0, 1.0],
                [1.0, 0.001906, -0.00043, -0.0, -0.000433, 0.431067, 0.90232, 0.37472, 0.001905, -0.902316, 0.431068, -0.0, 0.0, 0.0, 0.0, 1.0],
                [1.000001, 0.001899, -0.000457, 0.0, -0.00046, 0.456568, 0.889689, 0.37472, 0.001899, -0.889685, 0.456569, -0.0, 0.0, 0.0, 0.0, 1.0],
                [1.0, 0.001892, -0.000491, 0.0, -0.000493, 0.487292, 0.873239, 0.37472, 0.001891, -0.873236, 0.487293, 0.0, 0.0, 0.0, 0.0, 1.0],
                [1.0, 0.001882, -0.000523, -0.0, -0.000526, 0.517423, 0.855729, 0.37472, 0.001882, -0.855726, 0.517424, -0.0, 0.0, 0.0, 0.0, 1.0],
                [1.0, 0.001871, -0.000564, 0.0, -0.000566, 0.553379, 0.832929, 0.37472, 0.00187, -0.832926, 0.55338, 0.0, 0.0, 0.0, 0.0, 1.0],
                [1.0, 0.001857, -0.000607, 0.0, -0.00061, 0.591697, 0.80616, 0.37472, 0.001856, -0.806157, 0.591698, 0.0, 0.0, 0.0, 0.0, 1.0],
                [1.0, 0.001841, -0.000655, -0.0, -0.000657, 0.632456, 0.774596, 0.37472, 0.00184, -0.774594, 0.632456, -0.0, 0.0, 0.0, 0.0, 1.0],
                [1.0, 0.001821, -0.000708, -0.0, -0.00071, 0.676094, 0.736814, 0.37472, 0.001821, -0.736812, 0.676095, 0.0, 0.0, 0.0, 0.0, 1.0],
                [1.0, 0.001798, -0.000765, -0.0, -0.000768, 0.721634, 0.692273, 0.37472, 0.001797, -0.69227, 0.721635, 0.0, 0.0, 0.0, 0.0, 1.0],
                [1.000001, 0.00177, -0.000828, 0.0, -0.000831, 0.768452, 0.639906, 0.37472, 0.001769, -0.639903, 0.768453, -0.0, 0.0, 0.0, 0.0, 1.0],
                [1.0, 0.001736, -0.000897, 0.0, -0.000899, 0.816445, 0.577422, 0.37472, 0.001735, -0.577419, 0.816446, -0.0, 0.0, 0.0, 0.0, 1.0],
                [1.000001, 0.001694, -0.000975, -0.0, -0.000977, 0.865405, 0.50107, 0.37472, 0.001692, -0.501067, 0.865406, 0.0, 0.0, 0.0, 0.0, 1.0],
                [1.000001, 0.001639, -0.001065, -0.0, -0.001067, 0.914376, 0.404861, 0.37472, 0.001637, -0.404859, 0.914377, -0.0, 0.0, 0.0, 0.0, 1.0],
                [1.0, 0.001576, -0.001155, 0.0, -0.001157, 0.954006, 0.299782, 0.37472, 0.001574, -0.299779, 0.954007, -0.0, 0.0, 0.0, 0.0, 1.0],
                [1.000001, 0.001521, -0.001226, -0.0, -0.001228, 0.977506, 0.2109, 0.37472, 0.001519, -0.210898, 0.977506, -0.0, 0.0, 0.0, 0.0, 1.0],
                [1.000001, 0.001477, -0.001278, -0.0, -0.00128, 0.989772, 0.142644, 0.37472, 0.001476, -0.142642, 0.989773, 0.0, 0.0, 0.0, 0.0, 1.0],
                [1.0, 0.001443, -0.001317, -0.0, -0.001319, 0.995965, 0.089723, 0.37472, 0.001441, -0.089721, 0.995965, 0.0, 0.0, 0.0, 0.0, 1.0],
                [1.000001, 0.001391, -0.001372, 0.0, -0.001375, 0.999929, 0.011746, 0.37472, 0.001388, -0.011744, 0.999929, -0.0, 0.0, 0.0, 0.0, 1.0],
                [1.000001, 0.001391, -0.001372, 0.0, -0.001374, 0.999927, 0.011919, 0.37472, 0.001388, -0.011918, 0.999927, -0.0, 0.0, 0.0, 0.0, 1.0],
                [1.000001, 0.001391, -0.001372, 0.0, -0.001374, 0.999925, 0.012091, 0.37472, 0.001389, -0.012089, 0.999925, 0.0, 0.0, 0.0, 0.0, 1.0],
                [1.000001, 0.001391, -0.001372, 0.0, -0.001374, 0.999923, 0.012264, 0.37472, 0.001389, -0.012262, 0.999923, 0.0, 0.0, 0.0, 0.0, 1.0],
                [1.0, 0.001391, -0.001372, 0.0, -0.001374, 0.999921, 0.012437, 0.37472, 0.001389, -0.012435, 0.999921, 0.0, 0.0, 0.0, 0.0, 1.0],
                [1.000002, 0.001608, -0.001109, 0.0, -0.00111, 0.934967, 0.354727, 0.37472, 0.001607, -0.354724, 0.934969, -0.0, 0.0, 0.0, 0.0, 1.0]
            ]
        },
        {
            "name": "Knee_R",
            "time": [0.0, 2.7],
            "transform": [
                [1.0, 0.0, -0.0, -0.0, -0.0, 1e-06, -1.0, 0.37472, -0.0, 1.0, 1e-06, 0.0, 0.0, 0.0, 0.0, 1.0],
                [1.0, 0.0, -0.0, 0.0, -0.0, 1e-06, -1.0, 0.37472, -0.0, 1.0, 1e-06, -0.0, 0.0, 0.0, 0.0, 1.0]
            ]
        },
        {
            "name": "Thigh_L",
            "time": [0.0, 0.1333, 0.1667, 0.2, 0.2333, 0.2667, 0.3, 0.3333, 0.3667, 0.4, 0.4333, 0.5667, 0.7, 0.8, 0.8333, 0.8667, 0.9, 0.9333, 0.9667, 1.0, 1.0333, 1.0667, 1.1, 1.1333, 1.1667, 1.2, 1.2333, 1.2667, 1.3, 1.3333, 1.3667, 1.4, 1.4333, 1.4667, 1.5, 1.5333, 1.5667, 1.6, 1.6333, 1.6667, 1.7, 1.7333, 1.7667, 1.8, 1.8333, 1.8667, 1.9, 1.9333, 1.9667, 2.0, 2.0333, 2.0667, 2.1, 2.1333, 2.1667, 2.2, 2.2333, 2.2667, 2.3, 2.3333, 2.3667, 2.4, 2.4333, 2.4667, 2.7],
            "transform": [
                [0.944623, -0.062107, -0.322093, -0.125094, 0.027246, -0.963713, 0.265721, 0.007652, -0.326876, -0.259807, -0.908652, 0.000655, 0.0, 0.0, 0.0, 1.0],
                [0.867139, -0.472929, -0.156062, -0.125033, -0.104582, -0.479368, 0.871374, -0.008426, -0.486859, -0.739355, -0.465139, 0.001844, 0.0, 0.0, 0.0, 1.0],
                [0.838842, -0.528699, -0.129538, -0.124986, -0.129915, -0.425607, 0.895543, -0.009062, -0.528552, -0.734463, -0.425703, 0.002007, 0.0, 0.0, 0.0, 1.0],
                [0.817221, -0.560571, -0.133699, -0.125048, -0.157596, -0.440601, 0.883772, -0.008117, -0.554269, -0.701236, -0.448412, 0.002173, 0.0, 0.0, 0.0, 1.0],
                [0.811173, -0.563775, -0.155316, -0.125156, -0.175771, -0.488447, 0.854719, -0.006145, -0.557677, -0.666092, -0.495311, 0.002417, 0.0, 0.0, 0.0, 1.0],
                [0.821875, -0.540448, -0.180001, -0.118457, -0.172226, -0.537033, 0.825809, 0.000376, -0.542919, -0.647776, -0.534453, -0.009621, 0.0, 0.0, 0.0, 1.0],
                [0.843273, -0.497797, -0.20259, -0.111757, -0.14384, -0.572315, 0.80734, 0.006896, -0.517785, -0.651733, -0.55422, -0.021659, 0.0, 0.0, 0.0, 1.0],
                [0.865241, -0.441472, -0.237503, -0.105058, -0.092691, -0.606557, 0.789641, 0.013417, -0.492615, -0.66128, -0.565738, -0.033696, 0.0, 0.0, 0.0, 1.0],
                [0.883078, -0.376057, -0.280518, -0.098359, -0.03129, -0.643853, 0.764537, 0.019938, -0.468075, -0.666436, -0.580339, -0.045734, 0.0, 0.0, 0.0, 1.0],
                [0.890361, -0.288455, -0.35211, -0.091659, 0.055327, -0.699291, 0.712728, 0.026458, -0.451772, -0.654131, -0.606662, -0.057772, 0.0, 0.0, 0.0, 1.0],
                [0.881139, -0.170052, -0.441139, -0.08496, 0.161145, -0.769209, 0.61839, 0.032979, -0.444443, -0.616036, -0.650376, -0.06981, 0.0, 0.0, 0.0, 1.0],
                [0.942602, 0.117632, 0.312375, -0.058163, -0.037892, -0.892134, 0.450269, 0.059062, 0.331614, -0.436304, -0.836469, -0.117961, 0.0, 0.0, 0.0, 1.0],
                [0.862064, 0.196694, 0.467, 0.01323, 0.006184, -0.92566, 0.37842, 0.072409, 0.506666, -0.323367, -0.799193, -0.120925, 0.0, 0.0, 0.0, 1.0],
                [0.880361, -0.465216, -0.092116, 0.062099, -0.473886, -0.870185, -0.135142, -0.013059, -0.017286, 0.162643, -0.986535, -0.168894, 0.0, 0.0, 0.0, 1.0],
                [0.753731, -0.567983, -0.330549, -0.032109, -0.646166, -0.732071, -0.215766, -0.034391, -0.119422, 0.376256, -0.918794, -0.093959, 0.0, 0.0, 0.0, 1.0],
                [0.607603, -0.772368, -0.185179, -0.125084, -0.793535, -0.599824, -0.10241, 0.007781, -0.031973, 0.209192, -0.977354, 0.000988, 0.0, 0.0, 0.0, 1.0],
                [0.530784, -0.846879, -0.033307, -0.105616, -0.847304, -0.531064, -0.002347, 0.046042, -0.015698, 0.02947, -0.999443, 0.022019, 0.0, 0.0, 0.0, 1.0],
                [0.534462, -0.840114, 0.092748, -0.086147, -0.843519, -0.523491, 0.119958, 0.084302, -0.05222, -0.142362, -0.988437, 0.043049, 0.0, 0.0, 0.0, 1.0],
                [0.612729, -0.76299, 0.20599, -0.066678, -0.780687, -0.544076, 0.307374, 0.122563, -0.122437, -0.349186, -0.929026, 0.06408, 0.0, 0.0, 0.0, 1.0],
                [0.631516, -0.734467, 0.24852, -0.047209, -0.751295, -0.500587, 0.430044, 0.160823, -0.191427, -0.458338, -0.867929, 0.085111, 0.0, 0.0, 0.0, 1.0],
                [0.664955, -0.709694, 0.232761, -0.039073, -0.704947, -0.493582, 0.509316, 0.163832, -0.246546, -0.502807, -0.828505, 0.096254, 0.0, 0.0, 0.0, 1.0],
                [0.724928, -0.657724, 0.204623, -0.030937, -0.632875, -0.518884, 0.574645, 0.166839, -0.271754, -0.546131, -0.79241, 0.107398, 0.0, 0.0, 0.0, 1.0],
                [0.780526, -0.595168, 0.191129, -0.022802, -0.559975, -0.529997, 0.636812, 0.169847, -0.277684, -0.604136, -0.746955, 0.118541, 0.0, 0.0, 0.0, 1.0],
                [0.805934, -0.565139, 0.176227, -0.014666, -0.523058, -0.540578, 0.65893, 0.172855, -0.277095, -0.623293, -0.73127, 0.129685, 0.0, 0.0, 0.0, 1.0],
                [0.821725, -0.547315, 0.158676, -0.00653, -0.498725, -0.556167, 0.6648, 0.175863, -0.275577, -0.62548, -0.729976, 0.140828, 0.0, 0.0, 0.0, 1.0],
