{
    "animation": [
        {
            "name": "Root",
            "time": [0.0, 0.1, 0.1333, 0.1667, 0.2, 0.2333, 0.2667, 0.3, 0.3333, 0.3667, 0.4, 0.4333, 0.4667, 0.5, 0.5333, 0.5667, 0.6, 0.6333, 0.6667, 0.7, 0.7333, 0.7667, 0.8, 0.8333, 0.8667, 0.9, 0.9333, 0.9667, 1.0, 1.0333, 1.0667, 1.1, 1.1333, 1.1667, 1.2, 1.2333, 1.2667, 1.3, 1.3333, 1.3667, 1.4, 1.4333, 1.4667, 1.5, 1.5333, 1.5667, 1.6, 1.6333, 1.6667, 1.7, 1.7333, 1.7667, 1.8, 1.8333, 1.8667, 1.9, 1.9333, 1.9667, 2.0, 2.0333, 2.0667, 2.1, 2.1333, 2.1667, 2.2, 2.2333, 2.2667, 2.3, 2.3333, 2.3667, 2.4, 2.4333, 2.4667, 2.5, 2.5333, 2.5667, 2.6, 2.6333, 2.6667, 2.7, 2.7333, 2.7667, 2.8, 2.8333, 2.8667, 2.9, 2.9333, 2.9667, 3.0, 3.0333, 3.0667, 3.1, 3.1333, 3.1667, 3.2, 3.2333, 3.2667, 3.8],
            "transform": [
                [0.907198, 0.000421, -0.420704, -0.362378, -0.420638, 0.018703, -0.907037, -0.167926, 0.007487, 0.999825, 0.017144, 0.679144, 0.0, 0.0, 0.0, 1.0],
                [-0.739567, 0.308958, -0.597985, 0.160357, -0.430217, 0.466271, 0.772985, 0.074206, 0.517643, 0.828936, -0.21192, 0.38888, 0.0, 0.0, 0.0, 1.0],
                [-0.715322, 0.457294, -0.528392, 0.365774, -0.203619, 0.586934, 0.783612, 0.134974, 0.668473, 0.668123, -0.326733, 0.360438, 0.0, 0.0, 0.0, 1.0],
                [-0.66007, 0.57097, -0.488162, 0.591705, -0.025708, 0.632287, 0.774308, 0.259148, 0.750767, 0.523644, -0.402675, 0.340739, 0.0, 0.0, 0.0, 1.0],
                [-0.596018, 0.651752, -0.469023, 0.830673, 0.075176, 0.626834, 0.775517, 0.44843, 0.799447, 0.426961, -0.4226, 0.332924, 0.0, 0.0, 0.0, 1.0],
                [-0.52956, 0.715096, -0.456294, 1.073551, 0.125839, 0.598182, 0.791418, 0.674672, 0.838888, 0.361683, -0.406761, 0.333106, 0.0, 0.0, 0.0, 1.0],
                [-0.470155, 0.760181, -0.448417, 1.330256, 0.14447, 0.567506, 0.810596, 0.931112, 0.870682, 0.316322, -0.376639, 0.336002, 0.0, 0.0, 0.0, 1.0],
                [-0.423041, 0.789025, -0.445506, 1.61069, 0.154215, 0.54719, 0.822679, 1.210999, 0.892893, 0.279322, -0.353163, 0.336324, 0.0, 0.0, 0.0, 1.0],
                [-0.393177, 0.80013, -0.452992, 1.924772, 0.17932, 0.549937, 0.815729, 1.507566, 0.90181, 0.239495, -0.359702, 0.328777, 0.0, 0.0, 0.0, 1.0],
                [-0.390318, 0.789825, -0.473105, 2.325669, 0.232812, 0.581834, 0.779274, 1.84516, 0.890761, 0.194019, -0.410981, 0.30892, 0.0, 0.0, 0.0, 1.0],
                [-0.433706, 0.737862, -0.517162, 3.04757, 0.323368, 0.663174, 0.675005, 2.424325, 0.841033, 0.125519, -0.526224, 0.264894, 0.0, 0.0, 0.0, 1.0],
                [-0.495664, 0.663653, -0.560251, 3.690667, 0.374322, 0.745317, 0.551711, 2.984998, 0.783712, 0.063749, -0.617847, 0.223308, 0.0, 0.0, 0.0, 1.0],
                [-0.523186, 0.613994, -0.591007, 3.93393, 0.364302, 0.788064, 0.496224, 3.285605, 0.770432, 0.044311, -0.635983, 0.208327, 0.0, 0.0, 0.0, 1.0],
                [-0.540203, 0.539873, -0.645537, 4.096183, 0.306171, 0.840608, 0.446805, 3.653115, 0.783865, 0.04372, -0.619393, 0.199936, 0.0, 0.0, 0.0, 1.0],
                [-0.544491, 0.460636, -0.70096, 4.196464, 0.230749, 0.885717, 0.402812, 3.996443, 0.806406, 0.057582, -0.588555, 0.194997, 0.0, 0.0, 0.0, 1.0],
                [-0.539576, 0.402916, -0.739269, 4.228996, 0.169801, 0.912088, 0.373175, 4.212196, 0.824639, 0.075827, -0.560556, 0.19376, 0.0, 0.0, 0.0, 1.0],
                [-0.520983, 0.316529, -0.792709, 4.238955, 0.072706, 0.941779, 0.328272, 4.521545, 0.850468, 0.113389, -0.513664, 0.194523, 0.0, 0.0, 0.0, 1.0],
                [-0.491787, 0.227979, -0.84034, 4.220584, -0.029178, 0.960256, 0.277588, 4.821092, 0.870229, 0.161033, -0.46559, 0.197535, 0.0, 0.0, 0.0, 1.0],
                [-0.465094, 0.169615, -0.868861, 4.196459, -0.095519, 0.966127, 0.239734, 5.017255, 0.880096, 0.194491, -0.433138, 0.200793, 0.0, 0.0, 0.0, 1.0],
                [-0.423097, 0.081976, -0.90237, 4.155071, -0.1896, 0.96584, 0.17664, 5.311606, 0.886028, 0.245824, -0.393101, 0.207213, 0.0, 0.0, 0.0, 1.0],
                [-0.380851, -0.003197, -0.924631, 4.119017, -0.271749, 0.956217, 0.108626, 5.610531, 0.883804, 0.292636, -0.365045, 0.214444, 0.0, 0.0, 0.0, 1.0],
                [-0.353973, -0.064267, -0.933046, 4.09881, -0.322761, 0.944739, 0.057374, 5.815078, 0.8778, 0.321458, -0.355154, 0.220525, 0.0, 0.0, 0.0, 1.0],
                [-0.301595, -0.164474, -0.939143, 4.062193, -0.398826, 0.916452, -0.032423, 6.127964, 0.866015, 0.364775, -0.341994, 0.232581, 0.0, 0.0, 0.0, 1.0],
                [-0.242863, -0.268444, -0.932179, 4.019053, -0.470899, 0.872755, -0.128649, 6.444324, 0.848102, 0.407716, -0.33837, 0.246902, 0.0, 0.0, 0.0, 1.0],
                [-0.197065, -0.335745, -0.921109, 3.985799, -0.514601, 0.835122, -0.194309, 6.655803, 0.834479, 0.435711, -0.337348, 0.257506, 0.0, 0.0, 0.0, 1.0],
                [-0.126388, -0.431332, -0.893297, 3.928926, -0.572603, 0.767067, -0.289368, 6.970778, 0.810033, 0.47493, -0.343931, 0.274229, 0.0, 0.0, 0.0, 1.0],
                [-0.052641, -0.514486, -0.855882, 3.864861, -0.619439, 0.689078, -0.376121, 7.280902, 0.78328, 0.510365, -0.354967, 0.290979, 0.0, 0.0, 0.0, 1.0],
                [-0.004075, -0.559838, -0.828593, 3.817213, -0.644744, 0.634847, -0.425765, 7.482692, 0.764389, 0.532493, -0.363539, 0.301788, 0.0, 0.0, 0.0, 1.0],
                [0.06186, -0.612583, -0.787982, 3.738084, -0.673952, 0.556689, -0.485683, 7.774826, 0.736184, 0.561104, -0.378415, 0.316613, 0.0, 0.0, 0.0, 1.0],
                [0.119412, -0.647689, -0.752489, 3.651101, -0.695087, 0.486649, -0.529178, 8.05381, 0.708941, 0.586234, -0.392089, 0.329378, 0.0, 0.0, 0.0, 1.0],
                [0.149287, -0.66115, -0.735251, 3.587723, -0.707299, 0.448215, -0.546655, 8.229302, 0.690973, 0.601649, -0.400719, 0.336062, 0.0, 0.0, 0.0, 1.0],
                [0.179101, -0.664386, -0.725614, 3.484356, -0.722959, 0.41135, -0.555087, 8.4737, 0.667274, 0.624004, -0.406651, 0.342542, 0.0, 0.0, 0.0, 1.0],
                [0.177576, -0.643863, -0.744249, 3.366522, -0.739574, 0.411609, -0.532551, 8.691208, 0.64923, 0.644994, -0.403092, 0.344366, 0.0, 0.0, 0.0, 1.0],
                [0.136653, -0.600185, -0.788102, 3.270008, -0.750361, 0.456689, -0.477906, 8.810262, 0.64675, 0.656666, -0.387948, 0.341753, 0.0, 0.0, 0.0, 1.0],
                [0.073385, -0.53317, -0.84282, 3.160691, -0.755774, 0.521668, -0.395815, 8.912377, 0.65071, 0.666026, -0.364674, 0.336552, 0.0, 0.0, 0.0, 1.0],
                [-0.047049, -0.394315, -0.917771, 2.980649, -0.744169, 0.626734, -0.231124, 9.036365, 0.666335, 0.6721, -0.322924, 0.324766, 0.0, 0.0, 0.0, 1.0],
                [-0.166502, -0.228776, -0.959135, 2.788169, -0.708445, 0.704329, -0.045016, 9.140448, 0.685846, 0.671997, -0.279348, 0.309827, 0.0, 0.0, 0.0, 1.0],
                [-0.23225, -0.122905, -0.96486, 2.656179, -0.678777, 0.730975, 0.070274, 9.201057, 0.696653, 0.671244, -0.253194, 0.298458, 0.0, 0.0, 0.0, 1.0],
                [-0.295214, -0.007875, -0.9554, 2.460166, -0.649752, 0.734784, 0.194714, 9.287678, 0.700481, 0.678253, -0.222036, 0.280502, 0.0, 0.0, 0.0, 1.0],
                [-0.312683, 0.035064, -0.949211, 2.272333, -0.659674, 0.710988, 0.24357, 9.377241, 0.683419, 0.702327, -0.199183, 0.262531, 0.0, 0.0, 0.0, 1.0],
                [-0.277607, -0.030635, -0.960208, 2.197857, -0.719902, 0.668465, 0.186805, 9.424819, 0.636143, 0.743111, -0.207625, 0.244852, 0.0, 0.0, 0.0, 1.0],
                [-0.180181, -0.180255, -0.966977, 2.167953, -0.815428, 0.577157, 0.044353, 9.449036, 0.550104, 0.796489, -0.250978, 0.219475, 0.0, 0.0, 0.0, 1.0],
                [-0.002329, -0.358175, -0.933653, 2.113061, -0.897767, 0.411993, -0.155812, 9.461656, 0.440466, 0.837838, -0.322517, 0.194161, 0.0, 0.0, 0.0, 1.0],
                [0.245427, -0.497422, -0.832069, 1.963615, -0.911989, 0.172557, -0.372158, 9.474434, 0.328699, 0.850173, -0.411294, 0.175079, 0.0, 0.0, 0.0, 1.0],
                [0.523157, -0.537509, -0.661356, 1.650004, -0.81953, -0.104373, -0.563452, 9.499092, 0.233833, 0.836773, -0.495109, 0.16946, 0.0, 0.0, 0.0, 1.0],
                [0.917582, -0.306951, -0.252636, 0.559733, -0.384123, -0.520809, -0.76237, 9.546069, 0.102435, 0.796579, -0.595793, 0.222337, 0.0, 0.0, 0.0, 1.0],
                [0.970923, 0.093561, 0.22035, -0.660214, 0.227729, -0.644767, -0.729669, 9.618313, 0.073806, 0.758631, -0.647328, 0.112993, 0.0, 0.0, 0.0, 1.0],
                [0.857667, 0.204647, 0.471729, -1.248103, 0.502485, -0.528326, -0.684385, 9.717316, 0.109169, 0.824008, -0.555961, 0.130137, 0.0, 0.0, 0.0, 1.0],
                [0.726589, 0.192902, 0.659438, -1.696268, 0.676835, -0.366028, -0.638686, 9.829522, 0.118169, 0.910391, -0.396515, 0.141094, 0.0, 0.0, 0.0, 1.0],
                [0.57761, 0.11333, 0.808409, -2.066186, 0.809643, -0.20588, -0.54963, 9.934947, 0.104145, 0.971992, -0.210676, 0.145688, 0.0, 0.0, 0.0, 1.0],
                [0.359322, 0.023475, 0.93292, -4.0429, 0.930725, -0.081973, -0.356415, 10.013343, 0.068108, 0.996357, -0.051304, 0.143746, 0.0, 0.0, 0.0, 1.0],
                [0.020222, -0.083996, 0.996263, -4.397562, 0.999781, -0.00379, -0.020613, 10.042959, 0.005507, 0.996458, 0.083901, 0.131208, 0.0, 0.0, 0.0, 1.0],
                [-0.351777, -0.202933, 0.913824, -4.720374, 0.93167, 0.018785, 0.36282, 10.040238, -0.090795, 0.979011, 0.182459, 0.109507, 0.0, 0.0, 0.0, 1.0],
                [-0.664765, -0.281368, 0.69204, -4.994898, 0.725426, -0.021849, 0.687954, 10.0422, -0.178448, 0.959351, 0.218636, 0.086702, 0.0, 0.0, 0.0, 1.0],
                [-0.851691, -0.285183, 0.439653, -5.20464, 0.476493, -0.072224, 0.876208, 10.085952, -0.218126, 0.955748, 0.1974, 0.070856, 0.0, 0.0, 0.0, 1.0],
                [-0.978929, -0.157986, 0.129377, -5.39089, 0.145248, -0.093393, 0.984979, 10.25545, -0.14353, 0.983014, 0.114372, 0.061585, 0.0, 0.0, 0.0, 1.0],
                [-0.989155, 0.041203, -0.140978, -5.495286, -0.142672, -0.041562, 0.988898, 10.470177, 0.034886, 0.998286, 0.04699, 0.058241, 0.0, 0.0, 0.0, 1.0],
                [-0.923591, 0.20572, -0.323511, -5.565101, -0.322483, 0.039466, 0.945754, 10.654764, 0.207328, 0.977814, 0.029891, 0.057177, 0.0, 0.0, 0.0, 1.0],
                [-0.852378, 0.300165, -0.428199, -5.643434, -0.422505, 0.087183, 0.902159, 10.763662, 0.308128, 0.949894, 0.052509, 0.055351, 0.0, 0.0, 0.0, 1.0],
                [-0.824132, 0.361438, -0.436084, -5.707216, -0.437345, 0.083159, 0.895441, 10.805108, 0.359911, 0.92868, 0.089539, 0.053861, 0.0, 0.0, 0.0, 1.0],
                [-0.819988, 0.4073, -0.402154, -5.767448, -0.41749, 0.055051, 0.907014, 10.824755, 0.391565, 0.911633, 0.124903, 0.053693, 0.0, 0.0, 0.0, 1.0],
                [-0.821761, 0.415137, -0.390348, -5.79888, -0.41072, 0.043333, 0.910733, 10.838628, 0.394993, 0.908726, 0.134896, 0.054325, 0.0, 0.0, 0.0, 1.0],
                [-0.822932, 0.41904, -0.383654, -5.830939, -0.407627, 0.034907, 0.912482, 10.854349, 0.395758, 0.907296, 0.142086, 0.054779, 0.0, 0.0, 0.0, 1.0],
                [-0.825162, 0.419987, -0.377782, -5.864351, -0.405149, 0.026032, 0.913882, 10.870307, 0.393653, 0.907156, 0.148677, 0.054892, 0.0, 0.0, 0.0, 1.0],
                [-0.82882, 0.418388, -0.371496, -5.898439, -0.402072, 0.01636, 0.915463, 10.886114, 0.389096, 0.90812, 0.154663, 0.054742, 0.0, 0.0, 0.0, 1.0],
                [-0.83353, 0.414623, -0.365126, -5.93224, -0.398617, 0.006263, 0.917098, 10.901496, 0.382536, 0.909971, 0.160056, 0.054594, 0.0, 0.0, 0.0, 1.0],
                [-0.836751, 0.412035, -0.360661, -5.954131, -0.396051, -0.000549, 0.91823, 10.911183, 0.378145, 0.911167, 0.163646, 0.054497, 0.0, 0.0, 0.0, 1.0],
                [-0.840026, 0.409381, -0.356041, -5.975198, -0.393289, -0.007413, 0.919386, 10.920375, 0.37374, 0.912333, 0.167232, 0.054577, 0.0, 0.0, 0.0, 1.0],
                [-0.844219, 0.404763, -0.351372, -5.995164, -0.389707, -0.013442, 0.920842, 10.928967, 0.367999, 0.914323, 0.169087, 0.054659, 0.0, 0.0, 0.0, 1.0],
                [-0.848465, 0.400044, -0.346515, -6.013858, -0.385895, -0.019536, 0.922338, 10.936865, 0.362205, 0.916287, 0.170951, 0.055097, 0.0, 0.0, 0.0, 1.0],
                [-0.853723, 0.3952, -0.339081, -6.03069, -0.379626, -0.026642, 0.924758, 10.943735, 0.35643, 0.918208, 0.172773, 0.055534, 0.0, 0.0, 0.0, 1.0],
                [-0.858999, 0.390214, -0.331443, -6.045715, -0.373095, -0.033781, 0.92718, 10.949751, 0.350602, 0.920103, 0.174605, 0.056502, 0.0, 0.0, 0.0, 1.0],
                [-0.864586, 0.384378, -0.323643, -6.058537, -0.365258, -0.038434, 0.930114, 10.954659, 0.345076, 0.922375, 0.173627, 0.057475, 0.0, 0.0, 0.0, 1.0],
                [-0.870127, 0.378466, -0.315662, -6.068895, -0.357207, -0.043049, 0.933034, 10.958429, 0.339533, 0.924613, 0.172649, 0.059155, 0.0, 0.0, 0.0, 1.0],
                [-0.876859, 0.372254, -0.304215, -6.076506, -0.345856, -0.048928, 0.937012, 10.960833, 0.333922, 0.92684, 0.17165, 0.060839, 0.0, 0.0, 0.0, 1.0],
                [-0.883458, 0.36593, -0.292572, -6.081104, -0.334255, -0.054715, 0.940895, 10.961752, 0.328294, 0.929031, 0.170653, 0.063167, 0.0, 0.0, 0.0, 1.0],
                [-0.890339, 0.360124, -0.278581, -6.082399, -0.319646, -0.058689, 0.945719, 10.961251, 0.324226, 0.931056, 0.167366, 0.065981, 0.0, 0.0, 0.0, 1.0],
                [-0.897005, 0.354262, -0.26435, -6.080142, -0.30478, -0.062551, 0.950368, 10.959005, 0.320144, 0.933051, 0.16408, 0.069327, 0.0, 0.0, 0.0, 1.0],
                [-0.904579, 0.348113, -0.246078, -6.074045, -0.285274, -0.065351, 0.956217, 10.95501, 0.31679, 0.935171, 0.158423, 0.073252, 0.0, 0.0, 0.0, 1.0],
                [-0.911753, 0.341972, -0.227514, -6.06273, -0.265478, -0.067979, 0.961718, 10.948018, 0.313414, 0.937248, 0.152766, 0.078137, 0.0, 0.0, 0.0, 1.0],
                [-0.919821, 0.335111, -0.20404, -6.045408, -0.239685, -0.068229, 0.968451, 10.937191, 0.310618, 0.939704, 0.14308, 0.084231, 0.0, 0.0, 0.0, 1.0],
                [-0.927863, 0.328164, -0.177143, -6.022689, -0.210652, -0.069244, 0.975107, 10.92303, 0.307729, 0.942079, 0.133377, 0.091369, 0.0, 0.0, 0.0, 1.0],
                [-0.935145, 0.321002, -0.149876, -5.995179, -0.180206, -0.06678, 0.981361, 10.905951, 0.30501, 0.944721, 0.120296, 0.099395, 0.0, 0.0, 0.0, 1.0],
                [-0.942065, 0.313899, -0.118245, -5.963496, -0.145651, -0.065255, 0.987183, 10.886533, 0.302159, 0.947211, 0.107195, 0.108138, 0.0, 0.0, 0.0, 1.0],
                [-0.948325, 0.305255, -0.086599, -5.927998, -0.110241, -0.061051, 0.992029, 10.865056, 0.297535, 0.950311, 0.091548, 0.117505, 0.0, 0.0, 0.0, 1.0],
                [-0.953438, 0.297076, -0.051991, -5.890014, -0.072156, -0.057313, 0.995746, 10.842534, 0.292832, 0.953132, 0.07608, 0.12733, 0.0, 0.0, 0.0, 1.0],
                [-0.957037, 0.289478, -0.016826, -5.849443, -0.033599, -0.053071, 0.998027, 10.81885, 0.288014, 0.955712, 0.060517, 0.137222, 0.0, 0.0, 0.0, 1.0],
                [-0.959068, 0.282364, 0.021434, -5.807127, 0.007839, -0.049187, 0.998761, 10.794816, 0.283068, 0.958045, 0.04496, 0.147115, 0.0, 0.0, 0.0, 1.0],
                [-0.959946, 0.273769, 0.059613, -5.76368, 0.049182, -0.044814, 0.997786, 10.770951, 0.275834, 0.960751, 0.029555, 0.157007, 0.0, 0.0, 0.0, 1.0],
                [-0.959007, 0.265914, 0.097953, -5.719702, 0.090579, -0.039887, 0.995092, 10.747559, 0.268516, 0.96317, 0.014166, 0.166469, 0.0, 0.0, 0.0, 1.0],
                [-0.956289, 0.257335, 0.138893, -5.675813, 0.135014, -0.032772, 0.990303, 10.725274, 0.259391, 0.965766, -0.003404, 0.175926, 0.0, 0.0, 0.0, 1.0],
                [-0.95181, 0.249819, 0.177901, -5.632609, 0.177432, -0.024586, 0.983827, 10.704554, 0.250152, 0.96798, -0.020924, 0.184599, 0.0, 0.0, 0.0, 1.0],
                [-0.94667, 0.241087, 0.213762, -5.590709, 0.215212, -0.020621, 0.976351, 10.685902, 0.239793, 0.970284, -0.032363, 0.192535, 0.0, 0.0, 0.0, 1.0],
                [-0.940431, 0.233034, 0.24756, -5.550742, 0.250916, -0.015618, 0.967884, 10.669745, 0.229416, 0.972343, -0.043784, 0.19957, 0.0, 0.0, 0.0, 1.0],
                [-0.933207, 0.223659, 0.281252, -5.513313, 0.285659, -0.013092, 0.958244, 10.656651, 0.218002, 0.974579, -0.051673, 0.205339, 0.0, 0.0, 0.0, 1.0],
                [-0.925671, 0.214821, 0.311425, -5.479003, 0.316934, -0.009216, 0.948404, 10.647166, 0.206607, 0.976609, -0.059553, 0.252652, 0.0, 0.0, 0.0, 1.0],
                [-0.917403, 0.204168, 0.341598, -5.446914, 0.347319, -0.00827, 0.937711, 10.641562, 0.194275, 0.9789, -0.063324, 0.287735, 0.0, 0.0, 0.0, 1.0],
                [-0.350848, 0.004723, -0.936422, -5.125733, -0.936431, 0.000678, 0.350855, 10.713171, 0.002292, 0.999988, 0.004185, 0.494879, 0.0, 0.0, 0.0, 1.0]
            ]
        },
        {
            "name": "Thigh_R",
            "time": [0.0, 0.1, 0.1333, 0.1667, 0.2, 0.2333, 0.2667, 0.3, 0.3333, 0.3667, 0.4, 0.4333, 0.4667, 0.5, 0.5333, 0.5667, 0.6, 0.6333, 0.6667, 0.7, 0.7333, 0.7667, 0.8, 0.8333, 0.8667, 0.9, 0.9333, 0.9667, 1.0, 1.0333, 1.0667, 1.1, 1.1333, 1.1667, 1.2, 1.2333, 1.2667, 1.3, 1.3333, 1.3667, 1.4, 1.4333, 1.4667, 1.5, 1.5333, 1.5667, 1.6, 1.6333, 1.6667, 1.7, 1.7333, 1.7667, 1.8, 1.8333, 1.8667, 1.9, 1.9333, 1.9667, 2.0, 2.0333, 2.0667, 2.1, 2.1333, 2.1667, 2.2, 2.2333, 2.2667, 2.3, 2.3333, 2.3667, 2.4, 2.4333, 2.4667, 2.5, 2.5333, 2.5667, 2.6, 2.6333, 2.6667, 2.7, 2.7333, 2.7667, 2.8, 2.8333, 2.8667, 2.9, 2.9333, 2.9667, 3.0, 3.0333, 3.0667, 3.1, 3.1333, 3.1667, 3.2, 3.2333, 3.2667, 3.3, 3.8],
            "transform": [
                [0.945483, 0.067158, 0.318674, 0.133847, 0.064694, -0.997738, 0.018325, 0.001085, 0.319184, 0.00329, -0.947688, 0.043038, 0.0, 0.0, 0.0, 1.0],
                [0.349029, -0.727803, -0.590359, 0.05149, -0.249688, -0.679469, 0.689941, 0.10314, -0.903182, -0.093413, -0.418878, -0.121417, 0.0, 0.0, 0.0, 1.0],
                [0.332453, -0.733082, -0.593387, 0.043584, -0.368867, -0.680162, 0.633521, 0.112646, -0.867938, 0.008266, -0.496532, -0.123302, 0.0, 0.0, 0.0, 1.0],
                [0.329459, -0.629301, -0.703893, 0.035678, -0.373142, -0.771647, 0.515142, 0.122151, -0.867252, 0.092943, -0.489044, -0.125188, 0.0, 0.0, 0.0, 1.0],
                [0.260494, -0.665743, -0.699262, 0.027772, -0.291856, -0.744718, 0.600217, 0.131656, -0.920254, 0.047736, -0.388296, -0.127074, 0.0, 0.0, 0.0, 1.0],
                [0.193717, -0.686446, -0.700934, 0.019867, -0.123497, -0.725884, 0.676677, 0.141162, -0.973204, -0.044525, -0.225391, -0.128959, 0.0, 0.0, 0.0, 1.0],
                [0.127938, -0.738009, -0.662591, 0.021564, 0.052928, -0.662081, 0.74759, 0.116531, -0.99032, -0.130727, -0.045644, -0.137285, 0.0, 0.0, 0.0, 1.0],
                [0.064954, -0.8227, -0.564813, 0.023262, 0.16957, -0.548701, 0.818658, 0.0919, -0.983325, -0.148964, 0.103865, -0.14561, 0.0, 0.0, 0.0, 1.0],
                [0.063524, -0.838005, -0.542017, 0.02496, 0.270283, -0.508391, 0.817623, 0.067269, -0.960632, -0.198455, 0.194203, -0.153936, 0.0, 0.0, 0.0, 1.0],
                [0.063573, -0.961847, -0.266263, 0.026658, 0.251635, -0.242742, 0.936889, 0.042638, -0.965681, -0.126574, 0.226603, -0.162262, 0.0, 0.0, 0.0, 1.0],
                [-0.040396, -0.882444, 0.468759, 0.028356, 0.097484, 0.463442, 0.880762, 0.018007, -0.994369, 0.081283, 0.067302, -0.170587, 0.0, 0.0, 0.0, 1.0],
                [-0.114031, -0.190252, 0.975091, 0.035445, 0.074613, 0.977129, 0.199358, 0.022343, -0.990624, 0.095496, -0.097228, -0.155515, 0.0, 0.0, 0.0, 1.0],
                [-0.058634, -0.156339, 0.985962, 0.042536, -0.029526, 0.98755, 0.15482, 0.026679, -0.997796, -0.020036, -0.06252, -0.140443, 0.0, 0.0, 0.0, 1.0],
                [0.055853, -0.364625, 0.929485, 0.049625, -0.195906, 0.908881, 0.368282, 0.031016, -0.978983, -0.202681, -0.020668, -0.12537, 0.0, 0.0, 0.0, 1.0],
                [0.250932, -0.618252, 0.744868, 0.056716, -0.404373, 0.632201, 0.660929, 0.035352, -0.879444, -0.467097, -0.091366, -0.110298, 0.0, 0.0, 0.0, 1.0],
                [0.41951, -0.742173, 0.522711, 0.063805, -0.360963, 0.391966, 0.846212, 0.039688, -0.83284, -0.543724, -0.103464, -0.095225, 0.0, 0.0, 0.0, 1.0],
                [0.586247, -0.792959, 0.165999, 0.070895, -0.262726, 0.007723, 0.96484, 0.044024, -0.766284, -0.609303, -0.203805, -0.080154, 0.0, 0.0, 0.0, 1.0],
                [0.656035, -0.72059, -0.224445, 0.076494, -0.119865, -0.393128, 0.911647, 0.032409, -0.745085, -0.571223, -0.344281, -0.087678, 0.0, 0.0, 0.0, 1.0],
                [0.644247, -0.566575, -0.513742, 0.082094, -0.022852, -0.685736, 0.727525, 0.020791, -0.764412, -0.457009, -0.454731, -0.095201, 0.0, 0.0, 0.0, 1.0],
                [0.558185, -0.496101, -0.665062, 0.087692, 0.076243, -0.767545, 0.63649, 0.009177, -0.826147, -0.406024, -0.390609, -0.102725, 0.0, 0.0, 0.0, 1.0],
                [0.381724, -0.901318, -0.204883, 0.093291, 0.166747, -0.15088, 0.97439, -0.002442, -0.909057, -0.40615, 0.092697, -0.110249, 0.0, 0.0, 0.0, 1.0],
                [0.274753, -0.886493, 0.372433, 0.09889, 0.254037, 0.440527, 0.861056, -0.014057, -0.927297, -0.141979, 0.34624, -0.117773, 0.0, 0.0, 0.0, 1.0],
                [0.167443, -0.383159, 0.908385, 0.10449, 0.328557, 0.890449, 0.314988, -0.025673, -0.929473, 0.245737, 0.274989, -0.125297, 0.0, 0.0, 0.0, 1.0],
                [-0.097838, -0.205373, 0.973782, 0.110089, 0.261643, 0.938791, 0.224265, -0.037291, -0.960144, 0.276751, -0.038115, -0.132821, 0.0, 0.0, 0.0, 1.0],
                [-0.26837, -0.384994, 0.883043, 0.115688, 0.118558, 0.896547, 0.426879, -0.048906, -0.955943, 0.219274, -0.194962, -0.140345, 0.0, 0.0, 0.0, 1.0],
                [-0.346935, -0.65899, 0.667383, 0.121287, -0.050942, 0.723808, 0.688155, -0.060523, -0.936455, 0.204766, -0.284685, -0.147869, 0.0, 0.0, 0.0, 1.0],
                [-0.378256, -0.761444, 0.526467, 0.126886, -0.064686, 0.589106, 0.805484, -0.072139, -0.923387, 0.270649, -0.272088, -0.155393, 0.0, 0.0, 0.0, 1.0],
                [-0.432317, -0.816916, 0.381834, 0.132485, -0.065335, 0.450743, 0.890272, -0.083755, -0.899298, 0.359967, -0.248237, -0.162917, 0.0, 0.0, 0.0, 1.0],
                [-0.541953, -0.83539, 0.091918, 0.138085, -0.109821, 0.178848, 0.977731, -0.095372, -0.833144, 0.519839, -0.188672, -0.170442, 0.0, 0.0, 0.0, 1.0],
                [-0.626568, -0.752129, -0.204282, 0.136188, -0.201562, -0.096807, 0.97468, -0.075749, -0.752786, 0.651942, -0.090945, -0.163634, 0.0, 0.0, 0.0, 1.0],
                [-0.653672, -0.646642, -0.39315, 0.134294, -0.275908, -0.280114, 0.919464, -0.056128, -0.704621, 0.709569, 0.004688, -0.156826, 0.0, 0.0, 0.0, 1.0],
                [-0.650048, -0.416958, -0.635265, 0.132399, -0.376734, -0.549196, 0.74597, -0.036506, -0.659858, 0.724312, 0.199922, -0.150019, 0.0, 0.0, 0.0, 1.0],
                [-0.608809, -0.140568, -0.780742, 0.130503, -0.425442, -0.772839, 0.470915, -0.016883, -0.669518, 0.618918, 0.410707, -0.143212, 0.0, 0.0, 0.0, 1.0],
                [-0.577421, -0.057042, -0.814432, 0.128608, -0.38394, -0.861425, 0.332561, 0.00274, -0.720472, 0.50477, 0.475503, -0.136405, 0.0, 0.0, 0.0, 1.0],
                [-0.551968, -0.044946, -0.832636, 0.126714, -0.2842, -0.928657, 0.238542, 0.022362, -0.78388, 0.368338, 0.499815, -0.129597, 0.0, 0.0, 0.0, 1.0],
                [-0.384624, -0.276131, -0.8808, 0.124818, -0.020079, -0.95153, 0.307044, 0.041983, -0.922803, 0.135796, 0.360436, -0.122789, 0.0, 0.0, 0.0, 1.0],
                [-0.01045, -0.664976, -0.746822, 0.122923, 0.21991, -0.730139, 0.646982, 0.061606, -0.975415, -0.157488, 0.153864, -0.115982, 0.0, 0.0, 0.0, 1.0],
                [0.175907, -0.782586, -0.597223, 0.124773, 0.263912, -0.547006, 0.794455, 0.05571, -0.948319, -0.297394, 0.110311, -0.118667, 0.0, 0.0, 0.0, 1.0],
                [0.241699, -0.936049, -0.255873, 0.126622, 0.177504, -0.216599, 0.959991, 0.049816, -0.953928, -0.277473, 0.113801, -0.121352, 0.0, 0.0, 0.0, 1.0],
                [0.114149, -0.982842, 0.145194, 0.128473, -0.050742, 0.140196, 0.988826, 0.043919, -0.992119, -0.120252, -0.033869, -0.124036, 0.0, 0.0, 0.0, 1.0],
                [-0.142273, -0.945178, 0.294074, 0.130322, -0.253561, 0.322, 0.912156, 0.038026, -0.956751, 0.055214, -0.285472, -0.126721, 0.0, 0.0, 0.0, 1.0],
                [-0.403504, -0.850228, 0.338157, 0.132172, -0.344666, 0.483628, 0.804563, 0.032129, -0.847523, 0.208113, -0.488191, -0.129406, 0.0, 0.0, 0.0, 1.0],
                [-0.441314, -0.821979, 0.360058, 0.134021, -0.319281, 0.518854, 0.793011, 0.026234, -0.838576, 0.235029, -0.491418, -0.13209, 0.0, 0.0, 0.0, 1.0],
                [-0.238392, -0.928896, 0.283547, 0.13587, -0.317545, 0.350491, 0.881093, 0.020339, -0.917736, 0.120018, -0.378522, -0.134775, 0.0, 0.0, 0.0, 1.0],
                [0.152326, -0.973974, 0.168106, 0.115433, -0.166867, 0.142309, 0.975655, 0.029046, -0.974093, -0.176686, -0.140848, -0.152659, 0.0, 0.0, 0.0, 1.0],
                [-0.004327, -0.701766, -0.712429, 0.094998, 0.265864, -0.687635, 0.675659, 0.037753, -0.96395, -0.186504, 0.189549, -0.170542, 0.0, 0.0, 0.0, 1.0],
                [0.02914, 0.465551, -0.884553, 0.074563, -0.381734, -0.812705, -0.440272, 0.046461, -0.923762, 0.350528, 0.154035, -0.188425, 0.0, 0.0, 0.0, 1.0],
                [0.436356, 0.800427, -0.41104, 0.054127, -0.237936, -0.337926, -0.910604, 0.055169, -0.86769, 0.495195, 0.042995, -0.206308, 0.0, 0.0, 0.0, 1.0],
                [0.612454, 0.20402, -0.763704, 0.033691, -0.149278, -0.918931, -0.36519, 0.063876, -0.776221, 0.3377, -0.532346, -0.224191, 0.0, 0.0, 0.0, 1.0],
                [0.447984, -0.656154, -0.607286, 0.013335, -0.051743, -0.697194, 0.715047, 0.048289, -0.892489, -0.288935, -0.346283, -0.19124, 0.0, 0.0, 0.0, 1.0],
                [0.511668, -0.737827, -0.440268, -0.007022, 0.5045, -0.156758, 0.84905, 0.032703, -0.6954, -0.656609, 0.292025, -0.158289, 0.0, 0.0, 0.0, 1.0],
                [0.477413, -0.43864, -0.76136, -0.027374, 0.752719, -0.242785, 0.6119, 0.017116, -0.453207, -0.865302, 0.214264, -0.125339, 0.0, 0.0, 0.0, 1.0],
                [0.29702, -0.068098, -0.952436, -0.047498, 0.824748, -0.484328, 0.291849, 0.028338, -0.48112, -0.872288, -0.087691, -0.106778, 0.0, 0.0, 0.0, 1.0],
                [0.377272, 0.172614, -0.909868, -0.067619, 0.670931, -0.728172, 0.140095, 0.03956, -0.638295, -0.663378, -0.39053, -0.088215, 0.0, 0.0, 0.0, 1.0],
                [0.565935, 0.095446, -0.818888, -0.060864, 0.326263, -0.938155, 0.116166, 0.034624, -0.757082, -0.332948, -0.562074, -0.067761, 0.0, 0.0, 0.0, 1.0],
                [0.697937, -0.311207, -0.644978, -0.05411, -0.03858, -0.915728, 0.400047, 0.029687, -0.715052, -0.254349, -0.651125, -0.047305, 0.0, 0.0, 0.0, 1.0],
                [0.614525, -0.695268, -0.372792, -0.047355, -0.17034, -0.578396, 0.797792, 0.02475, -0.770224, -0.426805, -0.47387, -0.02685, 0.0, 0.0, 0.0, 1.0],
                [0.379804, -0.908638, -0.173758, -0.0406, 0.158727, -0.121039, 0.979875, 0.019814, -0.911296, -0.399779, 0.098254, -0.006396, 0.0, 0.0, 0.0, 1.0],
                [0.260769, -0.960342, -0.099129, -0.033845, 0.534777, 0.058218, 0.84297, 0.014877, -0.80369, -0.272858, 0.52875, 0.01406, 0.0, 0.0, 0.0, 1.0],
                [0.132506, -0.98248, -0.131409, -0.038724, 0.65514, -0.012669, 0.755374, 0.004384, -0.743733, -0.186201, 0.641983, 0.006071, 0.0, 0.0, 0.0, 1.0],
                [0.001126, -0.990234, -0.139752, -0.043605, 0.69704, -0.09943, 0.710073, -0.006107, -0.716965, -0.098222, 0.690121, -0.001918, 0.0, 0.0, 0.0, 1.0],
                [0.038555, -0.991789, -0.122335, -0.048484, 0.719464, -0.057406, 0.692117, -0.0166, -0.693389, -0.114711, 0.711342, -0.009907, 0.0, 0.0, 0.0, 1.0],
                [0.078459, -0.990523, -0.113157, -0.053364, 0.736432, -0.018914, 0.676209, -0.027092, -0.671876, -0.1364, 0.727968, -0.017895, 0.0, 0.0, 0.0, 1.0],
                [0.117724, -0.987348, -0.106659, -0.058244, 0.749835, 0.017972, 0.661342, -0.037584, -0.650997, -0.157847, 0.742463, -0.025884, 0.0, 0.0, 0.0, 1.0],
                [0.155031, -0.982635, -0.102401, -0.054324, 0.759895, 0.052389, 0.647889, -0.036795, -0.631213, -0.178274, 0.75482, -0.024479, 0.0, 0.0, 0.0, 1.0],
                [0.189131, -0.976904, -0.099888, -0.050403, 0.76697, 0.083458, 0.63619, -0.036006, -0.613102, -0.196953, 0.765038, -0.023072, 0.0, 0.0, 0.0, 1.0],
                [0.205677, -0.973459, -0.100809, -0.046483, 0.77014, 0.097467, 0.63034, -0.035217, -0.603726, -0.207304, 0.769746, -0.021666, 0.0, 0.0, 0.0, 1.0],
                [0.222152, -0.969722, -0.101858, -0.042563, 0.77302, 0.111526, 0.624457, -0.034428, -0.594133, -0.217484, 0.774388, -0.020259, 0.0, 0.0, 0.0, 1.0],
                [0.234067, -0.966848, -0.102496, -0.038643, 0.775228, 0.122008, 0.61974, -0.033638, -0.586632, -0.224541, 0.778085, -0.018852, 0.0, 0.0, 0.0, 1.0],
                [0.240925, -0.964784, -0.105976, -0.034317, 0.778551, 0.126943, 0.614564, -0.029635, -0.579414, -0.230593, 0.781716, -0.025337, 0.0, 0.0, 0.0, 1.0],
                [0.24271, -0.963776, -0.110961, -0.029991, 0.78381, 0.12745, 0.607736, -0.025631, -0.571525, -0.234498, 0.786349, -0.03182, 0.0, 0.0, 0.0, 1.0],
                [0.238601, -0.964204, -0.11604, -0.025666, 0.789499, 0.12304, 0.601245, -0.021627, -0.565391, -0.235094, 0.790594, -0.038302, 0.0, 0.0, 0.0, 1.0],
                [0.234446, -0.964603, -0.121083, -0.021341, 0.795117, 0.118633, 0.59469, -0.017623, -0.559222, -0.235721, 0.794785, -0.044786, 0.0, 0.0, 0.0, 1.0],
                [0.226193, -0.965983, -0.125701, -0.017016, 0.799288, 0.110324, 0.590684, -0.01362, -0.55667, -0.234103, 0.797051, -0.05127, 0.0, 0.0, 0.0, 1.0],
                [0.215851, -0.967891, -0.129161, -0.01269, 0.800744, 0.099792, 0.590584, -0.009616, -0.558678, -0.230926, 0.796573, -0.057753, 0.0, 0.0, 0.0, 1.0],
                [0.205426, -0.970213, -0.128738, -0.008366, 0.798066, 0.089948, 0.595769, -0.005612, -0.56639, -0.22515, 0.792771, -0.064236, 0.0, 0.0, 0.0, 1.0],
                [0.194861, -0.972796, -0.125639, -0.004039, 0.790935, 0.080112, 0.606585, -0.001609, -0.579964, -0.217593, 0.785027, -0.07072, 0.0, 0.0, 0.0, 1.0],
                [0.184995, -0.975652, -0.118193, 0.000285, 0.776976, 0.071581, 0.625401, 0.002396, -0.601657, -0.207549, 0.771299, -0.077201, 0.0, 0.0, 0.0, 1.0],
                [0.176294, -0.978637, -0.106211, 0.004612, 0.753958, 0.064897, 0.653668, 0.006399, -0.632751, -0.195335, 0.749291, -0.083687, 0.0, 0.0, 0.0, 1.0],
                [0.183308, -0.978467, -0.095347, 0.008936, 0.714307, 0.06595, 0.696683, 0.010403, -0.675327, -0.195834, 0.711015, -0.090171, 0.0, 0.0, 0.0, 1.0],
                [0.200888, -0.976735, -0.075638, 0.013262, 0.647907, 0.074575, 0.758034, 0.014406, -0.734687, -0.201306, 0.647815, -0.096653, 0.0, 0.0, 0.0, 1.0],
                [0.219485, -0.974325, -0.051029, 0.017588, 0.560031, 0.083007, 0.824285, 0.01841, -0.79881, -0.209516, 0.563871, -0.103137, 0.0, 0.0, 0.0, 1.0],
                [0.230262, -0.972739, -0.029076, 0.021913, 0.460418, 0.082587, 0.883842, 0.022414, -0.857263, -0.216923, 0.466883, -0.109621, 0.0, 0.0, 0.0, 1.0],
                [0.229375, -0.973059, -0.025109, 0.026238, 0.364648, 0.061997, 0.929073, 0.026418, -0.902399, -0.222283, 0.369044, -0.116105, 0.0, 0.0, 0.0, 1.0],
                [0.221051, -0.974561, -0.038146, 0.030564, 0.274131, 0.024556, 0.961376, 0.030421, -0.935892, -0.222991, 0.272585, -0.122587, 0.0, 0.0, 0.0, 1.0],
                [0.214691, -0.974104, -0.071531, 0.03489, 0.185541, -0.031228, 0.98214, 0.034425, -0.958846, -0.224151, 0.174031, -0.12907, 0.0, 0.0, 0.0, 1.0],
                [0.214535, -0.969434, -0.119415, 0.038146, 0.098933, -0.100068, 0.990051, 0.037989, -0.971644, -0.224236, 0.07444, -0.118464, 0.0, 0.0, 0.0, 1.0],
                [0.220974, -0.958827, -0.178625, 0.041403, 0.019669, -0.178743, 0.983701, 0.041553, -0.975033, -0.220907, -0.020638, -0.107857, 0.0, 0.0, 0.0, 1.0],
                [0.23365, -0.94188, -0.241564, 0.044174, -0.048538, -0.259444, 0.964541, 0.05062, -0.971059, -0.213661, -0.106336, -0.113492, 0.0, 0.0, 0.0, 1.0],
                [0.217766, -0.924644, -0.312554, 0.046947, -0.077366, -0.335603, 0.938827, 0.059688, -0.972881, -0.18028, -0.14462, -0.119129, 0.0, 0.0, 0.0, 1.0],
                [0.207767, -0.901767, -0.379113, 0.049717, -0.101112, -0.405314, 0.908577, 0.068756, -0.972889, -0.150454, -0.17539, -0.124763, 0.0, 0.0, 0.0, 1.0],
                [0.203697, -0.873466, -0.442308, 0.05249, -0.121773, -0.470901, 0.873753, 0.077823, -0.971382, -0.124132, -0.202286, -0.1304, 0.0, 0.0, 0.0, 1.0],
                [0.204041, -0.839902, -0.50299, 0.055262, -0.138, -0.533374, 0.834563, 0.086891, -0.969137, -0.100882, -0.224736, -0.136038, 0.0, 0.0, 0.0, 1.0],
                [0.208455, -0.802368, -0.559297, 0.058034, -0.152007, -0.591521, 0.791852, 0.095958, -0.966097, -0.080056, -0.245272, -0.141673, 0.0, 0.0, 0.0, 1.0],
                [0.215775, -0.762959, -0.609416, 0.060806, -0.160406, -0.643369, 0.748588, 0.105026, -0.963128, -0.063779, -0.261206, -0.147308, 0.0, 0.0, 0.0, 1.0],
                [0.225014, -0.725353, -0.650599, 0.063578, -0.163486, -0.686399, 0.708642, 0.114093, -0.960492, -0.053096, -0.273034, -0.152948, 0.0, 0.0, 0.0, 1.0],
                [0.236395, -0.69139, -0.682744, 0.064152, -0.16095, -0.720854, 0.674177, 0.089119, -0.958183, -0.049489, -0.281685, -0.141639, 0.0, 0.0, 0.0, 1.0],
                [0.32315, -0.660888, -0.677372, 0.064722, -0.183248, -0.745966, 0.640316, 0.064144, -0.928387, -0.082799, -0.362165, -0.130338, 0.0, 0.0, 0.0, 1.0],
                [0.945483, 0.067158, 0.318675, 0.133845, 0.064694, -0.997738, 0.018325, 0.001085, 0.319184, 0.00329, -0.947687, 0.043038, 0.0, 0.0, 0.0, 1.0]
            ]
        },
        {
            "name": "Leg_R",
            "time": [0.0, 0.1, 0.1333, 0.1667, 0.2, 0.2333, 0.2667, 0.3, 0.3333, 0.3667, 0.4, 0.4333, 0.4667, 0.5, 0.5333, 0.5667, 0.6, 0.6333, 0.6667, 0.7, 0.7333, 0.7667, 0.8, 0.8333, 0.8667, 0.9, 0.9333, 0.9667, 1.0, 1.0333, 1.0667, 1.1, 1.1333, 1.1667, 1.2, 1.2333, 1.2667, 1.3, 1.3333, 1.3667, 1.4, 1.4333, 1.4667, 1.5, 1.5333, 1.5667, 1.6, 1.6333, 1.6667, 1.7, 1.7333, 1.7667, 1.8, 1.8333, 1.8667, 1.9, 1.9333, 1.9667, 2.0, 2.0333, 2.0667, 2.1, 2.1333, 2.1667, 2.2, 2.2333, 2.2667, 2.3, 2.3333, 2.3667, 2.4, 2.4333, 2.4667, 2.5, 2.5333, 2.5667, 2.6, 2.6333, 2.6667, 2.7, 2.7333, 2.7667, 2.8, 2.8333, 2.8667, 2.9, 2.9333, 2.9667, 3.0, 3.0333, 3.0667, 3.1, 3.1333, 3.1667, 3.2, 3.2333, 3.2667, 3.8],
            "transform": [
                [1.000002, 0.001608, -0.001109, 0.0, -0.00111, 0.934967, 0.354727, 0.37472, 0.001607, -0.354724, 0.934969, 0.0, 0.0, 0.0, 0.0, 1.0],
                [0.999953, 0.001947, -0.000154, -0.0, -0.000156, 0.158315, 0.987351, 0.37472, 0.001947, -0.987473, 0.158295, 0.0, 0.0, 0.0, 0.0, 1.0],
                [0.999954, 0.001945, -0.000193, 0.0, -0.000194, 0.197294, 0.98031, 0.37472, 0.001945, -0.980427, 0.19727, 0.0, 0.0, 0.0, 0.0, 1.0],
                [0.999954, 0.001905, -0.000438, -0.0, -0.00044, 0.437711, 0.899104, 0.37472, 0.001904, -0.899197, 0.437665, -0.0, 0.0, 0.0, 0.0, 1.0],
                [0.999954, 0.001897, -0.000467, 0.0, -0.000468, 0.464494, 0.885568, 0.37472, 0.001897, -0.885657, 0.464447, 0.0, 0.0, 0.0, 0.0, 1.0],
                [0.999954, 0.001885, -0.000514, -0.0, -0.000514, 0.507911, 0.861407, 0.37472, 0.001884, -0.861492, 0.50786, 0.0, 0.0, 0.0, 0.0, 1.0],
                [0.999954, 0.001878, -0.000534, -0.0, -0.000536, 0.526916, 0.849918, 0.37472, 0.001878, -0.849999, 0.526864, 0.0, 0.0, 0.0, 0.0, 1.0],
                [0.999953, 0.001867, -0.000572, 0.0, -0.000573, 0.560572, 0.828111, 0.37472, 0.001866, -0.828189, 0.560518, -0.0, 0.0, 0.0, 0.0, 1.0],
                [0.999953, 0.001884, -0.000513, -0.0, -0.000514, 0.507912, 0.861407, 0.37472, 0.001883, -0.861493, 0.50786, -0.0, 0.0, 0.0, 0.0, 1.0],
                [0.999954, 0.001949, -0.000113, 0.0, -0.000114, 0.115654, 0.993252, 0.37472, 0.001948, -0.993372, 0.115639, -0.0, 0.0, 0.0, 0.0, 1.0],
                [0.999954, 0.001887, 0.000522, -0.0, 0.000522, -0.513958, 0.857815, 0.37472, 0.001887, -0.857898, -0.513907, -0.0, 0.0, 0.0, 0.0, 1.0],
                [0.999953, 0.001882, 0.000521, 0.0, 0.000522, -0.514742, 0.857345, 0.37472, 0.001882, -0.857427, -0.514692, 0.0, 0.0, 0.0, 0.0, 1.0],
                [0.999952, 0.001949, -0.000126, -0.0, -0.000127, 0.129382, 0.991559, 0.37472, 0.001949, -0.991677, 0.129367, 0.0, 0.0, 0.0, 0.0, 1.0],
                [0.999953, 0.001943, 0.000198, -0.0, 0.000197, -0.201424, 0.979473, 0.37472, 0.001943, -0.979585, -0.201401, 0.0, 0.0, 0.0, 0.0, 1.0],
                [0.999953, 0.001946, 0.00018, 0.0, 0.000178, -0.182343, 0.983201, 0.37472, 0.001946, -0.983318, -0.182321, -0.0, 0.0, 0.0, 0.0, 1.0],
                [0.999953, 0.001953, 6.9e-05, -0.0, 6.6e-05, -0.069112, 0.997571, 0.37472, 0.001953, -0.997691, -0.069103, 1e-06, 0.0, 0.0, 0.0, 1.0],
                [0.999954, 0.001948, -0.000188, 0.0, -0.000189, 0.192059, 0.98135, 0.37472, 0.001948, -0.981465, 0.192036, 0.0, 0.0, 0.0, 0.0, 1.0],
                [0.999954, 0.001862, -0.000593, -0.0, -0.000595, 0.579157, 0.815225, 0.37472, 0.001861, -0.815298, 0.579103, -1e-06, 0.0, 0.0, 0.0, 1.0],
                [0.999953, 0.00166, -0.00103, 0.0, -0.001032, 0.896713, 0.442694, 0.37472, 0.001659, -0.442714, 0.89667, 0.0, 0.0, 0.0, 0.0, 1.0],
                [0.999953, 0.001695, -0.001065, -0.0, -0.001066, 0.901399, 0.433081, 0.37472, 0.001693, -0.433104, 0.901348, 1e-06, 0.0, 0.0, 0.0, 1.0],
                [0.999954, 0.001942, 0.000201, -0.0, 0.000201, -0.205155, 0.978696, 0.37472, 0.001942, -0.978813, -0.20513, -0.0, 0.0, 0.0, 0.0, 1.0],
                [0.999954, 0.001821, 0.000703, 0.0, 0.000704, -0.672233, 0.740364, 0.37472, 0.001821, -0.740424, -0.672178, 0.0, 0.0, 0.0, 0.0, 1.0],
                [0.999953, 0.001808, 0.000739, 0.0, 0.000741, -0.701252, 0.712945, 0.37472, 0.001807, -0.712998, -0.701198, -0.0, 0.0, 0.0, 0.0, 1.0],
                [0.999952, 0.001891, 0.000484, 0.0, 0.000487, -0.48152, 0.876431, 0.37472, 0.00189, -0.876517, -0.481471, -0.0, 0.0, 0.0, 0.0, 1.0],
                [0.999951, 0.001946, 0.000166, 0.0, 0.000168, -0.170814, 0.985269, 0.374719, 0.001945, -0.985387, -0.170793, -0.0, 0.0, 0.0, 0.0, 1.0],
                [0.999952, 0.001949, -0.000155, -0.0, -0.000154, 0.157383, 0.987503, 0.374721, 0.001949, -0.98762, 0.157364, 0.0, 0.0, 0.0, 0.0, 1.0],
                [0.999953, 0.001951, 7.8e-05, -0.0, 7.9e-05, -0.080392, 0.996725, 0.37472, 0.001951, -0.996847, -0.080382, 0.0, 0.0, 0.0, 0.0, 1.0],
                [0.999952, 0.001947, 0.000146, 0.0, 0.000147, -0.149327, 0.988751, 0.37472, 0.001947, -0.988873, -0.149308, 0.0, 0.0, 0.0, 0.0, 1.0],
                [0.999953, 0.001949, 0.000116, -1e-06, 0.000116, -0.118693, 0.992893, 0.37472, 0.001949, -0.993015, -0.118678, 0.0, 0.0, 0.0, 0.0, 1.0],
                [0.999953, 0.001952, -1.9e-05, -0.0, -2e-05, 0.020411, 0.999751, 0.37472, 0.001952, -0.999876, 0.020408, -0.0, 0.0, 0.0, 0.0, 1.0],
                [0.999954, 0.001943, -0.000185, -1e-06, -0.000186, 0.189398, 0.981865, 0.37472, 0.001943, -0.981984, 0.189374, 0.0, 0.0, 0.0, 0.0, 1.0],
                [0.999953, 0.001878, -0.000556, -0.0, -0.000557, 0.545168, 0.838331, 0.37472, 0.001877, -0.83841, 0.545115, 0.0, 0.0, 0.0, 0.0, 1.0],
                [0.999954, 0.001695, -0.000971, -0.0, -0.000974, 0.863645, 0.504172, 0.374721, 0.001693, -0.504197, 0.863598, -0.0, 0.0, 0.0, 0.0, 1.0],
                [0.999953, 0.001631, -0.001075, -0.0, -0.001076, 0.919204, 0.393878, 0.374721, 0.001631, -0.393893, 0.919163, -0.0, 0.0, 0.0, 0.0, 1.0],
                [0.999954, 0.001614, -0.001101, -1e-06, -0.001103, 0.931629, 0.363513, 0.37472, 0.001612, -0.363526, 0.93159, -0.0, 0.0, 0.0, 0.0, 1.0],
                [0.999954, 0.001752, -0.000875, -0.0, -0.000877, 0.80023, 0.599745, 0.37472, 0.001751, -0.599781, 0.800179, -0.0, 0.0, 0.0, 0.0, 1.0],
                [0.999954, 0.0019, -0.000448, 1e-06, -0.000449, 0.447198, 0.894424, 0.37472, 0.001899, -0.894517, 0.447151, 1e-06, 0.0, 0.0, 0.0, 1.0],
