{
    "animation": [
        {
            "name": "Root",
            "time": [0.0, 0.2333, 0.2667, 0.3, 0.3333, 0.3667, 0.4, 0.4333, 0.4667, 0.5, 0.6, 0.6333, 0.6667, 0.7, 0.7333, 0.7667, 0.8, 0.8333, 0.8667, 0.9, 0.9333, 0.9667, 1.0, 1.0333, 1.0667, 1.1, 1.1333, 1.1667, 1.2, 1.2333, 1.2667, 1.3, 1.3333, 1.3667, 1.4, 1.4333, 1.4667, 1.5, 1.5333, 1.5667, 1.6, 1.6333, 1.6667, 1.7, 1.7333, 1.7667, 1.8, 1.8333, 1.8667, 1.9, 1.9333, 1.9667, 2.0, 2.0333, 2.0667, 2.1, 2.1333, 2.1667, 2.2, 2.2333, 2.2667, 2.3, 2.3333, 2.3667, 2.4, 2.4333, 2.4667, 2.5, 2.5333, 2.5667, 2.6, 2.6333, 2.6667, 2.7, 2.8667, 3.4],
            "transform": [
                [0.907253, 0.000421, -0.420587, -0.362447, -0.42052, 0.018703, -0.907092, -0.167885, 0.007485, 0.999825, 0.017145, 0.836962, 0.0, 0.0, 0.0, 1.0],
                [0.869816, -0.000498, 0.493377, -0.414977, 0.493299, 0.018684, -0.86966, -0.143786, -0.008785, 0.999826, 0.016498, 0.895314, 0.0, 0.0, 0.0, 1.0],
                [0.850772, -0.000533, 0.525535, -0.439842, 0.525452, 0.018675, -0.85062, -0.107572, -0.00936, 0.999826, 0.016168, 0.888759, 0.0, 0.0, 0.0, 1.0],
                [0.821509, -0.000584, 0.570196, -0.468419, 0.570105, 0.01866, -0.821361, -0.060478, -0.01016, 0.999826, 0.015662, 0.871839, 0.0, 0.0, 0.0, 1.0],
                [0.75943, -0.000678, 0.650589, -0.493184, 0.650485, 0.018628, -0.759292, -0.007308, -0.011604, 0.999826, 0.014587, 0.823649, 0.0, 0.0, 0.0, 1.0],
                [0.648905, -0.000819, 0.76087, -0.511464, 0.760749, 0.018569, -0.648782, 0.049259, -0.013598, 0.999827, 0.012673, 0.739998, 0.0, 0.0, 0.0, 1.0],
                [0.496124, -0.000981, 0.868252, -0.526904, 0.868113, 0.018485, -0.496024, 0.10941, -0.015563, 0.999829, 0.010022, 0.63608, 0.0, 0.0, 0.0, 1.0],
                [0.308445, -0.001149, 0.951242, -0.541451, 0.951088, 0.018376, -0.308373, 0.172646, -0.017125, 0.999831, 0.006761, 0.51994, 0.0, 0.0, 0.0, 1.0],
                [0.099364, -0.001311, 0.995051, -0.557068, 0.994888, 0.018244, -0.099323, 0.23847, -0.018023, 0.999833, 0.003117, 0.399653, 0.0, 0.0, 0.0, 1.0],
                [-0.171388, -0.001495, 0.985203, -0.576556, 0.985039, 0.018053, 0.171387, 0.320015, -0.018042, 0.999836, -0.001621, 0.239829, 0.0, 0.0, 0.0, 1.0],
                [-0.447777, -0.001662, 0.894145, -0.610037, 0.89399, 0.017822, 0.447734, 0.449002, -0.01668, 0.99984, -0.006494, 0.355504, 0.0, 0.0, 0.0, 1.0],
                [-0.452217, -0.001665, 0.891907, -0.614192, 0.891753, 0.017818, 0.452172, 0.459169, -0.016645, 0.99984, -0.006573, 0.344203, 0.0, 0.0, 0.0, 1.0],
                [-0.452217, -0.001665, 0.891907, -0.617335, 0.891753, 0.017818, 0.452172, 0.4661, -0.016645, 0.99984, -0.006573, 0.326694, 0.0, 0.0, 0.0, 1.0],
                [-0.44609, -0.001662, 0.894988, -0.620269, 0.894833, 0.017823, 0.446046, 0.467231, -0.016693, 0.99984, -0.006464, 0.309282, 0.0, 0.0, 0.0, 1.0],
                [-0.439941, -0.001658, 0.898026, -0.623799, 0.897871, 0.017829, 0.439898, 0.459971, -0.01674, 0.99984, -0.006355, 0.296971, 0.0, 0.0, 0.0, 1.0],
                [-0.433772, -0.001655, 0.901023, -0.627757, 0.900867, 0.017835, 0.43373, 0.445071, -0.016787, 0.99984, -0.006246, 0.28973, 0.0, 0.0, 0.0, 1.0],
                [-0.429727, -0.001652, 0.902959, -0.631539, 0.902803, 0.017838, 0.429686, 0.425919, -0.016817, 0.99984, -0.006174, 0.282558, 0.0, 0.0, 0.0, 1.0],
                [-0.425673, -0.00165, 0.904877, -0.635302, 0.904721, 0.017843, 0.425632, 0.403953, -0.016848, 0.99984, -0.006102, 0.276856, 0.0, 0.0, 0.0, 1.0],
                [-0.42161, -0.001648, 0.906777, -0.639198, 0.906621, 0.017846, 0.421571, 0.380561, -0.016877, 0.99984, -0.00603, 0.271177, 0.0, 0.0, 0.0, 1.0],
                [-0.412612, -0.001642, 0.910906, -0.643381, 0.91075, 0.017854, 0.412574, 0.357197, -0.016941, 0.99984, -0.005871, 0.26761, 0.0, 0.0, 0.0, 1.0],
                [-0.397116, -0.001633, 0.917768, -0.648005, 0.91761, 0.017868, 0.397081, 0.335234, -0.017047, 0.999839, -0.005597, 0.264019, 0.0, 0.0, 0.0, 1.0],
                [-0.374363, -0.00162, 0.927282, -0.653224, 0.927123, 0.017888, 0.374331, 0.316136, -0.017194, 0.999839, -0.005195, 0.263182, 0.0, 0.0, 0.0, 1.0],
                [-0.340243, -0.0016, 0.940337, -0.65919, 0.940177, 0.017917, 0.340216, 0.301269, -0.017392, 0.999838, -0.004592, 0.262274, 0.0, 0.0, 0.0, 1.0],
                [-0.295781, -0.001573, 0.955256, -0.666582, 0.955093, 0.017955, 0.295761, 0.260124, -0.017616, 0.999838, -0.003808, 0.25963, 0.0, 0.0, 0.0, 1.0],
                [-0.242057, -0.00154, 0.970262, -0.675609, 0.970098, 0.017998, 0.242045, 0.192549, -0.017835, 0.999837, -0.002863, 0.25743, 0.0, 0.0, 0.0, 1.0],
                [-0.179582, -0.001501, 0.983743, -0.685712, 0.983578, 0.018047, 0.17958, 0.145465, -0.018023, 0.999836, -0.001765, 0.259812, 0.0, 0.0, 0.0, 1.0],
                [-0.102803, -0.001451, 0.994702, -0.696332, 0.994536, 0.018104, 0.102812, 0.165841, -0.018157, 0.999835, -0.000418, 0.27381, 0.0, 0.0, 0.0, 1.0],
                [-0.004835, -0.001385, 0.999988, -0.706907, 0.999824, 0.018173, 0.004859, 0.300641, -0.01818, 0.999834, 0.001297, 0.305739, 0.0, 0.0, 0.0, 1.0],
                [0.146758, -0.001276, 0.989173, -0.717692, 0.989011, 0.018275, -0.146711, 0.574075, -0.017889, 0.999832, 0.003944, 0.372532, 0.0, 0.0, 0.0, 1.0],
                [0.352097, -0.001112, 0.935964, -0.729031, 0.935812, 0.018402, -0.352019, 0.95485, -0.016832, 0.99983, 0.00752, 0.470004, 0.0, 0.0, 0.0, 1.0],
                [0.560161, -0.000916, 0.828384, -0.7405, 0.828251, 0.018521, -0.560052, 1.406662, -0.014829, 0.999828, 0.011133, 0.572716, 0.0, 0.0, 0.0, 1.0],
                [0.721359, -0.000729, 0.692562, -0.751721, 0.692451, 0.018608, -0.721225, 1.893189, -0.012361, 0.999827, 0.013928, 0.655217, 0.0, 0.0, 0.0, 1.0],
                [0.80017, -0.000618, 0.599774, -0.762372, 0.599678, 0.018649, -0.800025, 2.378109, -0.010691, 0.999826, 0.015293, 0.692079, 0.0, 0.0, 0.0, 1.0],
                [0.784672, -0.000641, 0.619912, -0.773158, 0.619813, 0.018641, -0.78453, 2.855006, -0.011053, 0.999826, 0.015024, 0.666452, 0.0, 0.0, 0.0, 1.0],
                [0.6987, -0.000758, 0.715415, -0.78467, 0.715301, 0.018596, -0.698569, 3.341053, -0.012774, 0.999827, 0.013535, 0.5954, 0.0, 0.0, 0.0, 1.0],
                [0.582677, -0.000892, 0.812705, -0.796518, 0.812574, 0.018533, -0.582564, 3.838423, -0.014542, 0.999828, 0.011524, 0.503867, 0.0, 0.0, 0.0, 1.0],
                [0.492397, -0.000984, 0.870371, -0.808073, 0.870232, 0.018483, -0.492297, 4.336831, -0.015602, 0.999829, 0.009958, 0.418878, 0.0, 0.0, 0.0, 1.0],
                [0.481798, -0.000994, 0.876283, -0.819171, 0.876141, 0.018477, -0.481701, 4.844668, -0.015712, 0.999829, 0.009773, 0.364301, 0.0, 0.0, 0.0, 1.0],
                [0.576831, -0.000899, 0.816864, -0.82937, 0.816733, 0.01853, -0.576719, 5.357789, -0.014618, 0.999828, 0.011423, 0.362089, 0.0, 0.0, 0.0, 1.0],
                [0.735794, -0.00071, 0.677206, -0.838265, 0.677098, 0.018616, -0.735658, 5.874372, -0.012084, 0.999827, 0.014178, 0.392847, 0.0, 0.0, 0.0, 1.0],
                [0.898774, -0.000439, 0.438413, -0.845437, 0.438344, 0.018699, -0.898614, 6.392346, -0.007803, 0.999825, 0.016999, 0.423583, 0.0, 0.0, 0.0, 1.0],
                [0.993919, -0.000107, 0.110122, -0.850504, 0.110105, 0.018746, -0.993744, 6.909549, -0.001958, 0.999824, 0.018644, 0.417552, 0.0, 0.0, 0.0, 1.0],
                [0.92662, 0.000374, -0.375999, -0.83854, -0.375939, 0.018713, -0.926456, 7.512882, 0.006689, 0.999825, 0.01748, 0.283657, 0.0, 0.0, 0.0, 1.0],
                [0.652261, 0.000815, -0.757995, -0.807454, -0.757874, 0.018571, -0.652137, 8.052382, 0.013545, 0.999827, 0.012731, 0.14819, 0.0, 0.0, 0.0, 1.0],
                [0.26564, 0.001184, -0.964073, -0.761981, -0.963916, 0.01835, -0.265574, 8.405964, 0.017376, 0.999831, 0.006016, 0.150578, 0.0, 0.0, 0.0, 1.0],
                [0.244084, 0.001201, -0.969754, -0.710842, -0.969597, 0.018336, -0.244022, 8.678349, 0.017488, 0.999831, 0.00564, 0.195576, 0.0, 0.0, 0.0, 1.0],
                [0.287096, 0.001167, -0.957902, -0.67795, -0.957746, 0.018362, -0.287028, 8.852032, 0.017254, 0.999831, 0.006389, 0.223391, 0.0, 0.0, 0.0, 1.0],
                [0.27605, 0.001176, -0.961143, -0.666001, -0.960987, 0.018356, -0.275984, 8.951924, 0.017318, 0.999831, 0.006197, 0.221069, 0.0, 0.0, 0.0, 1.0],
                [0.264968, 0.001185, -0.964257, -0.660475, -0.964101, 0.018349, -0.264903, 9.019685, 0.017379, 0.999831, 0.006004, 0.219286, 0.0, 0.0, 0.0, 1.0],
                [0.250207, 0.001197, -0.968193, -0.659499, -0.968036, 0.01834, -0.250144, 9.062796, 0.017457, 0.999831, 0.005747, 0.214779, 0.0, 0.0, 0.0, 1.0],
                [0.235382, 0.001208, -0.971904, -0.661197, -0.971745, 0.018331, -0.235321, 9.088842, 0.017532, 0.999831, 0.005489, 0.210559, 0.0, 0.0, 0.0, 1.0],
                [0.220498, 0.001221, -0.975388, -0.6637, -0.975229, 0.018322, -0.220439, 9.105317, 0.017602, 0.999832, 0.00523, 0.204448, 0.0, 0.0, 0.0, 1.0],
                [0.205561, 0.001232, -0.978644, -0.665129, -0.978485, 0.018313, -0.205505, 9.11979, 0.017668, 0.999832, 0.00497, 0.19837, 0.0, 0.0, 0.0, 1.0],
                [0.190576, 0.001244, -0.981673, -0.665878, -0.981513, 0.018303, -0.190522, 9.130184, 0.017731, 0.999832, 0.004709, 0.191456, 0.0, 0.0, 0.0, 1.0],
                [0.175549, 0.001255, -0.984471, -0.667434, -0.98431, 0.018293, -0.175497, 9.131166, 0.017789, 0.999832, 0.004447, 0.1847, 0.0, 0.0, 0.0, 1.0],
                [0.160484, 0.001266, -0.987038, -0.669571, -0.986877, 0.018284, -0.160434, 9.125324, 0.017844, 0.999832, 0.004184, 0.178059, 0.0, 0.0, 0.0, 1.0],
                [0.145387, 0.001277, -0.989375, -0.672065, -0.989213, 0.018274, -0.14534, 9.11524, 0.017894, 0.999832, 0.00392, 0.171489, 0.0, 0.0, 0.0, 1.0],
                [0.134073, 0.001286, -0.990971, -0.674689, -0.99081, 0.018266, -0.134028, 9.103537, 0.017929, 0.999833, 0.003723, 0.166226, 0.0, 0.0, 0.0, 1.0],
                [0.122743, 0.001294, -0.992439, -0.677219, -0.992276, 0.018259, -0.1227, 9.092772, 0.017962, 0.999833, 0.003525, 0.160947, 0.0, 0.0, 0.0, 1.0],
                [0.115185, 0.0013, -0.993344, -0.679428, -0.993182, 0.018254, -0.115142, 9.085577, 0.017983, 0.999833, 0.003393, 0.157903, 0.0, 0.0, 0.0, 1.0],
                [0.10762, 0.001305, -0.994192, -0.681092, -0.994029, 0.018249, -0.107578, 9.084501, 0.018003, 0.999833, 0.003262, 0.154758, 0.0, 0.0, 0.0, 1.0],
                [0.1059, 0.001306, -0.994377, -0.681983, -0.994214, 0.018248, -0.105859, 9.092196, 0.018007, 0.999833, 0.003231, 0.154786, 0.0, 0.0, 0.0, 1.0],
                [0.10418, 0.001308, -0.994559, -0.682269, -0.994395, 0.018247, -0.104139, 9.110536, 0.018011, 0.999833, 0.003201, 0.154636, 0.0, 0.0, 0.0, 1.0],
                [0.10766, 0.001305, -0.994188, -0.682179, -0.994025, 0.018249, -0.107619, 9.138328, 0.018003, 0.999833, 0.003262, 0.157389, 0.0, 0.0, 0.0, 1.0],
                [0.117246, 0.001298, -0.993103, -0.681606, -0.992941, 0.018255, -0.117203, 9.172408, 0.017977, 0.999833, 0.003429, 0.162582, 0.0, 0.0, 0.0, 1.0],
                [0.134414, 0.001285, -0.990926, -0.680422, -0.990763, 0.018266, -0.134369, 9.210927, 0.017928, 0.999833, 0.003729, 0.170855, 0.0, 0.0, 0.0, 1.0],
                [0.161819, 0.001265, -0.98682, -0.678511, -0.98666, 0.018284, -0.16177, 9.251161, 0.017838, 0.999832, 0.004207, 0.182717, 0.0, 0.0, 0.0, 1.0],
                [0.202067, 0.001234, -0.979372, -0.675757, -0.979213, 0.01831, -0.202011, 9.290606, 0.017683, 0.999832, 0.004908, 0.198698, 0.0, 0.0, 0.0, 1.0],
                [0.255548, 0.001192, -0.966797, -0.672043, -0.96664, 0.018343, -0.255484, 9.326765, 0.017429, 0.999831, 0.00584, 0.219351, 0.0, 0.0, 0.0, 1.0],
                [0.326367, 0.001134, -0.945243, -0.666905, -0.945091, 0.018386, -0.326292, 9.360424, 0.01701, 0.99983, 0.007072, 0.246545, 0.0, 0.0, 0.0, 1.0],
                [0.413065, 0.034247, -0.910059, -0.660249, -0.910698, 0.018427, -0.412663, 9.394088, 0.002638, 0.999244, 0.0388, 0.280711, 0.0, 0.0, 0.0, 1.0],
                [0.508787, 0.038716, -0.860022, -0.652509, -0.860884, 0.018479, -0.508466, 9.427817, -0.003793, 0.999079, 0.042732, 0.320245, 0.0, 0.0, 0.0, 1.0],
                [0.605029, 0.043991, -0.794988, -0.644115, -0.796115, 0.018529, -0.604863, 9.46167, -0.011878, 0.99886, 0.046233, 0.363553, 0.0, 0.0, 0.0, 1.0],
                [0.693258, 0.099143, -0.713839, -0.635494, -0.718534, 0.018512, -0.695247, 9.49572, -0.055714, 0.994901, 0.084071, 0.409304, 0.0, 0.0, 0.0, 1.0],
                [0.817054, 0.074938, -0.571671, -0.587068, -0.574851, 0.02956, -0.817725, 9.572728, -0.04438, 0.99675, 0.06723, 0.472952, 0.0, 0.0, 0.0, 1.0],
                [0.907253, 0.000421, -0.420587, -0.432106, -0.42052, 0.018703, -0.907092, 9.819154, 0.007485, 0.999825, 0.017145, 0.676625, 0.0, 0.0, 0.0, 1.0]
            ]
        },
        {
            "name": "Thigh_R",
            "time": [0.0, 0.2333, 0.2667, 0.3, 0.3333, 0.3667, 0.4, 0.4333, 0.4667, 0.5, 0.5333, 0.5667, 0.6, 0.6333, 0.6667, 0.7, 0.7333, 0.7667, 0.8, 0.8333, 0.8667, 0.9, 0.9333, 0.9667, 1.0, 1.0333, 1.0667, 1.1, 1.1333, 1.1667, 1.2, 1.2333, 1.2667, 1.3, 1.3333, 1.3667, 1.4, 1.4333, 1.4667, 1.5, 1.5333, 1.5667, 1.6, 1.6333, 1.6667, 1.7, 1.7333, 1.7667, 1.8, 1.8333, 1.8667, 1.9, 1.9333, 1.9667, 2.0, 2.0333, 2.0667, 2.1, 2.1333, 2.1667, 2.2, 2.2333, 2.2667, 2.3, 2.3333, 2.3667, 2.4, 2.4333, 2.4667, 2.5, 2.5333, 2.5667, 2.6, 2.6333, 2.6667, 2.7, 2.7333, 2.7667, 2.8, 2.8333, 3.4],
            "transform": [
                [0.945447, 0.067352, 0.318736, 0.133847, 0.064631, -0.997727, 0.01912, 0.001085, 0.319299, 0.002523, -0.947651, 0.043038, 0.0, 0.0, 0.0, 1.0],
                [0.899086, 0.357791, 0.252127, 0.15098, 0.029745, -0.62469, 0.780329, -0.003411, 0.436655, -0.694148, -0.572293, -0.0, 0.0, 0.0, 0.0, 1.0],
                [0.914747, 0.378885, 0.14007, 0.15098, 0.067913, -0.48612, 0.871262, -0.003411, 0.398162, -0.787545, -0.470408, -0.0, 0.0, 0.0, 0.0, 1.0],
                [0.925622, 0.378268, -0.008399, 0.15098, 0.141844, -0.326405, 0.934532, -0.003411, 0.350729, -0.866295, -0.355783, -0.0, 0.0, 0.0, 0.0, 1.0],
                [0.909774, 0.38741, -0.14887, 0.15098, 0.231738, -0.176676, 0.9566, -0.003411, 0.344261, -0.904872, -0.250514, -0.0, 0.0, 0.0, 0.0, 1.0],
                [0.864416, 0.419838, -0.276527, 0.15098, 0.324003, -0.044744, 0.944993, -0.003411, 0.384335, -0.906547, -0.174706, -0.0, 0.0, 0.0, 0.0, 1.0],
                [0.777943, 0.473963, -0.412467, 0.15098, 0.427941, 0.08091, 0.900169, -0.003411, 0.459975, -0.876874, -0.139885, -0.0, 0.0, 0.0, 0.0, 1.0],
                [0.622358, 0.541743, -0.564958, 0.15098, 0.541954, 0.222497, 0.810407, -0.003411, 0.56468, -0.81062, -0.155127, -0.0, 0.0, 0.0, 0.0, 1.0],
                [0.370589, 0.590206, -0.717176, 0.15098, 0.643241, 0.393904, 0.65655, -0.003411, 0.669935, -0.704693, -0.233668, -0.0, 0.0, 0.0, 0.0, 1.0],
                [0.140392, 0.772481, -0.61937, 0.150979, 0.547506, 0.460655, 0.69859, -0.003411, 0.824884, -0.437226, -0.358265, -0.0, 0.0, 0.0, 0.0, 1.0],
                [0.090853, 0.98543, -0.144104, 0.15098, 0.511602, 0.077963, 0.855664, -0.003411, 0.854351, -0.151478, -0.497065, -0.0, 0.0, 0.0, 0.0, 1.0],
                [0.115406, 0.987679, -0.106136, 0.150979, 0.554683, 0.024556, 0.831682, -0.003411, 0.823961, -0.154868, -0.545015, -0.0, 0.0, 0.0, 0.0, 1.0],
                [0.167896, 0.984076, -0.059133, 0.150979, 0.538863, -0.041392, 0.84136, -0.003411, 0.825435, -0.173142, -0.537231, -0.0, 0.0, 0.0, 0.0, 1.0],
                [0.166654, 0.983036, -0.077184, 0.15098, 0.538105, -0.025087, 0.842488, -0.003411, 0.826181, -0.181955, -0.533158, -0.0, 0.0, 0.0, 0.0, 1.0],
                [0.155664, 0.981377, -0.112955, 0.150979, 0.535352, 0.012281, 0.844524, -0.003411, 0.830104, -0.191951, -0.52347, -0.0, 0.0, 0.0, 0.0, 1.0],
                [0.13507, 0.978492, -0.15621, 0.15098, 0.531295, 0.061548, 0.844933, -0.003411, 0.836293, -0.197137, -0.511555, -0.0, 0.0, 0.0, 0.0, 1.0],
                [0.114316, 0.977284, -0.178715, 0.15098, 0.524749, 0.093349, 0.846109, -0.003411, 0.84349, -0.190523, -0.502158, -0.0, 0.0, 0.0, 0.0, 1.0],
                [0.092175, 0.976469, -0.195201, 0.15098, 0.521546, 0.119651, 0.844778, -0.003411, 0.848174, -0.179691, -0.498245, -0.0, 0.0, 0.0, 0.0, 1.0],
                [0.06577, 0.975917, -0.208208, 0.15098, 0.518737, 0.14481, 0.842567, -0.003411, 0.852345, -0.163437, -0.496721, -0.0, 0.0, 0.0, 0.0, 1.0],
                [0.042779, 0.975391, -0.216504, 0.15098, 0.511878, 0.164706, 0.843108, -0.003411, 0.857938, -0.146906, -0.492235, -0.0, 0.0, 0.0, 0.0, 1.0],
                [0.019823, 0.974244, -0.224828, 0.15098, 0.50453, 0.184398, 0.843461, -0.003411, 0.863112, -0.130165, -0.48788, -0.0, 0.0, 0.0, 0.0, 1.0],
                [5.5e-05, 0.972067, -0.234896, 0.150979, 0.493467, 0.204284, 0.845423, -0.003411, 0.869711, -0.115971, -0.479672, -0.0, 0.0, 0.0, 0.0, 1.0],
                [-0.011079, 0.968746, -0.247988, 0.15098, 0.47994, 0.22273, 0.848548, -0.003411, 0.877177, -0.109629, -0.467408, -0.0, 0.0, 0.0, 0.0, 1.0],
                [-0.012576, 0.963783, -0.266562, 0.15098, 0.459878, 0.2423, 0.854277, -0.003411, 0.88784, -0.111853, -0.446269, -0.0, 0.0, 0.0, 0.0, 1.0],
                [-0.003443, 0.956367, -0.292301, 0.15098, 0.435335, 0.264594, 0.860502, -0.003411, 0.900209, -0.124298, -0.417251, -0.0, 0.0, 0.0, 0.0, 1.0],
                [-0.006964, 0.947329, -0.320323, 0.15098, 0.393964, 0.297034, 0.869804, -0.003411, 0.919047, -0.12015, -0.375283, -0.0, 0.0, 0.0, 0.0, 1.0],
                [-0.012555, 0.93946, -0.342553, 0.15098, 0.32698, 0.327617, 0.886427, -0.003411, 0.944898, -0.100889, -0.311298, -0.0, 0.0, 0.0, 0.0, 1.0],
                [0.011546, 0.932068, -0.362215, 0.15098, 0.252867, 0.347759, 0.902845, -0.003411, 0.967384, -0.102026, -0.231674, -0.0, 0.0, 0.0, 0.0, 1.0],
                [0.085807, 0.9169, -0.389888, 0.15098, 0.187835, 0.369442, 0.910078, -0.003411, 0.978396, -0.15134, -0.140526, -0.0, 0.0, 0.0, 0.0, 1.0],
                [0.244745, 0.879755, -0.407678, 0.15098, 0.140759, 0.38379, 0.912637, -0.003411, 0.959267, -0.280774, -0.029903, -1e-06, 0.0, 0.0, 0.0, 1.0],
                [0.49045, 0.839864, -0.232661, 0.15098, 0.002009, 0.265902, 0.964003, -0.003411, 0.871412, -0.473307, 0.128724, -0.0, 0.0, 0.0, 0.0, 1.0],
                [0.500789, 0.760767, 0.412888, 0.15098, -0.306856, -0.289995, 0.906501, -0.003411, 0.809293, -0.580717, 0.088219, -0.0, 0.0, 0.0, 0.0, 1.0],
                [0.378547, 0.282228, 0.881502, 0.15098, -0.195415, -0.906584, 0.374157, -0.003411, 0.904666, -0.313924, -0.288033, -0.0, 0.0, 0.0, 0.0, 1.0],
                [0.516554, -0.284172, 0.807714, 0.15098, 0.010087, -0.941286, -0.337586, -0.003411, 0.85614, 0.182547, -0.483358, -1e-06, 0.0, 0.0, 0.0, 1.0],
                [0.664034, -0.430827, 0.611084, 0.15098, -0.019814, -0.827205, -0.561608, -0.003411, 0.747377, 0.360853, -0.557829, -1e-06, 0.0, 0.0, 0.0, 1.0],
                [0.679571, -0.31379, 0.663088, 0.15098, -0.053852, -0.922852, -0.381479, -0.003411, 0.731566, 0.223555, -0.644041, -1e-06, 0.0, 0.0, 0.0, 1.0],
                [0.66146, -0.152343, 0.734318, 0.150981, -0.111564, -0.988294, -0.104509, -0.00341, 0.741573, -0.012796, -0.670712, -0.0, 0.0, 0.0, 0.0, 1.0],
                [0.647314, 0.025851, 0.76176, 0.15098, -0.154029, -0.974412, 0.163965, -0.003411, 0.746436, -0.22349, -0.626769, -0.0, 0.0, 0.0, 0.0, 1.0],
                [0.669123, 0.226564, 0.707748, 0.15098, -0.13965, -0.89713, 0.419202, -0.003411, 0.72985, -0.379369, -0.56865, -1e-06, 0.0, 0.0, 0.0, 1.0],
                [0.728871, 0.461014, 0.506146, 0.15098, -0.033732, -0.714267, 0.699096, -0.003411, 0.68375, -0.526673, -0.505058, -0.0, 0.0, 0.0, 0.0, 1.0],
                [0.773353, 0.633684, 0.01879, 0.15098, 0.159339, -0.223014, 0.961707, -0.00341, 0.61355, -0.740813, -0.273439, -0.0, 0.0, 0.0, 0.0, 1.0],
                [0.839368, 0.493376, -0.228034, 0.15098, 0.250613, 0.020937, 0.967859, -0.003411, 0.482247, -0.869618, -0.106073, -2e-06, 0.0, 0.0, 0.0, 1.0],
                [0.939412, 0.265382, -0.216799, 0.138643, 0.240158, -0.058634, 0.96896, 0.017575, 0.244409, -0.962408, -0.118815, -0.000601, 0.0, 0.0, 0.0, 1.0],
                [0.980819, 0.144826, 0.130132, 0.126306, -0.131614, 0.000699, 0.991301, 0.03856, 0.143462, -0.989504, 0.019746, -0.0012, 0.0, 0.0, 0.0, 1.0],
                [0.956065, -0.016831, 0.292528, 0.113968, -0.286646, -0.260487, 0.921944, 0.059545, 0.060677, -0.965379, -0.253868, -0.001799, 0.0, 0.0, 0.0, 1.0],
                [0.971946, -0.002312, -0.235007, 0.101631, 0.154014, -0.749051, 0.644401, 0.08053, -0.177506, -0.662579, -0.727681, -0.002397, 0.0, 0.0, 0.0, 1.0],
                [0.768402, 0.173024, -0.616092, 0.089295, 0.474939, -0.799445, 0.367912, 0.101516, -0.428834, -0.575364, -0.696471, -0.002996, 0.0, 0.0, 0.0, 1.0],
                [0.764062, 0.428362, -0.482368, 0.076956, 0.597361, -0.752084, 0.278478, 0.122501, -0.243469, -0.500969, -0.830525, -0.003595, 0.0, 0.0, 0.0, 1.0],
                [0.703278, 0.592516, -0.392827, 0.064618, 0.709232, -0.622136, 0.331552, 0.143486, -0.047938, -0.511827, -0.857765, -0.004194, 0.0, 0.0, 0.0, 1.0],
                [0.649558, 0.672934, -0.35389, 0.033383, 0.759375, -0.596639, 0.259523, 0.144816, -0.036499, -0.437351, -0.89856, -0.02186, 0.0, 0.0, 0.0, 1.0],
                [0.612521, 0.723193, -0.319101, 0.002148, 0.790102, -0.571266, 0.222189, 0.146145, -0.021604, -0.388254, -0.921307, -0.039527, 0.0, 0.0, 0.0, 1.0],
                [0.585196, 0.754446, -0.297287, -0.029088, 0.810812, -0.547231, 0.207581, 0.147475, -0.006075, -0.362553, -0.93195, -0.057194, 0.0, 0.0, 0.0, 1.0],
                [0.565527, 0.773176, -0.287063, -0.060324, 0.824602, -0.525571, 0.209212, 0.148804, 0.010884, -0.355061, -0.934786, -0.07486, 0.0, 0.0, 0.0, 1.0],
                [0.552376, 0.783142, -0.285657, -0.047184, 0.833186, -0.508775, 0.216588, 0.144253, 0.024281, -0.357677, -0.933536, -0.072852, 0.0, 0.0, 0.0, 1.0],
                [0.539074, 0.792865, -0.284248, -0.034041, 0.841355, -0.491831, 0.224015, 0.139702, 0.037807, -0.359948, -0.932212, -0.070843, 0.0, 0.0, 0.0, 1.0],
                [0.528532, 0.798928, -0.287061, -0.020902, 0.847508, -0.477575, 0.231534, 0.135151, 0.047881, -0.365694, -0.92951, -0.068834, 0.0, 0.0, 0.0, 1.0],
                [0.521938, 0.798527, -0.29995, -0.007757, 0.851103, -0.464602, 0.244382, 0.1306, 0.055783, -0.382877, -0.922121, -0.066825, 0.0, 0.0, 0.0, 1.0],
                [0.519238, 0.792554, -0.31982, 0.005384, 0.8526, -0.454997, 0.256914, 0.126049, 0.058095, -0.406116, -0.911982, -0.064816, 0.0, 0.0, 0.0, 1.0],
                [0.51894, 0.782532, -0.344062, 0.018526, 0.852826, -0.446982, 0.2699, 0.121497, 0.05741, -0.433527, -0.899319, -0.062808, 0.0, 0.0, 0.0, 1.0],
                [0.519685, 0.771488, -0.367105, 0.031668, 0.852523, -0.440595, 0.281126, 0.116946, 0.055135, -0.459106, -0.88668, -0.060799, 0.0, 0.0, 0.0, 1.0],
                [0.520346, 0.760481, -0.388508, 0.044809, 0.852619, -0.437783, 0.2852, 0.112395, 0.046802, -0.479696, -0.876198, -0.05879, 0.0, 0.0, 0.0, 1.0],
                [0.520697, 0.750578, -0.406862, 0.057952, 0.853096, -0.439751, 0.280707, 0.107844, 0.031771, -0.493302, -0.869291, -0.056781, 0.0, 0.0, 0.0, 1.0],
                [0.519008, 0.745379, -0.418412, 0.070007, 0.854611, -0.444897, 0.267691, 0.10343, 0.01338, -0.496559, -0.867913, -0.050747, 0.0, 0.0, 0.0, 1.0],
                [0.515212, 0.746787, -0.420589, 0.082058, 0.856943, -0.45497, 0.242078, 0.099015, -0.010574, -0.485188, -0.874359, -0.044712, 0.0, 0.0, 0.0, 1.0],
                [0.506282, 0.745559, -0.433417, 0.094111, 0.860203, -0.471806, 0.193394, 0.0946, -0.060297, -0.470783, -0.880198, -0.038678, 0.0, 0.0, 0.0, 1.0],
                [0.492926, 0.747399, -0.445477, 0.106167, 0.856982, -0.505413, 0.100473, 0.090186, -0.150043, -0.431332, -0.889638, -0.032643, 0.0, 0.0, 0.0, 1.0],
                [0.474699, 0.754452, -0.453319, 0.118221, 0.840242, -0.541747, -0.021581, 0.085771, -0.261841, -0.370688, -0.891087, -0.026608, 0.0, 0.0, 0.0, 1.0],
                [0.458573, 0.761433, -0.458221, 0.130273, 0.802559, -0.576263, -0.154244, 0.081356, -0.381467, -0.297045, -0.875353, -0.020574, 0.0, 0.0, 0.0, 1.0],
                [0.447147, 0.756559, -0.477195, 0.142325, 0.747319, -0.609162, -0.265366, 0.076942, -0.491408, -0.237982, -0.837775, -0.01454, 0.0, 0.0, 0.0, 1.0],
                [0.447755, 0.744047, -0.495927, 0.141698, 0.686315, -0.641514, -0.342675, 0.073657, -0.573057, -0.186945, -0.797892, -0.011902, 0.0, 0.0, 0.0, 1.0],
                [0.46692, 0.724144, -0.507575, 0.141072, 0.631045, -0.674986, -0.382339, 0.070372, -0.619415, -0.141794, -0.772131, -0.009264, 0.0, 0.0, 0.0, 1.0],
                [0.505458, 0.675144, -0.537321, 0.140443, 0.587505, -0.725405, -0.358668, 0.067087, -0.631868, -0.134399, -0.763311, -0.006627, 0.0, 0.0, 0.0, 1.0],
                [0.554568, 0.570491, -0.605803, 0.139816, 0.54449, -0.799343, -0.254192, 0.063803, -0.6292, -0.188904, -0.753917, -0.00399, 0.0, 0.0, 0.0, 1.0],
                [0.611861, 0.41759, -0.671735, 0.139189, 0.498488, -0.863004, -0.082346, 0.060518, -0.614039, -0.284493, -0.736201, -0.001352, 0.0, 0.0, 0.0, 1.0],
                [0.673674, 0.245873, -0.696903, 0.13856, 0.446817, -0.886685, 0.119164, 0.057233, -0.588578, -0.391703, -0.707197, 0.001284, 0.0, 0.0, 0.0, 1.0],
                [0.73312, 0.100916, -0.672534, 0.137931, 0.397801, -0.865753, 0.303781, 0.053949, -0.55154, -0.490289, -0.674845, 0.003921, 0.0, 0.0, 0.0, 1.0],
                [0.797852, 0.001557, -0.602803, 0.137305, 0.350034, -0.815349, 0.46123, 0.050664, -0.490732, -0.579048, -0.651073, 0.00656, 0.0, 0.0, 0.0, 1.0],
                [0.879706, -0.032423, -0.474336, 0.150981, 0.292846, -0.749018, 0.594356, -0.003411, -0.374522, -0.661827, -0.64942, 1e-06, 0.0, 0.0, 0.0, 1.0],
                [0.958117, 0.010601, -0.286032, 0.150979, 0.214517, -0.688186, 0.693126, -0.003411, -0.189478, -0.725522, -0.661636, -1e-06, 0.0, 0.0, 0.0, 1.0],
                [0.991435, 0.108601, -0.071937, 0.150978, 0.126552, -0.672335, 0.729378, -0.003411, 0.030843, -0.732301, -0.680319, -4e-06, 0.0, 0.0, 0.0, 1.0],
                [0.945447, 0.067352, 0.318736, 0.133846, 0.064631, -0.997727, 0.01912, 0.001085, 0.319299, 0.002523, -0.947651, 0.043037, 0.0, 0.0, 0.0, 1.0]
            ]
        },
        {
            "name": "Leg_R",
            "time": [0.0, 0.2333, 0.2667, 0.3, 0.3333, 0.3667, 0.4, 0.4333, 0.4667, 0.5, 0.5333, 0.5667, 0.6, 0.6333, 0.6667, 0.7, 0.7333, 0.7667, 0.8, 0.8333, 0.8667, 0.9, 0.9333, 0.9667, 1.0, 1.0333, 1.0667, 1.1, 1.1333, 1.1667, 1.2, 1.2333, 1.2667, 1.3, 1.3333, 1.3667, 1.4, 1.4333, 1.4667, 1.5, 1.5333, 1.5667, 1.6, 1.6333, 1.6667, 1.7, 1.7333, 1.7667, 1.8, 1.8333, 1.8667, 1.9, 1.9333, 1.9667, 2.0, 2.0333, 2.0667, 2.1, 2.1333, 2.1667, 2.2, 2.2333, 2.2667, 2.3, 2.3333, 2.3667, 2.4, 2.4333, 2.4667, 2.5, 2.5333, 2.5667, 2.6, 2.6333, 2.6667, 2.7, 2.7333, 2.7667, 2.8, 2.8333, 3.4],
            "transform": [
                [1.000001, 0.001609, -0.001107, 0.0, -0.001108, 0.934116, 0.356961, 0.37472, 0.001608, -0.356958, 0.934119, 0.0, 0.0, 0.0, 0.0, 1.0],
                [0.999953, -0.001954, 5.7e-05, -0.0, 5.6e-05, 0.057765, 0.998294, 0.37472, -0.001954, -0.998411, 0.057758, 0.0, 0.0, 0.0, 0.0, 1.0],
                [0.999952, -0.001953, -0.00011, 0.0, -0.000111, -0.112895, 0.993573, 0.37472, -0.001952, -0.993688, -0.112881, 0.0, 0.0, 0.0, 0.0, 1.0],
                [0.999951, -0.00194, -0.000248, -0.0, -0.000249, -0.252346, 0.96761, 0.37472, -0.00194, -0.967719, -0.252317, -0.0, 0.0, 0.0, 0.0, 1.0],
                [0.999952, -0.001916, -0.000391, 0.0, -0.000391, -0.39213, 0.919896, 0.37472, -0.001916, -0.91999, -0.392089, 0.0, 0.0, 0.0, 0.0, 1.0],
                [0.999952, -0.001872, -0.000567, -0.0, -0.000568, -0.555375, 0.831607, 0.37472, -0.001871, -0.831682, -0.555324, -0.0, 0.0, 0.0, 0.0, 1.0],
                [0.999952, -0.001809, -0.000744, -0.0, -0.000743, -0.703343, 0.710883, 0.37472, -0.001809, -0.710933, -0.703292, 0.0, 0.0, 0.0, 0.0, 1.0],
                [0.999952, -0.00175, -0.000873, -0.0, -0.000874, -0.799362, 0.600902, 0.37472, -0.00175, -0.600937, -0.799314, -0.0, 0.0, 0.0, 0.0, 1.0],
                [0.999952, -0.001726, -0.00092, 0.0, -0.00092, -0.830041, 0.557763, 0.37472, -0.001726, -0.557792, -0.829996, 0.0, 0.0, 0.0, 0.0, 1.0],
                [0.999952, -0.001864, -0.000594, 0.0, -0.000595, -0.579155, 0.815228, 0.37472, -0.001863, -0.815299, -0.579104, -0.0, 0.0, 0.0, 0.0, 1.0],
                [0.999952, -0.001952, -0.000122, 0.0, -0.000123, -0.124819, 0.992146, 0.37472, -0.001951, -0.992262, -0.124804, -0.0, 0.0, 0.0, 0.0, 1.0],
                [0.999952, -0.001948, -0.000186, 0.0, -0.000188, -0.190277, 0.9817, 0.37472, -0.001947, -0.981811, -0.190255, -0.0, 0.0, 0.0, 0.0, 1.0],
                [0.999952, -0.001948, -0.000183, 0.0, -0.000184, -0.186756, 0.982375, 0.37472, -0.001947, -0.982488, -0.186734, 0.0, 0.0, 0.0, 0.0, 1.0],
                [0.999951, -0.001941, -0.000242, -0.0, -0.000243, -0.246421, 0.969135, 0.37472, -0.001941, -0.969246, -0.246393, 0.0, 0.0, 0.0, 0.0, 1.0],
                [0.999952, -0.001931, -0.000312, -0.0, -0.000314, -0.315988, 0.948741, 0.37472, -0.00193, -0.948845, -0.315953, 0.0, 0.0, 0.0, 0.0, 1.0],
                [0.999952, -0.00192, -0.000372, 0.0, -0.000374, -0.374484, 0.927217, 0.37472, -0.00192, -0.927316, -0.374443, 0.0, 0.0, 0.0, 0.0, 1.0],
                [0.999952, -0.001914, -0.000403, -0.0, -0.000404, -0.403505, 0.914965, 0.37472, -0.001914, -0.915058, -0.403462, 0.0, 0.0, 0.0, 0.0, 1.0],
                [0.999952, -0.001915, -0.0004, -0.0, -0.0004, -0.400481, 0.916292, 0.37472, -0.001915, -0.916385, -0.400439, 0.0, 0.0, 0.0, 0.0, 1.0],
                [0.999952, -0.001917, -0.000388, 0.0, -0.000388, -0.38908, 0.921189, 0.37472, -0.001917, -0.921285, -0.389038, -0.0, 0.0, 0.0, 0.0, 1.0],
                [0.999952, -0.001921, -0.00037, -0.0, -0.00037, -0.371388, 0.928461, 0.37472, -0.001921, -0.928559, -0.371348, -0.0, 0.0, 0.0, 0.0, 1.0],
                [0.999952, -0.001926, -0.000348, -0.0, -0.000349, -0.35066, 0.936484, 0.37472, -0.001925, -0.936584, -0.350622, 0.0, 0.0, 0.0, 0.0, 1.0],
                [0.999952, -0.001928, -0.000326, -0.0, -0.000328, -0.329757, 0.944045, 0.37472, -0.001928, -0.944146, -0.329721, 0.0, 0.0, 0.0, 0.0, 1.0],
                [0.999952, -0.001932, -0.000306, -0.0, -0.000306, -0.308696, 0.951139, 0.37472, -0.001932, -0.951242, -0.308662, 0.0, 0.0, 0.0, 0.0, 1.0],
                [0.999953, -0.001935, -0.00029, -0.0, -0.000291, -0.293995, 0.955783, 0.37472, -0.001934, -0.955888, -0.293962, 0.0, 0.0, 0.0, 0.0, 1.0],
                [0.999952, -0.001935, -0.000283, -0.0, -0.000284, -0.286585, 0.95803, 0.37472, -0.001935, -0.958136, -0.286553, -0.0, 0.0, 0.0, 0.0, 1.0],
                [0.999953, -0.001941, -0.000238, 0.0, -0.000239, -0.242174, 0.970205, 0.37472, -0.001941, -0.970313, -0.242146, -0.0, 0.0, 0.0, 0.0, 1.0],
                [0.999952, -0.00195, -0.000149, 0.0, -0.000149, -0.152027, 0.988343, 0.37472, -0.00195, -0.988458, -0.152009, -0.0, 0.0, 0.0, 0.0, 1.0],
                [0.999952, -0.001954, -8.1e-05, 0.0, -8.2e-05, -0.0832, 0.996497, 0.37472, -0.001954, -0.996614, -0.08319, -0.0, 0.0, 0.0, 0.0, 1.0],
                [0.999952, -0.001952, -0.00012, -0.0, -0.000119, -0.122074, 0.992487, 0.37472, -0.001952, -0.992603, -0.122059, -0.0, 0.0, 0.0, 0.0, 1.0],
                [0.999952, -0.001929, -0.000321, 0.0, -0.000323, -0.324847, 0.945746, 0.37472, -0.001929, -0.945848, -0.324811, -0.0, 0.0, 0.0, 0.0, 1.0],
                [0.999952, -0.001864, -0.000594, 0.0, -0.000594, -0.57852, 0.815679, 0.37472, -0.001864, -0.815748, -0.57847, 0.0, 0.0, 0.0, 0.0, 1.0],
                [0.999951, -0.001842, -0.000658, 0.0, -0.000658, -0.633681, 0.773615, 0.37472, -0.001841, -0.773677, -0.633628, -0.0, 0.0, 0.0, 0.0, 1.0],
                [0.999951, -0.001932, -0.000306, -0.0, -0.000306, -0.309507, 0.950875, 0.37472, -0.001932, -0.950979, -0.309473, 0.0, 0.0, 0.0, 0.0, 1.0],
                [0.999952, -0.001882, 0.00053, 0.0, 0.000528, 0.520849, 0.853651, 0.37472, -0.001883, -0.85373, 0.5208, 0.0, 0.0, 0.0, 0.0, 1.0],
                [0.999952, -0.001702, 0.000963, 0.0, 0.00096, 0.856331, 0.516496, 0.37472, -0.001703, -0.51652, 0.856287, -0.0, 0.0, 0.0, 0.0, 1.0],
                [0.999952, -0.001823, 0.000707, 0.0, 0.000705, 0.67335, 0.739351, 0.37472, -0.001824, -0.739405, 0.673298, 0.0, 0.0, 0.0, 0.0, 1.0],
                [0.999952, -0.001936, 0.00027, 0.0, 0.000268, 0.272485, 0.962134, 0.37472, -0.001936, -0.962242, 0.272454, 0.0, 0.0, 0.0, 0.0, 1.0],
                [0.999952, -0.001952, -0.000133, 0.0, -0.000134, -0.136166, 0.990653, 0.37472, -0.001951, -0.990767, -0.13615, 0.0, 0.0, 0.0, 0.0, 1.0],
                [0.999952, -0.001906, -0.000436, 0.0, -0.000436, -0.434778, 0.900529, 0.37472, -0.001906, -0.900618, -0.434734, 0.0, 0.0, 0.0, 0.0, 1.0],
                [0.999951, -0.001849, -0.000639, -0.0, -0.000639, -0.617539, 0.786558, 0.37472, -0.001849, -0.786622, -0.617487, 0.0, 0.0, 0.0, 0.0, 1.0],
                [0.999953, -0.001852, -0.00063, 0.0, -0.000631, -0.610252, 0.792223, 0.37472, -0.001851, -0.792288, -0.610201, 0.0, 0.0, 0.0, 0.0, 1.0],
                [0.999952, -0.001947, -0.000192, -0.0, -0.000193, -0.195543, 0.980665, 0.37472, -0.001946, -0.980776, -0.19552, -0.0, 0.0, 0.0, 0.0, 1.0],
                [0.999952, -0.001938, 0.000265, 0.0, 0.000263, 0.267479, 0.963537, 0.37472, -0.001938, -0.963646, 0.267448, -0.0, 0.0, 0.0, 0.0, 1.0],
                [0.999952, -0.001955, -6.5e-05, -0.0, -6.7e-05, -0.067227, 0.997703, 0.374721, -0.001955, -0.997818, -0.067219, -0.0, 0.0, 0.0, 0.0, 1.0],
                [0.999952, -0.001853, -0.000625, -0.0, -0.000625, -0.605357, 0.79597, 0.374721, -0.001853, -0.796035, -0.605306, 0.0, 0.0, 0.0, 0.0, 1.0],
                [0.999953, -0.00183, -0.000691, -1e-06, -0.000692, -0.661516, 0.749955, 0.37472, -0.00183, -0.750011, -0.661465, 1e-06, 0.0, 0.0, 0.0, 1.0],
                [0.999952, -0.001922, -0.000365, -0.0, -0.000366, -0.367507, 0.930004, 0.37472, -0.001921, -0.930101, -0.367468, 1e-06, 0.0, 0.0, 0.0, 1.0],
                [0.999952, -0.00195, -0.00015, -0.0, -0.000152, -0.153825, 0.988065, 0.37472, -0.00195, -0.988179, -0.153807, 1e-06, 0.0, 0.0, 0.0, 1.0],
                [0.999953, -0.001955, -1e-05, 0.0, -1.1e-05, -0.010716, 0.999906, 0.37472, -0.001955, -1.000023, -0.010714, -0.0, 0.0, 0.0, 0.0, 1.0],
                [0.999952, -0.001949, 0.000168, 0.0, 0.000166, 0.169927, 0.985425, 0.37472, -0.001948, -0.985537, 0.169908, -1e-06, 0.0, 0.0, 0.0, 1.0],
                [0.999952, -0.001933, 0.000298, -0.0, 0.000297, 0.300546, 0.953744, 0.37472, -0.001933, -0.953847, 0.300513, 0.0, 0.0, 0.0, 0.0, 1.0],
                [0.999952, -0.001917, 0.000386, -1e-06, 0.000384, 0.386021, 0.922475, 0.37472, -0.001917, -0.922572, 0.38598, 1e-06, 0.0, 0.0, 0.0, 1.0],
                [0.999953, -0.001906, 0.000438, 0.0, 0.000437, 0.436247, 0.899818, 0.37472, -0.001906, -0.899907, 0.436203, 0.0, 0.0, 0.0, 0.0, 1.0],
                [0.999952, -0.001898, 0.000469, 0.0, 0.000467, 0.465212, 0.885193, 0.374721, -0.001898, -0.88528, 0.465166, 0.0, 0.0, 0.0, 0.0, 1.0],
                [0.999952, -0.001892, 0.000496, 0.0, 0.000494, 0.489929, 0.87176, 0.37472, -0.001892, -0.871843, 0.489882, -0.0, 0.0, 0.0, 0.0, 1.0],
                [0.999952, -0.001888, 0.000512, 1e-06, 0.00051, 0.504479, 0.863424, 0.374721, -0.001888, -0.863504, 0.504431, -0.0, 0.0, 0.0, 0.0, 1.0],
                [0.999952, -0.00189, 0.000503, -0.0, 0.000501, 0.49619, 0.868212, 0.37472, -0.00189, -0.868294, 0.496142, 0.0, 0.0, 0.0, 0.0, 1.0],
                [0.999952, -0.001896, 0.000477, -0.0, 0.000475, 0.472334, 0.881415, 0.37472, -0.001896, -0.8815, 0.472287, -0.0, 0.0, 0.0, 0.0, 1.0],
                [0.999952, -0.001905, 0.000442, 0.0, 0.00044, 0.438982, 0.898487, 0.37472, -0.001906, -0.898577, 0.438937, 0.0, 0.0, 0.0, 0.0, 1.0],
                [0.999951, -0.001913, 0.000405, 0.0, 0.000404, 0.405014, 0.914298, 0.37472, -0.001913, -0.914392, 0.404971, 0.0, 0.0, 0.0, 0.0, 1.0],
                [0.999953, -0.00192, 0.000373, 0.0, 0.000371, 0.373709, 0.92753, 0.37472, -0.00192, -0.927625, 0.37367, 0.0, 0.0, 0.0, 0.0, 1.0],
                [0.999952, -0.001924, 0.000352, 0.0, 0.00035, 0.353443, 0.935438, 0.37472, -0.001924, -0.935537, 0.353405, 1e-06, 0.0, 0.0, 0.0, 1.0],
                [0.999952, -0.001924, 0.000348, -0.0, 0.000347, 0.350297, 0.93662, 0.374721, -0.001923, -0.936719, 0.350259, 0.0, 0.0, 0.0, 0.0, 1.0],
                [0.999952, -0.00192, 0.000368, -0.0, 0.000366, 0.369062, 0.929388, 0.374721, -0.00192, -0.929486, 0.369022, -1e-06, 0.0, 0.0, 0.0, 1.0],
                [0.999952, -0.001918, 0.000383, 0.0, 0.000382, 0.383722, 0.923433, 0.374721, -0.001918, -0.92353, 0.383681, -0.0, 0.0, 0.0, 0.0, 1.0],
                [0.999952, -0.001909, 0.000426, -0.0, 0.000424, 0.424012, 0.905646, 0.37472, -0.001909, -0.905737, 0.423969, -0.0, 0.0, 0.0, 0.0, 1.0],
                [0.999952, -0.001895, 0.000487, -0.0, 0.000485, 0.481332, 0.876535, 0.37472, -0.001895, -0.87662, 0.481284, -0.0, 0.0, 0.0, 0.0, 1.0],
                [0.999951, -0.001877, 0.000548, 1e-06, 0.000546, 0.536945, 0.843622, 0.374721, -0.001877, -0.843699, 0.536895, -0.0, 0.0, 0.0, 0.0, 1.0],
                [0.999952, -0.00187, 0.000571, -0.0, 0.00057, 0.557977, 0.829864, 0.37472, -0.00187, -0.829937, 0.557927, 1e-06, 0.0, 0.0, 0.0, 1.0],
                [0.999952, -0.001874, 0.000558, 0.0, 0.000556, 0.546206, 0.837657, 0.374721, -0.001875, -0.837731, 0.546156, 0.0, 0.0, 0.0, 0.0, 1.0],
                [0.999952, -0.001886, 0.000519, 0.0, 0.000517, 0.51065, 0.859789, 0.37472, -0.001886, -0.859869, 0.510602, -0.0, 0.0, 0.0, 0.0, 1.0],
                [0.999952, -0.001915, 0.000398, 0.0, 0.000397, 0.39821, 0.917281, 0.37472, -0.001915, -0.917374, 0.398169, 1e-06, 0.0, 0.0, 0.0, 1.0],
                [0.999952, -0.001948, 0.000165, 1e-06, 0.000163, 0.167255, 0.985883, 0.37472, -0.001948, -0.985994, 0.167235, -1e-06, 0.0, 0.0, 0.0, 1.0],
                [0.999952, -0.001954, -9.6e-05, -0.0, -9.8e-05, -0.099036, 0.995049, 0.37472, -0.001953, -0.995165, -0.099024, 1e-06, 0.0, 0.0, 0.0, 1.0],
                [0.999952, -0.001935, -0.000289, 0.0, -0.00029, -0.292351, 0.956287, 0.37472, -0.001934, -0.956392, -0.292318, 0.0, 0.0, 0.0, 0.0, 1.0],
                [0.999952, -0.001915, -0.000401, -0.0, -0.000401, -0.401238, 0.91596, 0.37472, -0.001914, -0.916056, -0.401195, 0.0, 0.0, 0.0, 0.0, 1.0],
                [0.999952, -0.001903, -0.00045, 0.0, -0.000452, -0.448649, 0.893701, 0.37472, -0.001903, -0.893787, -0.448605, -0.0, 0.0, 0.0, 0.0, 1.0],
                [0.999952, -0.001904, -0.000446, 0.0, -0.000447, -0.445017, 0.895515, 0.374719, -0.001904, -0.895602, -0.444972, -0.0, 0.0, 0.0, 0.0, 1.0],
                [0.999952, -0.00192, -0.000375, 1e-06, -0.000376, -0.376799, 0.92628, 0.37472, -0.001919, -0.926376, -0.376759, 0.0, 0.0, 0.0, 0.0, 1.0],
                [0.999952, -0.001944, -0.000217, 0.0, -0.000219, -0.22162, 0.975105, 0.37472, -0.001943, -0.975213, -0.221595, -0.0, 0.0, 0.0, 0.0, 1.0],
                [1.000001, 0.001609, -0.001107, 0.0, -0.001108, 0.934116, 0.356961, 0.37472, 0.001608, -0.356958, 0.934119, -0.0, 0.0, 0.0, 0.0, 1.0]
            ]
        },
        {
            "name": "Knee_R",
            "time": [0.0, 3.4],
            "transform": [
                [1.0, 0.0, -0.0, 0.0, -0.0, 1e-06, -1.0, 0.37472, -0.0, 1.0, 1e-06, 0.0, 0.0, 0.0, 0.0, 1.0],
                [1.0, 0.0, -0.0, 0.0, -0.0, 1e-06, -1.0, 0.37472, -0.0, 1.0, 1e-06, -0.0, 0.0, 0.0, 0.0, 1.0]
            ]
        },
        {
            "name": "Thigh_L",
