{
    "animation": [
        {
            "name": "Root",
            "time": [0.0, 0.0333, 0.0667, 0.1, 0.1333, 0.1667, 0.2, 0.2333, 0.2667, 0.3, 0.3333, 0.3667, 0.4, 0.4333, 0.4667, 0.5, 0.5333, 0.5667, 0.6, 0.6333, 0.6667, 0.7, 0.7333, 0.7667, 0.8, 0.8333, 0.8667, 0.9, 0.9333, 0.9667, 1.0, 1.0333, 1.0667, 1.1, 1.1333, 1.1667, 1.2, 1.2333, 1.2667, 1.3, 1.3333, 1.3667, 1.4, 1.4333, 1.4667, 1.5, 1.5333, 1.5667, 1.6, 1.6333, 1.6667, 1.7, 1.7333, 1.7667, 1.8, 1.8333, 1.8667, 1.9, 1.9333, 1.9667, 2.0, 2.0333, 2.0667, 2.1, 2.1333, 2.1667, 2.2, 2.2333, 2.2667, 2.3, 2.3333, 2.3667, 2.4, 2.4333, 2.4667, 2.5, 2.5333, 2.5667, 2.6, 2.6333, 2.6667, 2.7, 2.7333, 2.7667, 2.8, 2.8333, 2.8667, 2.9, 2.9333, 2.9667, 3.0, 3.0333, 3.0667, 3.1, 3.1333, 3.1667, 3.2, 3.2333, 3.2667, 3.3, 3.3333],
            "transform": [
                [0.907198, 0.000421, -0.420704, -0.10386, -0.420638, 0.018703, -0.907037, -0.167926, 0.007487, 0.999825, 0.017144, 0.674235, 0.0, 0.0, 0.0, 1.0],
                [0.907253, 0.000421, -0.420587, -0.103929, -0.42052, 0.018703, -0.907092, -0.167885, 0.007485, 0.999825, 0.017145, 0.673982, 0.0, 0.0, 0.0, 1.0],
                [0.907335, 0.000421, -0.420409, -0.103999, -0.420342, 0.018703, -0.907174, -0.167848, 0.007481, 0.999825, 0.017147, 0.67374, 0.0, 0.0, 0.0, 1.0],
                [0.907442, 0.00042, -0.420178, -0.10407, -0.420112, 0.018703, -0.907281, -0.167815, 0.007477, 0.999825, 0.017149, 0.673509, 0.0, 0.0, 0.0, 1.0],
                [0.90757, 0.00042, -0.419901, -0.104141, -0.419834, 0.018703, -0.907409, -0.167787, 0.007472, 0.999825, 0.017151, 0.67329, 0.0, 0.0, 0.0, 1.0],
                [0.907717, 0.000419, -0.419583, -0.104214, -0.419516, 0.018703, -0.907556, -0.167762, 0.007467, 0.999825, 0.017153, 0.673083, 0.0, 0.0, 0.0, 1.0],
                [0.90788, 0.000419, -0.419231, -0.104287, -0.419165, 0.018703, -0.907719, -0.167743, 0.00746, 0.999825, 0.017156, 0.672888, 0.0, 0.0, 0.0, 1.0],
                [0.908056, 0.000419, -0.418851, -0.104363, -0.418785, 0.018704, -0.907894, -0.167727, 0.007454, 0.999825, 0.017159, 0.672705, 0.0, 0.0, 0.0, 1.0],
                [0.908239, 0.000418, -0.418452, -0.104441, -0.418385, 0.018704, -0.908078, -0.167716, 0.007447, 0.999825, 0.017162, 0.672535, 0.0, 0.0, 0.0, 1.0],
                [0.90843, 0.000418, -0.418037, -0.104521, -0.41797, 0.018704, -0.908269, -0.167708, 0.007439, 0.999825, 0.017166, 0.672379, 0.0, 0.0, 0.0, 1.0],
                [0.908625, 0.000417, -0.417614, -0.104604, -0.417547, 0.018704, -0.908464, -0.167706, 0.007432, 0.999825, 0.017169, 0.672236, 0.0, 0.0, 0.0, 1.0],
                [0.90882, 0.000417, -0.417189, -0.104689, -0.417123, 0.018704, -0.908659, -0.167708, 0.007424, 0.999825, 0.017172, 0.672107, 0.0, 0.0, 0.0, 1.0],
                [0.909012, 0.000417, -0.41677, -0.104778, -0.416703, 0.018704, -0.908851, -0.167713, 0.007416, 0.999825, 0.017176, 0.671992, 0.0, 0.0, 0.0, 1.0],
                [0.9092, 0.000416, -0.416361, -0.104871, -0.416295, 0.018704, -0.909038, -0.167723, 0.007409, 0.999825, 0.017179, 0.671892, 0.0, 0.0, 0.0, 1.0],
                [0.909378, 0.000416, -0.415971, -0.104967, -0.415905, 0.018704, -0.909217, -0.167738, 0.007402, 0.999825, 0.017182, 0.671806, 0.0, 0.0, 0.0, 1.0],
                [0.909546, 0.000415, -0.415604, -0.105068, -0.415538, 0.018704, -0.909385, -0.167756, 0.007396, 0.999825, 0.017185, 0.671735, 0.0, 0.0, 0.0, 1.0],
                [0.909699, 0.000415, -0.415269, -0.105173, -0.415203, 0.018704, -0.909538, -0.16778, 0.00739, 0.999825, 0.017188, 0.671681, 0.0, 0.0, 0.0, 1.0],
                [0.909835, 0.000415, -0.414971, -0.105283, -0.414905, 0.018704, -0.909674, -0.167807, 0.007384, 0.999825, 0.01719, 0.671641, 0.0, 0.0, 0.0, 1.0],
                [0.909951, 0.000415, -0.414716, -0.105398, -0.414651, 0.018705, -0.909789, -0.167838, 0.00738, 0.999825, 0.017192, 0.671618, 0.0, 0.0, 0.0, 1.0],
                [0.910044, 0.000414, -0.414512, -0.105519, -0.414447, 0.018704, -0.909883, -0.167875, 0.007376, 0.999825, 0.017194, 0.671612, 0.0, 0.0, 0.0, 1.0],
                [0.910111, 0.000414, -0.414365, -0.105645, -0.414299, 0.018705, -0.90995, -0.167915, 0.007374, 0.999825, 0.017195, 0.671622, 0.0, 0.0, 0.0, 1.0],
                [0.91015, 0.000414, -0.414281, -0.105778, -0.414215, 0.018705, -0.909988, -0.16796, 0.007372, 0.999825, 0.017196, 0.671649, 0.0, 0.0, 0.0, 1.0],
                [0.910156, 0.000414, -0.414266, -0.105916, -0.4142, 0.018705, -0.909995, -0.168009, 0.007372, 0.999825, 0.017196, 0.671695, 0.0, 0.0, 0.0, 1.0],
                [0.910128, 0.000414, -0.414328, -0.106062, -0.414262, 0.018705, -0.909967, -0.168062, 0.007373, 0.999825, 0.017195, 0.671762, 0.0, 0.0, 0.0, 1.0],
                [0.910062, 0.000414, -0.414473, -0.105987, -0.414407, 0.018704, -0.909901, -0.168009, 0.007375, 0.999825, 0.017194, 0.671851, 0.0, 0.0, 0.0, 1.0],
                [0.909956, 0.000415, -0.414706, -0.105914, -0.41464, 0.018704, -0.909794, -0.16795, 0.00738, 0.999825, 0.017192, 0.671966, 0.0, 0.0, 0.0, 1.0],
                [0.909805, 0.000415, -0.415036, -0.105843, -0.41497, 0.018704, -0.909644, -0.167884, 0.007386, 0.999825, 0.017189, 0.672103, 0.0, 0.0, 0.0, 1.0],
                [0.909627, 0.000415, -0.415427, -0.105775, -0.415361, 0.018704, -0.909466, -0.167813, 0.007393, 0.999825, 0.017186, 0.672261, 0.0, 0.0, 0.0, 1.0],
                [0.909438, 0.000416, -0.415842, -0.10571, -0.415776, 0.018704, -0.909276, -0.167736, 0.0074, 0.999825, 0.017183, 0.672439, 0.0, 0.0, 0.0, 1.0],
                [0.909237, 0.000416, -0.416279, -0.105646, -0.416212, 0.018704, -0.909077, -0.167654, 0.007408, 0.999825, 0.01718, 0.672637, 0.0, 0.0, 0.0, 1.0],
                [0.909028, 0.000417, -0.416736, -0.105585, -0.41667, 0.018704, -0.908867, -0.167568, 0.007416, 0.999825, 0.017176, 0.672851, 0.0, 0.0, 0.0, 1.0],
                [0.90881, 0.000417, -0.417211, -0.105526, -0.417145, 0.018704, -0.908648, -0.167478, 0.007424, 0.999825, 0.017172, 0.673083, 0.0, 0.0, 0.0, 1.0],
                [0.908583, 0.000418, -0.417705, -0.105468, -0.417639, 0.018704, -0.908422, -0.167384, 0.007433, 0.999825, 0.017168, 0.67333, 0.0, 0.0, 0.0, 1.0],
                [0.908349, 0.000418, -0.418215, -0.105413, -0.418149, 0.018704, -0.908187, -0.167286, 0.007443, 0.999825, 0.017164, 0.67359, 0.0, 0.0, 0.0, 1.0],
                [0.908106, 0.000419, -0.41874, -0.105358, -0.418674, 0.018704, -0.907945, -0.167186, 0.007452, 0.999825, 0.01716, 0.673865, 0.0, 0.0, 0.0, 1.0],
                [0.907858, 0.000419, -0.419278, -0.105306, -0.419212, 0.018704, -0.907697, -0.167083, 0.007461, 0.999825, 0.017156, 0.67415, 0.0, 0.0, 0.0, 1.0],
                [0.907604, 0.00042, -0.419828, -0.105255, -0.419762, 0.018703, -0.907443, -0.166979, 0.007471, 0.999825, 0.017152, 0.674446, 0.0, 0.0, 0.0, 1.0],
                [0.907344, 0.00042, -0.420389, -0.105205, -0.420322, 0.018703, -0.907183, -0.166873, 0.007481, 0.999825, 0.017147, 0.67475, 0.0, 0.0, 0.0, 1.0],
                [0.90708, 0.000421, -0.420959, -0.105156, -0.420892, 0.018703, -0.90692, -0.166766, 0.007491, 0.999825, 0.017142, 0.675063, 0.0, 0.0, 0.0, 1.0],
                [0.906812, 0.000422, -0.421536, -0.105109, -0.421469, 0.018703, -0.906651, -0.166658, 0.007502, 0.999825, 0.017138, 0.675382, 0.0, 0.0, 0.0, 1.0],
                [0.90654, 0.000422, -0.42212, -0.105062, -0.422053, 0.018703, -0.90638, -0.16655, 0.007512, 0.999825, 0.017133, 0.675707, 0.0, 0.0, 0.0, 1.0],
                [0.906266, 0.000423, -0.422709, -0.105016, -0.422642, 0.018703, -0.906105, -0.166442, 0.007522, 0.999825, 0.017128, 0.676036, 0.0, 0.0, 0.0, 1.0],
                [0.90599, 0.000424, -0.423301, -0.104971, -0.423234, 0.018702, -0.905828, -0.166335, 0.007533, 0.999825, 0.017124, 0.676368, 0.0, 0.0, 0.0, 1.0],
                [0.90571, 0.000424, -0.423899, -0.104927, -0.423832, 0.018702, -0.905549, -0.166227, 0.007544, 0.999825, 0.017119, 0.676704, 0.0, 0.0, 0.0, 1.0],
                [0.905433, 0.000425, -0.42449, -0.104883, -0.424423, 0.018702, -0.905272, -0.166124, 0.007554, 0.999825, 0.017114, 0.677036, 0.0, 0.0, 0.0, 1.0],
                [0.905154, 0.000425, -0.425085, -0.10484, -0.425018, 0.018702, -0.904993, -0.166021, 0.007565, 0.999825, 0.017109, 0.67737, 0.0, 0.0, 0.0, 1.0],
                [0.904875, 0.000426, -0.425677, -0.104797, -0.42561, 0.018702, -0.904715, -0.16592, 0.007575, 0.999825, 0.017104, 0.677702, 0.0, 0.0, 0.0, 1.0],
                [0.904598, 0.000427, -0.426266, -0.104755, -0.426199, 0.018702, -0.904437, -0.165823, 0.007586, 0.999825, 0.017099, 0.67803, 0.0, 0.0, 0.0, 1.0],
                [0.904323, 0.000427, -0.42685, -0.104712, -0.426783, 0.018702, -0.904162, -0.165728, 0.007597, 0.999825, 0.017095, 0.678355, 0.0, 0.0, 0.0, 1.0],
                [0.90405, 0.000428, -0.427428, -0.104669, -0.42736, 0.018701, -0.903889, -0.165637, 0.007607, 0.999825, 0.01709, 0.678673, 0.0, 0.0, 0.0, 1.0],
                [0.90378, 0.000429, -0.427998, -0.104627, -0.427931, 0.018701, -0.903619, -0.165551, 0.007617, 0.999825, 0.017085, 0.678984, 0.0, 0.0, 0.0, 1.0],
                [0.903515, 0.000429, -0.428559, -0.104584, -0.428491, 0.018701, -0.903353, -0.165468, 0.007627, 0.999825, 0.017081, 0.679289, 0.0, 0.0, 0.0, 1.0],
                [0.903253, 0.00043, -0.42911, -0.10454, -0.429042, 0.018701, -0.903092, -0.165391, 0.007637, 0.999825, 0.017076, 0.679582, 0.0, 0.0, 0.0, 1.0],
                [0.902997, 0.00043, -0.429649, -0.104496, -0.42958, 0.018701, -0.902836, -0.165319, 0.007646, 0.999825, 0.017072, 0.679866, 0.0, 0.0, 0.0, 1.0],
                [0.902746, 0.000431, -0.430174, -0.104452, -0.430106, 0.018701, -0.902586, -0.165253, 0.007656, 0.999825, 0.017067, 0.680138, 0.0, 0.0, 0.0, 1.0],
                [0.902503, 0.000431, -0.430685, -0.104407, -0.430617, 0.018701, -0.902342, -0.165193, 0.007665, 0.999825, 0.017063, 0.680397, 0.0, 0.0, 0.0, 1.0],
                [0.902267, 0.000432, -0.43118, -0.104361, -0.431112, 0.018701, -0.902106, -0.16514, 0.007674, 0.999825, 0.017059, 0.680642, 0.0, 0.0, 0.0, 1.0],
                [0.902038, 0.000432, -0.431658, -0.104315, -0.43159, 0.0187, -0.901877, -0.165094, 0.007682, 0.999825, 0.017055, 0.680871, 0.0, 0.0, 0.0, 1.0],
                [0.901818, 0.000433, -0.432117, -0.104267, -0.432049, 0.0187, -0.901657, -0.165055, 0.00769, 0.999825, 0.017051, 0.681085, 0.0, 0.0, 0.0, 1.0],
                [0.901608, 0.000433, -0.432556, -0.104218, -0.432487, 0.0187, -0.901447, -0.165025, 0.007698, 0.999825, 0.017048, 0.681279, 0.0, 0.0, 0.0, 1.0],
                [0.901407, 0.000434, -0.432973, -0.104168, -0.432905, 0.0187, -0.901247, -0.165002, 0.007706, 0.999825, 0.017044, 0.681455, 0.0, 0.0, 0.0, 1.0],
                [0.901218, 0.000434, -0.433368, -0.104117, -0.433299, 0.0187, -0.901057, -0.164989, 0.007713, 0.999825, 0.017041, 0.68161, 0.0, 0.0, 0.0, 1.0],
                [0.901039, 0.000435, -0.433738, -0.104064, -0.43367, 0.0187, -0.900879, -0.164985, 0.007719, 0.999825, 0.017038, 0.681744, 0.0, 0.0, 0.0, 1.0],
                [0.900873, 0.000435, -0.434083, -0.10401, -0.434014, 0.0187, -0.900713, -0.16499, 0.007726, 0.999825, 0.017035, 0.681855, 0.0, 0.0, 0.0, 1.0],
                [0.90072, 0.000435, -0.4344, -0.103954, -0.434332, 0.0187, -0.90056, -0.165006, 0.007731, 0.999825, 0.017032, 0.681942, 0.0, 0.0, 0.0, 1.0],
                [0.900581, 0.000435, -0.434689, -0.103896, -0.434621, 0.0187, -0.90042, -0.165032, 0.007737, 0.999825, 0.01703, 0.682003, 0.0, 0.0, 0.0, 1.0],
                [0.900458, 0.000436, -0.434943, -0.103836, -0.434874, 0.0187, -0.900298, -0.165069, 0.007741, 0.999825, 0.017028, 0.682038, 0.0, 0.0, 0.0, 1.0],
                [0.90037, 0.000436, -0.435126, -0.103775, -0.435057, 0.0187, -0.90021, -0.165117, 0.007744, 0.999825, 0.017026, 0.682046, 0.0, 0.0, 0.0, 1.0],
                [0.900335, 0.000436, -0.435199, -0.103699, -0.43513, 0.0187, -0.900174, -0.165196, 0.007746, 0.999825, 0.017026, 0.682027, 0.0, 0.0, 0.0, 1.0],
                [0.900373, 0.000436, -0.435121, -0.103597, -0.435052, 0.0187, -0.900212, -0.165318, 0.007744, 0.999825, 0.017026, 0.681984, 0.0, 0.0, 0.0, 1.0],
                [0.900503, 0.000436, -0.434851, -0.103475, -0.434782, 0.0187, -0.900343, -0.16548, 0.007739, 0.999825, 0.017029, 0.681917, 0.0, 0.0, 0.0, 1.0],
                [0.900689, 0.000435, -0.434466, -0.103336, -0.434398, 0.0187, -0.900528, -0.165676, 0.007732, 0.999825, 0.017032, 0.681826, 0.0, 0.0, 0.0, 1.0],
                [0.900876, 0.000435, -0.434077, -0.103185, -0.434009, 0.0187, -0.900715, -0.165897, 0.007726, 0.999825, 0.017035, 0.681715, 0.0, 0.0, 0.0, 1.0],
                [0.901069, 0.000434, -0.433678, -0.103023, -0.433609, 0.0187, -0.900908, -0.166141, 0.007718, 0.999825, 0.017038, 0.681583, 0.0, 0.0, 0.0, 1.0],
                [0.901265, 0.000434, -0.433269, -0.102857, -0.433201, 0.0187, -0.901105, -0.166402, 0.007711, 0.999825, 0.017042, 0.681431, 0.0, 0.0, 0.0, 1.0],
                [0.901466, 0.000434, -0.432852, -0.10269, -0.432784, 0.0187, -0.901304, -0.166672, 0.007704, 0.999825, 0.017045, 0.681261, 0.0, 0.0, 0.0, 1.0],
                [0.901669, 0.000433, -0.432429, -0.102526, -0.43236, 0.0187, -0.901508, -0.166947, 0.007696, 0.999825, 0.017049, 0.681073, 0.0, 0.0, 0.0, 1.0],
                [0.901876, 0.000433, -0.431997, -0.102368, -0.431929, 0.0187, -0.901715, -0.167222, 0.007688, 0.999825, 0.017052, 0.680869, 0.0, 0.0, 0.0, 1.0],
                [0.902086, 0.000432, -0.431558, -0.102221, -0.431489, 0.018701, -0.901925, -0.16749, 0.007681, 0.999825, 0.017056, 0.68065, 0.0, 0.0, 0.0, 1.0],
                [0.902299, 0.000432, -0.431112, -0.102089, -0.431044, 0.018701, -0.902138, -0.167746, 0.007673, 0.999825, 0.01706, 0.680416, 0.0, 0.0, 0.0, 1.0],
                [0.902515, 0.000431, -0.43066, -0.101975, -0.430592, 0.018701, -0.902354, -0.167984, 0.007665, 0.999825, 0.017063, 0.680171, 0.0, 0.0, 0.0, 1.0],
                [0.902734, 0.000431, -0.430201, -0.101884, -0.430133, 0.018701, -0.902572, -0.168198, 0.007657, 0.999825, 0.017067, 0.679912, 0.0, 0.0, 0.0, 1.0],
                [0.902954, 0.00043, -0.429737, -0.10182, -0.429669, 0.018701, -0.902794, -0.168383, 0.007648, 0.999825, 0.017071, 0.679641, 0.0, 0.0, 0.0, 1.0],
                [0.903178, 0.00043, -0.429267, -0.101786, -0.429199, 0.018701, -0.903017, -0.168533, 0.00764, 0.999825, 0.017075, 0.679362, 0.0, 0.0, 0.0, 1.0],
                [0.903404, 0.000429, -0.428792, -0.101787, -0.428724, 0.018701, -0.903243, -0.168643, 0.007631, 0.999825, 0.017079, 0.679072, 0.0, 0.0, 0.0, 1.0],
                [0.903632, 0.000429, -0.428311, -0.101825, -0.428243, 0.018701, -0.903471, -0.168708, 0.007623, 0.999825, 0.017083, 0.678776, 0.0, 0.0, 0.0, 1.0],
                [0.903863, 0.000428, -0.427823, -0.101898, -0.427756, 0.018702, -0.903702, -0.168733, 0.007614, 0.999825, 0.017087, 0.678471, 0.0, 0.0, 0.0, 1.0],
                [0.904093, 0.000428, -0.427337, -0.101999, -0.427269, 0.018702, -0.903932, -0.168722, 0.007605, 0.999825, 0.017091, 0.678164, 0.0, 0.0, 0.0, 1.0],
                [0.904326, 0.000427, -0.426843, -0.102125, -0.426775, 0.018702, -0.904166, -0.168682, 0.007596, 0.999825, 0.017095, 0.677851, 0.0, 0.0, 0.0, 1.0],
                [0.904561, 0.000427, -0.426345, -0.102271, -0.426278, 0.018702, -0.9044, -0.168618, 0.007587, 0.999825, 0.017099, 0.677536, 0.0, 0.0, 0.0, 1.0],
                [0.904797, 0.000426, -0.425844, -0.102432, -0.425776, 0.018702, -0.904636, -0.168535, 0.007579, 0.999825, 0.017103, 0.677219, 0.0, 0.0, 0.0, 1.0],
                [0.905034, 0.000426, -0.42534, -0.102603, -0.425272, 0.018702, -0.904873, -0.16844, 0.007569, 0.999825, 0.017107, 0.676901, 0.0, 0.0, 0.0, 1.0],
                [0.905272, 0.000425, -0.424832, -0.102781, -0.424765, 0.018702, -0.905112, -0.168337, 0.00756, 0.999825, 0.017111, 0.676584, 0.0, 0.0, 0.0, 1.0],
                [0.905512, 0.000425, -0.424322, -0.10296, -0.424255, 0.018702, -0.90535, -0.168233, 0.007551, 0.999825, 0.017115, 0.67627, 0.0, 0.0, 0.0, 1.0],
                [0.905752, 0.000424, -0.42381, -0.103136, -0.423743, 0.018702, -0.905591, -0.168133, 0.007542, 0.999825, 0.01712, 0.675959, 0.0, 0.0, 0.0, 1.0],
                [0.905992, 0.000424, -0.423296, -0.103304, -0.423229, 0.018702, -0.905831, -0.168042, 0.007533, 0.999825, 0.017124, 0.675653, 0.0, 0.0, 0.0, 1.0],
                [0.906233, 0.000423, -0.422779, -0.103459, -0.422712, 0.018703, -0.906072, -0.167966, 0.007524, 0.999825, 0.017128, 0.675352, 0.0, 0.0, 0.0, 1.0],
                [0.906474, 0.000422, -0.422262, -0.103597, -0.422195, 0.018703, -0.906313, -0.167911, 0.007515, 0.999825, 0.017132, 0.675059, 0.0, 0.0, 0.0, 1.0],
                [0.906715, 0.000422, -0.421744, -0.103713, -0.421677, 0.018703, -0.906555, -0.167882, 0.007505, 0.999825, 0.017136, 0.674775, 0.0, 0.0, 0.0, 1.0],
                [0.906957, 0.000421, -0.421224, -0.103802, -0.421157, 0.018703, -0.906796, -0.167885, 0.007496, 0.999825, 0.01714, 0.674499, 0.0, 0.0, 0.0, 1.0],
                [0.907198, 0.000421, -0.420704, -0.10386, -0.420638, 0.018703, -0.907037, -0.167926, 0.007487, 0.999825, 0.017144, 0.674235, 0.0, 0.0, 0.0, 1.0]
            ]
        },
        {
            "name": "Thigh_R",
            "time": [0.0, 0.0333, 0.0667, 0.1, 0.1333, 0.1667, 0.2, 0.2333, 0.2667, 0.3, 0.3333, 0.3667, 0.4, 0.4333, 0.4667, 0.5, 0.5333, 0.5667, 0.6, 0.6333, 0.6667, 0.7, 0.7333, 0.7667, 0.8, 0.8333, 0.8667, 0.9, 0.9333, 0.9667, 1.0, 1.0333, 1.0667, 1.1, 1.1333, 1.1667, 1.2, 1.2333, 1.2667, 1.3, 1.3333, 1.3667, 1.4, 1.4333, 1.4667, 1.5, 1.5333, 1.5667, 1.6, 1.6333, 1.6667, 1.7, 1.7333, 1.7667, 1.8, 1.8333, 1.8667, 1.9, 1.9333, 1.9667, 2.0, 2.0333, 2.0667, 2.1, 2.1333, 2.1667, 2.2, 2.2333, 2.2667, 2.3, 2.3333, 2.3667, 2.4, 2.4333, 2.4667, 2.5, 2.5333, 2.5667, 2.6, 2.6333, 2.6667, 2.7, 2.7333, 2.7667, 2.8, 2.8333, 2.8667, 2.9, 2.9333, 2.9667, 3.0, 3.0333, 3.0667, 3.1, 3.1333, 3.1667, 3.2, 3.2333, 3.2667, 3.3, 3.3333],
            "transform": [
                [0.945483, 0.067158, 0.318674, 0.133847, 0.064694, -0.997738, 0.018325, 0.001085, 0.319184, 0.00329, -0.947688, 0.043038, 0.0, 0.0, 0.0, 1.0],
                [0.945447, 0.067352, 0.318736, 0.133847, 0.064631, -0.997727, 0.01912, 0.001085, 0.319299, 0.002523, -0.947651, 0.043038, 0.0, 0.0, 0.0, 1.0],
                [0.945421, 0.067544, 0.318776, 0.133847, 0.06455, -0.997716, 0.01996, 0.001085, 0.319396, 0.001706, -0.94762, 0.043038, 0.0, 0.0, 0.0, 1.0],
                [0.9454, 0.067732, 0.318797, 0.133847, 0.064453, -0.997704, 0.020837, 0.001085, 0.319476, 0.000848, -0.947594, 0.043038, 0.0, 0.0, 0.0, 1.0],
                [0.945386, 0.067914, 0.3188, 0.133847, 0.06434, -0.997693, 0.021741, 0.001085, 0.319541, -4.1e-05, -0.947573, 0.043038, 0.0, 0.0, 0.0, 1.0],
                [0.945377, 0.06809, 0.318787, 0.133847, 0.064215, -0.99768, 0.022663, 0.001085, 0.31959, -0.000953, -0.947556, 0.043038, 0.0, 0.0, 0.0, 1.0],
                [0.945375, 0.068257, 0.318759, 0.133847, 0.064078, -0.997667, 0.023594, 0.001085, 0.319626, -0.001879, -0.947542, 0.043038, 0.0, 0.0, 0.0, 1.0],
                [0.945377, 0.068415, 0.318718, 0.133847, 0.06393, -0.997654, 0.024525, 0.001085, 0.319648, -0.002809, -0.947532, 0.043038, 0.0, 0.0, 0.0, 1.0],
                [0.945384, 0.068563, 0.318666, 0.133847, 0.063775, -0.997641, 0.025447, 0.001085, 0.319658, -0.003734, -0.947526, 0.043038, 0.0, 0.0, 0.0, 1.0],
                [0.945396, 0.068698, 0.318603, 0.133847, 0.063613, -0.997628, 0.026352, 0.001085, 0.319657, -0.004645, -0.947522, 0.043038, 0.0, 0.0, 0.0, 1.0],
                [0.945411, 0.06882, 0.318532, 0.133847, 0.063446, -0.997615, 0.027228, 0.001085, 0.319646, -0.005531, -0.947521, 0.043038, 0.0, 0.0, 0.0, 1.0],
                [0.945429, 0.068927, 0.318454, 0.133847, 0.063276, -0.997603, 0.028068, 0.001085, 0.319624, -0.006386, -0.947523, 0.043038, 0.0, 0.0, 0.0, 1.0],
                [0.945451, 0.069017, 0.31837, 0.133847, 0.063104, -0.997591, 0.028864, 0.001084, 0.319595, -0.007198, -0.947527, 0.043038, 0.0, 0.0, 0.0, 1.0],
                [0.945475, 0.06909, 0.318283, 0.133847, 0.062932, -0.99758, 0.029605, 0.001085, 0.319558, -0.00796, -0.947534, 0.043038, 0.0, 0.0, 0.0, 1.0],
                [0.9455, 0.069145, 0.318194, 0.133847, 0.062762, -0.997571, 0.030283, 0.001085, 0.319514, -0.008661, -0.947542, 0.043038, 0.0, 0.0, 0.0, 1.0],
                [0.945529, 0.069179, 0.318104, 0.133847, 0.062594, -0.997562, 0.030888, 0.001085, 0.319465, -0.009293, -0.947553, 0.043038, 0.0, 0.0, 0.0, 1.0],
                [0.945558, 0.069191, 0.318015, 0.133847, 0.062432, -0.997556, 0.031411, 0.001085, 0.319411, -0.009846, -0.947565, 0.043038, 0.0, 0.0, 0.0, 1.0],
                [0.945588, 0.069181, 0.317929, 0.133847, 0.062276, -0.997552, 0.031844, 0.001085, 0.319354, -0.010311, -0.94758, 0.043038, 0.0, 0.0, 0.0, 1.0],
                [0.945618, 0.069146, 0.317847, 0.133847, 0.062128, -0.99755, 0.032177, 0.001085, 0.319293, -0.01068, -0.947596, 0.043038, 0.0, 0.0, 0.0, 1.0],
                [0.945648, 0.069086, 0.31777, 0.133847, 0.06199, -0.997552, 0.032402, 0.001084, 0.319231, -0.010942, -0.947614, 0.043038, 0.0, 0.0, 0.0, 1.0],
                [0.945677, 0.068999, 0.317702, 0.133847, 0.061863, -0.997556, 0.032509, 0.001085, 0.319168, -0.011088, -0.947633, 0.043038, 0.0, 0.0, 0.0, 1.0],
                [0.945706, 0.068884, 0.317642, 0.133847, 0.061749, -0.997564, 0.032489, 0.001085, 0.319105, -0.01111, -0.947655, 0.043038, 0.0, 0.0, 0.0, 1.0],
                [0.945733, 0.06874, 0.317591, 0.133847, 0.06165, -0.997576, 0.032333, 0.001085, 0.319043, -0.010998, -0.947677, 0.043038, 0.0, 0.0, 0.0, 1.0],
                [0.945758, 0.068564, 0.317553, 0.133847, 0.061567, -0.997591, 0.032032, 0.001085, 0.318984, -0.010744, -0.9477, 0.043038, 0.0, 0.0, 0.0, 1.0],
                [0.945782, 0.068356, 0.317528, 0.133847, 0.061501, -0.997608, 0.031577, 0.001085, 0.318927, -0.010336, -0.947723, 0.043038, 0.0, 0.0, 0.0, 1.0],
                [0.945802, 0.068116, 0.317519, 0.133847, 0.061455, -0.997631, 0.030958, 0.001085, 0.318875, -0.009767, -0.947747, 0.043038, 0.0, 0.0, 0.0, 1.0],
                [0.94582, 0.06784, 0.317525, 0.133847, 0.06143, -0.997657, 0.030168, 0.001085, 0.318827, -0.009027, -0.94777, 0.043038, 0.0, 0.0, 0.0, 1.0],
                [0.945835, 0.067528, 0.317549, 0.133847, 0.061427, -0.997686, 0.029196, 0.001085, 0.318786, -0.008108, -0.947793, 0.043038, 0.0, 0.0, 0.0, 1.0],
                [0.945847, 0.067194, 0.317585, 0.133847, 0.061443, -0.997715, 0.028105, 0.001085, 0.318748, -0.00707, -0.947814, 0.043038, 0.0, 0.0, 0.0, 1.0],
                [0.945857, 0.066855, 0.317625, 0.133847, 0.061468, -0.997746, 0.026965, 0.001085, 0.318711, -0.005981, -0.947833, 0.043038, 0.0, 0.0, 0.0, 1.0],
                [0.945867, 0.06651, 0.317669, 0.133847, 0.061503, -0.997775, 0.025776, 0.001085, 0.318676, -0.004843, -0.947852, 0.043038, 0.0, 0.0, 0.0, 1.0],
                [0.945875, 0.066159, 0.317717, 0.133847, 0.061547, -0.997803, 0.024542, 0.001085, 0.318642, -0.003659, -0.947868, 0.043038, 0.0, 0.0, 0.0, 1.0],
                [0.945883, 0.065802, 0.317767, 0.133847, 0.0616, -0.997831, 0.023267, 0.001085, 0.318609, -0.002433, -0.947883, 0.043038, 0.0, 0.0, 0.0, 1.0],
                [0.94589, 0.06544, 0.317822, 0.133847, 0.06166, -0.997857, 0.021951, 0.001085, 0.318577, -0.001166, -0.947897, 0.043038, 0.0, 0.0, 0.0, 1.0],
                [0.945896, 0.065072, 0.317879, 0.133847, 0.061726, -0.997882, 0.020598, 0.001085, 0.318545, 0.000138, -0.947908, 0.043038, 0.0, 0.0, 0.0, 1.0],
                [0.945902, 0.064698, 0.317938, 0.133847, 0.061798, -0.997905, 0.019211, 0.001085, 0.318515, 0.001477, -0.947917, 0.043038, 0.0, 0.0, 0.0, 1.0],
                [0.945907, 0.064318, 0.318, 0.133847, 0.061875, -0.997927, 0.01779, 0.001085, 0.318484, 0.002849, -0.947924, 0.043038, 0.0, 0.0, 0.0, 1.0],
                [0.945912, 0.063933, 0.318064, 0.133847, 0.061956, -0.997946, 0.016341, 0.001085, 0.318455, 0.00425, -0.947929, 0.043038, 0.0, 0.0, 0.0, 1.0],
                [0.945916, 0.063543, 0.318129, 0.133847, 0.062041, -0.997964, 0.014863, 0.001085, 0.318425, 0.005678, -0.947931, 0.043038, 0.0, 0.0, 0.0, 1.0],
                [0.94592, 0.063147, 0.318196, 0.133847, 0.062128, -0.99798, 0.013362, 0.001085, 0.318396, 0.00713, -0.947931, 0.043038, 0.0, 0.0, 0.0, 1.0],
                [0.945925, 0.062745, 0.318264, 0.133847, 0.062217, -0.997993, 0.011838, 0.001085, 0.318368, 0.008604, -0.947929, 0.043038, 0.0, 0.0, 0.0, 1.0],
                [0.945927, 0.062338, 0.318332, 0.133847, 0.062307, -0.998005, 0.010293, 0.001085, 0.318339, 0.010099, -0.947924, 0.043038, 0.0, 0.0, 0.0, 1.0],
                [0.945931, 0.061926, 0.318402, 0.133847, 0.062397, -0.998014, 0.008732, 0.001085, 0.31831, 0.011608, -0.947916, 0.043038, 0.0, 0.0, 0.0, 1.0],
                [0.945935, 0.061506, 0.318472, 0.133847, 0.062487, -0.998022, 0.007145, 0.001085, 0.318281, 0.013142, -0.947906, 0.043038, 0.0, 0.0, 0.0, 1.0],
                [0.945939, 0.061086, 0.318541, 0.133847, 0.062575, -0.998026, 0.005567, 0.001085, 0.318252, 0.014667, -0.947893, 0.043038, 0.0, 0.0, 0.0, 1.0],
                [0.945944, 0.060657, 0.31861, 0.133847, 0.062661, -0.998028, 0.003969, 0.001085, 0.318222, 0.01621, -0.947878, 0.043038, 0.0, 0.0, 0.0, 1.0],
                [0.945948, 0.060224, 0.318679, 0.133847, 0.062744, -0.998028, 0.002364, 0.001085, 0.318193, 0.01776, -0.94786, 0.043038, 0.0, 0.0, 0.0, 1.0],
                [0.945953, 0.059786, 0.318747, 0.133847, 0.062823, -0.998026, 0.000754, 0.001085, 0.318162, 0.019312, -0.94784, 0.043038, 0.0, 0.0, 0.0, 1.0],
                [0.945958, 0.059342, 0.318814, 0.133847, 0.062898, -0.99802, -0.000858, 0.001084, 0.318132, 0.020864, -0.947817, 0.043038, 0.0, 0.0, 0.0, 1.0],
                [0.945964, 0.058893, 0.31888, 0.133847, 0.062967, -0.998014, -0.002471, 0.001085, 0.3181, 0.022416, -0.947792, 0.043038, 0.0, 0.0, 0.0, 1.0],
                [0.945971, 0.05844, 0.318943, 0.133847, 0.063031, -0.998004, -0.004079, 0.001085, 0.318068, 0.023962, -0.947765, 0.043038, 0.0, 0.0, 0.0, 1.0],
                [0.945978, 0.057982, 0.319005, 0.133847, 0.063086, -0.997993, -0.005683, 0.001085, 0.318035, 0.025501, -0.947736, 0.043038, 0.0, 0.0, 0.0, 1.0],
                [0.945986, 0.057519, 0.319066, 0.133847, 0.063135, -0.997979, -0.007278, 0.001085, 0.318003, 0.027029, -0.947705, 0.043038, 0.0, 0.0, 0.0, 1.0],
                [0.945995, 0.05705, 0.319124, 0.133847, 0.063175, -0.997964, -0.008864, 0.001085, 0.317969, 0.028546, -0.947672, 0.043038, 0.0, 0.0, 0.0, 1.0],
                [0.946005, 0.056577, 0.319179, 0.133847, 0.063205, -0.997947, -0.010436, 0.001085, 0.317933, 0.030047, -0.947637, 0.043038, 0.0, 0.0, 0.0, 1.0],
                [0.946015, 0.0561, 0.319231, 0.133847, 0.063225, -0.997929, -0.011994, 0.001085, 0.317896, 0.03153, -0.947602, 0.043038, 0.0, 0.0, 0.0, 1.0],
                [0.946028, 0.055617, 0.319281, 0.133847, 0.063235, -0.997907, -0.013533, 0.001085, 0.31786, 0.032993, -0.947564, 0.043038, 0.0, 0.0, 0.0, 1.0],
                [0.94604, 0.055131, 0.319327, 0.133847, 0.063233, -0.997886, -0.015051, 0.001085, 0.317822, 0.034431, -0.947526, 0.043038, 0.0, 0.0, 0.0, 1.0],
                [0.946054, 0.054639, 0.319369, 0.133847, 0.063217, -0.997864, -0.016547, 0.001085, 0.317782, 0.035845, -0.947486, 0.043038, 0.0, 0.0, 0.0, 1.0],
                [0.94607, 0.054143, 0.319407, 0.133847, 0.063189, -0.99784, -0.018018, 0.001085, 0.317742, 0.037229, -0.947446, 0.043038, 0.0, 0.0, 0.0, 1.0],
                [0.946087, 0.053643, 0.319442, 0.133847, 0.063147, -0.997815, -0.01946, 0.001085, 0.3177, 0.038583, -0.947406, 0.043038, 0.0, 0.0, 0.0, 1.0],
                [0.946105, 0.053138, 0.319473, 0.133847, 0.063089, -0.99779, -0.020872, 0.001085, 0.317657, 0.039903, -0.947366, 0.043038, 0.0, 0.0, 0.0, 1.0],
                [0.946125, 0.052629, 0.319498, 0.133847, 0.063016, -0.997765, -0.022251, 0.001085, 0.317613, 0.041186, -0.947326, 0.043038, 0.0, 0.0, 0.0, 1.0],
                [0.946146, 0.052116, 0.31952, 0.133847, 0.062927, -0.99774, -0.023595, 0.001085, 0.317568, 0.042431, -0.947286, 0.043038, 0.0, 0.0, 0.0, 1.0],
                [0.94617, 0.051626, 0.319527, 0.133847, 0.062783, -0.997722, -0.024708, 0.001085, 0.317523, 0.043439, -0.947255, 0.043038, 0.0, 0.0, 0.0, 1.0],
                [0.946199, 0.051186, 0.319514, 0.133847, 0.062557, -0.997719, -0.025418, 0.001085, 0.317484, 0.044039, -0.947241, 0.043038, 0.0, 0.0, 0.0, 1.0],
                [0.946229, 0.050799, 0.319483, 0.133847, 0.06226, -0.997729, -0.025756, 0.001085, 0.317448, 0.044262, -0.947242, 0.043038, 0.0, 0.0, 0.0, 1.0],
                [0.946263, 0.050464, 0.319437, 0.133847, 0.061903, -0.997751, -0.02575, 0.001085, 0.317419, 0.044141, -0.947258, 0.043038, 0.0, 0.0, 0.0, 1.0],
                [0.946297, 0.050184, 0.319379, 0.133847, 0.061497, -0.997784, -0.025431, 0.001085, 0.317395, 0.043707, -0.947286, 0.043038, 0.0, 0.0, 0.0, 1.0],
                [0.946333, 0.04996, 0.319312, 0.133847, 0.061056, -0.997826, -0.024827, 0.001085, 0.317378, 0.04299, -0.947325, 0.043038, 0.0, 0.0, 0.0, 1.0],
                [0.946366, 0.049793, 0.319238, 0.133847, 0.060589, -0.997876, -0.023969, 0.001085, 0.317366, 0.042026, -0.947372, 0.043038, 0.0, 0.0, 0.0, 1.0],
                [0.946398, 0.049683, 0.319159, 0.133847, 0.060105, -0.997931, -0.02288, 0.001085, 0.317361, 0.040837, -0.947425, 0.043038, 0.0, 0.0, 0.0, 1.0],
                [0.946428, 0.049635, 0.319079, 0.133847, 0.059624, -0.997988, -0.021609, 0.001085, 0.317364, 0.039476, -0.947482, 0.043038, 0.0, 0.0, 0.0, 1.0],
                [0.946454, 0.049647, 0.318999, 0.133847, 0.05915, -0.998046, -0.020166, 0.001085, 0.317374, 0.037955, -0.947541, 0.043038, 0.0, 0.0, 0.0, 1.0],
                [0.946476, 0.049721, 0.318922, 0.133847, 0.058696, -0.998104, -0.018587, 0.001085, 0.317392, 0.036312, -0.947599, 0.043038, 0.0, 0.0, 0.0, 1.0],
                [0.946493, 0.049859, 0.318851, 0.133847, 0.058275, -0.998158, -0.016902, 0.001085, 0.317421, 0.034579, -0.947654, 0.043038, 0.0, 0.0, 0.0, 1.0],
                [0.946504, 0.050061, 0.318788, 0.133847, 0.057896, -0.998208, -0.015142, 0.001085, 0.317459, 0.032789, -0.947705, 0.043038, 0.0, 0.0, 0.0, 1.0],
                [0.946507, 0.050331, 0.318734, 0.133847, 0.057573, -0.998253, -0.013335, 0.001085, 0.317506, 0.030972, -0.947751, 0.043038, 0.0, 0.0, 0.0, 1.0],
                [0.946503, 0.050667, 0.318694, 0.133847, 0.057316, -0.998291, -0.011512, 0.001085, 0.317565, 0.029163, -0.947788, 0.043038, 0.0, 0.0, 0.0, 1.0],
                [0.94649, 0.051073, 0.318668, 0.133847, 0.057136, -0.99832, -0.009701, 0.001085, 0.317637, 0.02739, -0.947817, 0.043038, 0.0, 0.0, 0.0, 1.0],
                [0.946466, 0.051549, 0.31866, 0.133847, 0.057046, -0.998342, -0.007933, 0.001084, 0.317722, 0.025687, -0.947836, 0.043038, 0.0, 0.0, 0.0, 1.0],
                [0.946432, 0.052095, 0.318671, 0.133847, 0.057052, -0.998353, -0.006234, 0.001085, 0.317821, 0.024081, -0.947845, 0.043038, 0.0, 0.0, 0.0, 1.0],
                [0.946389, 0.052706, 0.318699, 0.133847, 0.05715, -0.998356, -0.004602, 0.001085, 0.317932, 0.02257, -0.947845, 0.043038, 0.0, 0.0, 0.0, 1.0],
                [0.946339, 0.053375, 0.31874, 0.133847, 0.05733, -0.998351, -0.003033, 0.001085, 0.318052, 0.021144, -0.947838, 0.043038, 0.0, 0.0, 0.0, 1.0],
                [0.94628, 0.054093, 0.318792, 0.133847, 0.057583, -0.99834, -0.001524, 0.001085, 0.31818, 0.019799, -0.947824, 0.043038, 0.0, 0.0, 0.0, 1.0],
                [0.946217, 0.054855, 0.318851, 0.133847, 0.057899, -0.998323, -6.9e-05, 0.001085, 0.318312, 0.018527, -0.947805, 0.043038, 0.0, 0.0, 0.0, 1.0],
                [0.946149, 0.055657, 0.318915, 0.133847, 0.058272, -0.9983, 0.001343, 0.001085, 0.318448, 0.017314, -0.947783, 0.043038, 0.0, 0.0, 0.0, 1.0],
                [0.946077, 0.056477, 0.31898, 0.133847, 0.058686, -0.998274, 0.002692, 0.001085, 0.318582, 0.016173, -0.947758, 0.043038, 0.0, 0.0, 0.0, 1.0],
                [0.946005, 0.057324, 0.319045, 0.133847, 0.059138, -0.998243, 0.004008, 0.001085, 0.318714, 0.015076, -0.947732, 0.043038, 0.0, 0.0, 0.0, 1.0],
                [0.945932, 0.058184, 0.319105, 0.133847, 0.059616, -0.998208, 0.005289, 0.001085, 0.318841, 0.014021, -0.947705, 0.043038, 0.0, 0.0, 0.0, 1.0],
                [0.94586, 0.059051, 0.319158, 0.133847, 0.060111, -0.998171, 0.006536, 0.001084, 0.31896, 0.013003, -0.947679, 0.043038, 0.0, 0.0, 0.0, 1.0],
                [0.945792, 0.059917, 0.319201, 0.133847, 0.060616, -0.998131, 0.007756, 0.001085, 0.319069, 0.012014, -0.947656, 0.043038, 0.0, 0.0, 0.0, 1.0],
                [0.945727, 0.060775, 0.319231, 0.133847, 0.061119, -0.998091, 0.008952, 0.001085, 0.319166, 0.011045, -0.947635, 0.043038, 0.0, 0.0, 0.0, 1.0],
                [0.945668, 0.061618, 0.319245, 0.133847, 0.061612, -0.998049, 0.01013, 0.001085, 0.319246, 0.01009, -0.947618, 0.043038, 0.0, 0.0, 0.0, 1.0],
                [0.945615, 0.062438, 0.31924, 0.133847, 0.062086, -0.998008, 0.011292, 0.001085, 0.319309, 0.009143, -0.947607, 0.043038, 0.0, 0.0, 0.0, 1.0],
                [0.945572, 0.063229, 0.319213, 0.133847, 0.062531, -0.997966, 0.012445, 0.001085, 0.319351, 0.008194, -0.947601, 0.043038, 0.0, 0.0, 0.0, 1.0],
                [0.945538, 0.063982, 0.319163, 0.133847, 0.062939, -0.997926, 0.013592, 0.001085, 0.31937, 0.007236, -0.947603, 0.043038, 0.0, 0.0, 0.0, 1.0],
                [0.945516, 0.064691, 0.319084, 0.133847, 0.0633, -0.997887, 0.014738, 0.001085, 0.319363, 0.006264, -0.947612, 0.043038, 0.0, 0.0, 0.0, 1.0],
                [0.945507, 0.065348, 0.318976, 0.133847, 0.063606, -0.99785, 0.015887, 0.001085, 0.319327, 0.005268, -0.94763, 0.043038, 0.0, 0.0, 0.0, 1.0],
                [0.945514, 0.065946, 0.318834, 0.133847, 0.063846, -0.997816, 0.017044, 0.001085, 0.319262, 0.004242, -0.947658, 0.043038, 0.0, 0.0, 0.0, 1.0],
                [0.945537, 0.066477, 0.318657, 0.133847, 0.064012, -0.997783, 0.018214, 0.001085, 0.319161, 0.003177, -0.947695, 0.043038, 0.0, 0.0, 0.0, 1.0]
            ]
        },
        {
            "name": "Leg_R",
            "time": [0.0, 0.0333, 0.0667, 0.1, 0.1333, 0.1667, 0.2, 0.2333, 0.2667, 0.3, 0.3333, 0.3667, 0.4, 0.4333, 0.4667, 0.5, 0.5333, 0.5667, 0.6, 0.6333, 0.6667, 0.7, 0.7333, 0.7667, 0.8, 0.8333, 0.8667, 0.9, 0.9333, 0.9667, 1.0, 1.0333, 1.0667, 1.1, 1.1333, 1.1667, 1.2, 1.2333, 1.2667, 1.3, 1.3333, 1.3667, 1.4, 1.4333, 1.4667, 1.5, 1.5333, 1.5667, 1.6, 1.6333, 1.6667, 1.7, 1.7333, 1.7667, 1.8, 1.8333, 1.8667, 1.9, 1.9333, 1.9667, 2.0, 2.0333, 2.0667, 2.1, 2.1333, 2.1667, 2.2, 2.2333, 2.2667, 2.3, 2.3333, 2.3667, 2.4, 2.4333, 2.4667, 2.5, 2.5333, 2.5667, 2.6, 2.6333, 2.6667, 2.7, 2.7333, 2.7667, 2.8, 2.8333, 2.8667, 2.9, 2.9333, 2.9667, 3.0, 3.0333, 3.0667, 3.1, 3.1333, 3.1667, 3.2, 3.2333, 3.2667, 3.3, 3.3333],
            "transform": [
                [1.000002, 0.001608, -0.001109, -0.0, -0.00111, 0.934967, 0.354727, 0.37472, 0.001607, -0.354724, 0.934969, 0.0, 0.0, 0.0, 0.0, 1.0],
                [1.000001, 0.001609, -0.001107, -0.0, -0.001108, 0.934116, 0.356961, 0.37472, 0.001608, -0.356958, 0.934119, -0.0, 0.0, 0.0, 0.0, 1.0],
                [1.000001, 0.001611, -0.001105, 0.0, -0.001107, 0.933298, 0.359097, 0.37472, 0.00161, -0.359094, 0.9333, 0.0, 0.0, 0.0, 0.0, 1.0],
                [1.000002, 0.001612, -0.001103, -0.0, -0.001105, 0.932508, 0.361139, 0.37472, 0.001611, -0.361136, 0.932511, 0.0, 0.0, 0.0, 0.0, 1.0],
                [1.000002, 0.001613, -0.001102, -0.0, -0.001103, 0.931751, 0.363091, 0.37472, 0.001612, -0.363088, 0.931753, 0.0, 0.0, 0.0, 0.0, 1.0],
                [1.000001, 0.001615, -0.001099, 0.0, -0.001102, 0.931022, 0.364955, 0.37472, 0.001613, -0.364952, 0.931025, 0.0, 0.0, 0.0, 0.0, 1.0],
                [1.000001, 0.001615, -0.001098, 0.0, -0.0011, 0.930322, 0.366735, 0.37472, 0.001614, -0.366733, 0.930325, -0.0, 0.0, 0.0, 0.0, 1.0],
                [1.000001, 0.001616, -0.001097, 0.0, -0.001099, 0.929651, 0.368434, 0.37472, 0.001615, -0.368431, 0.929654, 0.0, 0.0, 0.0, 0.0, 1.0],
                [1.000001, 0.001617, -0.001095, -0.0, -0.001097, 0.929007, 0.370055, 0.37472, 0.001616, -0.370052, 0.929009, -0.0, 0.0, 0.0, 0.0, 1.0],
                [1.000001, 0.001618, -0.001094, -0.0, -0.001096, 0.928389, 0.371601, 0.37472, 0.001617, -0.371599, 0.928392, -0.0, 0.0, 0.0, 0.0, 1.0],
                [1.000001, 0.001619, -0.001093, 0.0, -0.001094, 0.927798, 0.373075, 0.37472, 0.001617, -0.373072, 0.9278, -0.0, 0.0, 0.0, 0.0, 1.0],
                [1.000001, 0.001619, -0.001091, -0.0, -0.001093, 0.927232, 0.374481, 0.37472, 0.001618, -0.374478, 0.927234, -0.0, 0.0, 0.0, 0.0, 1.0],
                [1.000002, 0.00162, -0.00109, -0.0, -0.001092, 0.926689, 0.375821, 0.37472, 0.001619, -0.375818, 0.926692, 0.0, 0.0, 0.0, 0.0, 1.0],
                [1.000002, 0.001621, -0.001089, -0.0, -0.001091, 0.92617, 0.377097, 0.37472, 0.00162, -0.377095, 0.926173, -0.0, 0.0, 0.0, 0.0, 1.0],
                [1.000001, 0.001622, -0.001088, 0.0, -0.00109, 0.925674, 0.378316, 0.37472, 0.001621, -0.378313, 0.925676, -0.0, 0.0, 0.0, 0.0, 1.0],
                [1.000001, 0.001623, -0.001087, -0.0, -0.001089, 0.925198, 0.379477, 0.37472, 0.001621, -0.379474, 0.925201, -0.0, 0.0, 0.0, 0.0, 1.0],
                [1.000001, 0.001623, -0.001086, 0.0, -0.001088, 0.924743, 0.380585, 0.37472, 0.001622, -0.380582, 0.924746, -0.0, 0.0, 0.0, 0.0, 1.0],
                [1.000001, 0.001624, -0.001085, -0.0, -0.001087, 0.924308, 0.381642, 0.37472, 0.001623, -0.381639, 0.92431, 0.0, 0.0, 0.0, 0.0, 1.0],
                [1.000002, 0.001625, -0.001084, 0.0, -0.001086, 0.923889, 0.382651, 0.37472, 0.001623, -0.382648, 0.923892, -0.0, 0.0, 0.0, 0.0, 1.0],
                [1.000001, 0.001625, -0.001083, -0.0, -0.001085, 0.923489, 0.383617, 0.37472, 0.001624, -0.383614, 0.923492, -0.0, 0.0, 0.0, 0.0, 1.0],
                [1.000002, 0.001626, -0.001083, -0.0, -0.001084, 0.923174, 0.384376, 0.37472, 0.001624, -0.384373, 0.923176, -0.0, 0.0, 0.0, 0.0, 1.0],
                [1.000002, 0.001626, -0.001082, -0.0, -0.001084, 0.923011, 0.384767, 0.37472, 0.001625, -0.384764, 0.923013, -0.0, 0.0, 0.0, 0.0, 1.0],
                [1.000001, 0.001626, -0.001083, -0.0, -0.001084, 0.922997, 0.3848, 0.37472, 0.001625, -0.384797, 0.923, -0.0, 0.0, 0.0, 0.0, 1.0],
                [1.000001, 0.001626, -0.001083, -0.0, -0.001084, 0.923129, 0.384482, 0.37472, 0.001625, -0.384479, 0.923132, -0.0, 0.0, 0.0, 0.0, 1.0],
                [1.000002, 0.001625, -0.001083, 0.0, -0.001085, 0.923404, 0.383821, 0.37472, 0.001624, -0.383818, 0.923407, -0.0, 0.0, 0.0, 0.0, 1.0],
                [1.000001, 0.001624, -0.001084, 0.0, -0.001086, 0.923819, 0.382823, 0.37472, 0.001623, -0.38282, 0.923821, -0.0, 0.0, 0.0, 0.0, 1.0],
                [1.000001, 0.001624, -0.001085, -0.0, -0.001087, 0.924367, 0.381497, 0.37472, 0.001623, -0.381494, 0.92437, 0.0, 0.0, 0.0, 0.0, 1.0],
                [1.000001, 0.001623, -0.001087, -0.0, -0.001088, 0.925045, 0.379849, 0.37472, 0.001622, -0.379846, 0.925048, -0.0, 0.0, 0.0, 0.0, 1.0],
                [1.000001, 0.001622, -0.001088, 0.0, -0.00109, 0.925849, 0.377887, 0.37472, 0.001621, -0.377884, 0.925851, -0.0, 0.0, 0.0, 0.0, 1.0],
                [1.000001, 0.00162, -0.001091, 0.0, -0.001092, 0.926772, 0.375617, 0.37472, 0.001619, -0.375614, 0.926774, -0.0, 0.0, 0.0, 0.0, 1.0],
                [1.000001, 0.001619, -0.001092, -0.0, -0.001095, 0.92781, 0.373046, 0.37472, 0.001617, -0.373043, 0.927813, 0.0, 0.0, 0.0, 0.0, 1.0],
                [1.000001, 0.001617, -0.001095, -0.0, -0.001097, 0.928957, 0.370181, 0.37472, 0.001616, -0.370178, 0.92896, 0.0, 0.0, 0.0, 0.0, 1.0],
                [1.000001, 0.001616, -0.001098, 0.0, -0.0011, 0.930153, 0.367166, 0.37472, 0.001615, -0.367164, 0.930155, -0.0, 0.0, 0.0, 0.0, 1.0],
                [1.000002, 0.001614, -0.001101, 0.0, -0.001102, 0.93134, 0.364141, 0.37472, 0.001612, -0.364138, 0.931343, 0.0, 0.0, 0.0, 0.0, 1.0],
