{
    "animation": [
        {
            "name": "Root",
            "time": [0.0, 0.0333, 0.0667, 0.1, 0.1333, 0.1667, 0.2, 0.2333, 0.2667, 0.3, 0.3333, 0.3667, 0.4, 0.4333, 0.4667, 0.5, 0.5333, 0.5667, 0.6, 0.6333, 0.6667, 0.7, 0.7333, 0.7667, 0.8, 0.8333, 0.8667, 0.9, 0.9333, 0.9667, 1.0, 1.0333, 1.0667, 1.1, 1.1333, 1.1667, 1.2, 1.2333, 1.2667, 1.3, 1.3333, 1.3667, 1.4, 1.4333, 1.4667, 1.5, 1.5333, 1.5667, 1.6, 1.6333, 1.6667, 1.7, 1.7333, 1.7667, 1.8, 1.8333, 1.8667, 1.9, 1.9333, 1.9667, 2.0, 2.0333, 2.0667, 2.1, 2.1333, 2.1667, 2.2, 2.2333, 2.2667, 2.3, 2.3333, 2.3667, 2.4, 2.4333, 2.4667, 2.5],
            "transform": [
                [0.999995, -0.00173, 0.002916, 0.129209, 0.002922, 0.003504, -0.999989, 0.001088, 0.00172, 0.999991, 0.003509, 0.424264, 0.0, 0.0, 0.0, 1.0],
                [0.999995, -0.001401, 0.003024, 0.121156, 0.003029, 0.003648, -0.999988, 0.001316, 0.00139, 0.999991, 0.003652, 0.525761, 0.0, 0.0, 0.0, 1.0],
                [0.999995, -0.001027, 0.003184, 0.101442, 0.003188, 0.003771, -0.999987, 0.001553, 0.001015, 0.999991, 0.003774, 0.628924, 0.0, 0.0, 0.0, 1.0],
                [0.999994, -0.000418, 0.003552, 0.017452, 0.003553, 0.003885, -0.999986, 0.001856, 0.000404, 0.999991, 0.003886, 1.319514, 0.0, 0.0, 0.0, 1.0],
                [1.0, 0.000545, 1e-06, -0.058346, -1e-06, 0.00387, -0.999992, 0.001865, -0.000545, 0.999991, 0.00387, 1.725668, 0.0, 0.0, 0.0, 1.0],
                [0.999994, 0.003618, 3e-06, -0.110868, -2e-06, 0.001478, -0.999999, 0.000738, -0.003618, 0.999991, 0.001478, 1.786072, 0.0, 0.0, 0.0, 1.0],
                [0.999993, 0.003895, -0.0, -0.123546, -1e-06, 0.000316, -1.0, 0.00019, -0.003895, 0.999991, 0.000316, 1.819004, 0.0, 0.0, 0.0, 1.0],
                [0.999986, 0.003885, -0.003554, -0.103512, -0.003552, -0.00042, -0.999993, -0.000155, -0.003887, 0.999991, -0.000406, 1.833669, 0.0, 0.0, 0.0, 1.0],
                [0.999989, 0.003639, -0.003021, -0.033182, -0.003015, -0.001424, -0.999994, -0.000629, -0.003644, 0.999991, -0.001413, 1.839225, 0.0, 0.0, 0.0, 1.0],
                [0.999992, 0.002983, -0.002777, 0.057621, -0.002769, -0.002526, -0.999993, -0.001149, -0.00299, 0.999991, -0.002517, 1.844869, 0.0, 0.0, 0.0, 1.0],
                [0.999994, 0.001937, -0.002868, 0.138874, -0.002861, -0.003395, -0.99999, -0.001558, -0.001947, 0.999991, -0.003389, 1.859736, 0.0, 0.0, 0.0, 1.0],
                [0.999994, 0.000238, -0.003685, 0.162987, -0.003685, -0.003901, -0.999985, -0.001798, -0.000252, 0.999991, -0.0039, 1.883612, 0.0, 0.0, 0.0, 1.0],
                [1.0, -0.000354, 1e-06, 0.154239, -0.0, -0.003893, -0.999992, -0.001794, 0.000354, 0.999991, -0.003893, 1.897579, 0.0, 0.0, 0.0, 1.0],
                [1.0, -0.000857, 2e-06, 0.102075, -1e-06, -0.003813, -0.999992, -0.001757, 0.000857, 0.999991, -0.003813, 1.899222, 0.0, 0.0, 0.0, 1.0],
                [0.999999, -0.001388, 2e-06, 0.048389, -3e-06, -0.003654, -0.999993, -0.001681, 0.001388, 0.999991, -0.003654, 1.906599, 0.0, 0.0, 0.0, 1.0],
                [0.999998, -0.002062, 4e-06, 0.007268, -3e-06, -0.00332, -0.999994, -0.001524, 0.002062, 0.999991, -0.00332, 1.950307, 0.0, 0.0, 0.0, 1.0],
                [0.999996, -0.002735, 3e-06, -0.014766, -5e-06, -0.002792, -0.999996, -0.001275, 0.002735, 0.999991, -0.002792, 1.989565, 0.0, 0.0, 0.0, 1.0],
                [0.999995, -0.003267, 4e-06, -0.016148, -3e-06, -0.002145, -0.999997, -0.00097, 0.003267, 0.999991, -0.002145, 2.001707, 0.0, 0.0, 0.0, 1.0],
                [0.999994, -0.003635, 3e-06, -0.012579, -2e-06, -0.001436, -0.999999, -0.000636, 0.003635, 0.999991, -0.001436, 2.009755, 0.0, 0.0, 0.0, 1.0],
                [0.999993, -0.00384, 1e-06, -0.004779, -2e-06, -0.000731, -0.999999, -0.000303, 0.00384, 0.999991, -0.000731, 2.013267, 0.0, 0.0, 0.0, 1.0],
                [0.999993, -0.003908, 0.0, 0.006524, 0.0, -4.9e-05, -1.0, 1.8e-05, 0.003908, 0.999991, -4.9e-05, 2.011799, 0.0, 0.0, 0.0, 1.0],
                [0.999987, -0.003859, 0.003405, 0.020599, 0.003407, 0.000618, -0.999994, 0.000333, 0.003857, 0.999991, 0.000631, 2.00496, 0.0, 0.0, 0.0, 1.0],
                [0.999989, -0.003704, 0.00308, 0.043318, 0.003085, 0.001247, -0.999994, 0.00063, 0.0037, 0.999991, 0.001259, 1.972334, 0.0, 0.0, 0.0, 1.0],
                [0.99999, -0.003429, 0.002875, 0.074976, 0.002881, 0.001875, -0.999994, 0.000926, 0.003424, 0.999991, 0.001885, 1.925519, 0.0, 0.0, 0.0, 1.0],
                [0.999992, -0.00296, 0.002767, 0.106517, 0.002775, 0.002552, -0.999993, 0.001245, 0.002953, 0.999991, 0.002561, 1.912111, 0.0, 0.0, 0.0, 1.0],
                [0.999994, -0.002315, 0.002792, 0.141541, 0.0028, 0.003149, -0.999991, 0.001526, 0.002307, 0.999991, 0.003155, 1.962926, 0.0, 0.0, 0.0, 1.0],
                [0.999995, -0.001669, 0.002934, 0.176415, 0.00294, 0.003533, -0.999989, 0.001707, 0.001659, 0.999991, 0.003538, 2.03881, 0.0, 0.0, 0.0, 1.0],
                [0.999995, -0.001116, 0.003142, 0.190995, 0.003146, 0.003745, -0.999988, 0.001807, 0.001104, 0.999991, 0.003749, 2.119954, 0.0, 0.0, 0.0, 1.0],
                [0.999994, -0.000808, 0.003299, 0.151947, 0.003302, 0.003823, -0.999987, 0.001844, 0.000796, 0.999991, 0.003826, 2.198116, 0.0, 0.0, 0.0, 1.0],
                [0.999994, -0.000585, 0.003435, 0.095345, 0.003437, 0.003864, -0.999986, 0.001863, 0.000572, 0.999991, 0.003866, 2.281511, 0.0, 0.0, 0.0, 1.0],
                [0.999993, -0.000153, 0.003769, 0.065476, 0.003769, 0.003905, -0.999985, 0.001882, 0.000138, 0.999991, 0.003905, 2.356277, 0.0, 0.0, 0.0, 1.0],
                [1.0, 0.00027, 0.0, 0.041704, -1e-06, 0.003899, -0.999992, 0.001879, -0.00027, 0.999991, 0.003899, 2.408618, 0.0, 0.0, 0.0, 1.0],
                [1.0, 0.000447, 1e-06, 0.015573, -1e-06, 0.003883, -0.999992, 0.001871, -0.000447, 0.999991, 0.003883, 2.441448, 0.0, 0.0, 0.0, 1.0],
                [1.0, 0.000544, 2e-06, -0.005198, -0.0, 0.003871, -0.999992, 0.001865, -0.000544, 0.999991, 0.003871, 2.464949, 0.0, 0.0, 0.0, 1.0],
                [1.0, 0.00064, 2e-06, -0.016185, -0.0, 0.003856, -0.999992, 0.001859, -0.00064, 0.999991, 0.003856, 2.474038, 0.0, 0.0, 0.0, 1.0],
                [1.0, 0.000733, 2e-06, -0.023987, -1e-06, 0.00384, -0.999992, 0.001851, -0.000733, 0.999991, 0.00384, 2.46917, 0.0, 0.0, 0.0, 1.0],
                [1.0, 0.000834, 1e-06, -0.030318, -2e-06, 0.003819, -0.999992, 0.001841, -0.000834, 0.999991, 0.003819, 2.444431, 0.0, 0.0, 0.0, 1.0],
                [1.0, 0.000954, 2e-06, -0.036509, -2e-06, 0.003792, -0.999992, 0.001828, -0.000954, 0.999991, 0.003792, 2.408378, 0.0, 0.0, 0.0, 1.0],
                [1.0, 0.001085, 2e-06, -0.042308, -2e-06, 0.003756, -0.999993, 0.001812, -0.001085, 0.999991, 0.003756, 2.353513, 0.0, 0.0, 0.0, 1.0],
                [1.0, 0.001207, 3e-06, -0.047604, -2e-06, 0.003717, -0.999993, 0.001793, -0.001207, 0.999991, 0.003717, 2.281271, 0.0, 0.0, 0.0, 1.0],
                [0.999999, 0.001309, 2e-06, -0.052299, -3e-06, 0.003682, -0.999993, 0.001777, -0.001309, 0.999991, 0.003682, 2.189074, 0.0, 0.0, 0.0, 1.0],
                [0.999999, 0.001364, 1e-06, -0.056032, -4e-06, 0.003662, -0.999993, 0.001767, -0.001364, 0.999991, 0.003662, 2.073443, 0.0, 0.0, 0.0, 1.0],
                [0.999999, 0.001377, 2e-06, -0.058779, -3e-06, 0.003658, -0.999993, 0.001765, -0.001377, 0.999991, 0.003658, 1.967832, 0.0, 0.0, 0.0, 1.0],
                [0.999999, 0.001367, 2e-06, -0.060541, -3e-06, 0.003661, -0.999993, 0.001767, -0.001367, 0.999991, 0.003661, 1.871642, 0.0, 0.0, 0.0, 1.0],
                [0.999999, 0.001339, 4e-06, -0.06229, -1e-06, 0.003671, -0.999993, 0.001772, -0.001339, 0.999991, 0.003671, 1.776642, 0.0, 0.0, 0.0, 1.0],
                [0.999999, 0.001295, 2e-06, -0.06365, -3e-06, 0.003688, -0.999993, 0.001779, -0.001295, 0.999991, 0.003688, 1.65617, 0.0, 0.0, 0.0, 1.0],
                [0.999999, 0.001251, 3e-06, -0.065619, -2e-06, 0.003703, -0.999993, 0.001787, -0.001251, 0.999991, 0.003703, 1.489017, 0.0, 0.0, 0.0, 1.0],
                [1.0, 0.001207, 2e-06, -0.068792, -2e-06, 0.003717, -0.999993, 0.001751, -0.001207, 0.999991, 0.003717, 1.253504, 0.0, 0.0, 0.0, 1.0],
                [0.999999, 0.001166, 3e-06, -0.073741, -2e-06, 0.00373, -0.999993, 0.001626, -0.001166, 0.999991, 0.00373, 0.927972, 0.0, 0.0, 0.0, 1.0],
                [1.0, 0.001093, 3e-06, -0.104336, -2e-06, 0.003752, -0.999993, 0.000878, -0.001093, 0.999991, 0.003752, 0.326545, 0.0, 0.0, 0.0, 1.0],
                [1.0, 0.001095, 2e-06, -0.099992, -2e-06, 0.003751, -0.999992, 0.023334, -0.001095, 0.999991, 0.003751, 0.302442, 0.0, 0.0, 0.0, 1.0],
                [1.0, 0.001108, 1e-06, -0.085017, -3e-06, 0.003748, -0.999993, 0.04273, -0.001108, 0.999991, 0.003748, 0.348277, 0.0, 0.0, 0.0, 1.0],
                [1.0, 0.001104, 0.0, -0.06164, -4e-06, 0.003749, -0.999993, 0.045468, -0.001104, 0.999991, 0.003749, 0.364738, 0.0, 0.0, 0.0, 1.0],
                [1.0, 0.001101, 1e-06, -0.03559, -3e-06, 0.00375, -0.999993, 0.04227, -0.001101, 0.999991, 0.00375, 0.381194, 0.0, 0.0, 0.0, 1.0],
                [1.0, 0.001087, 3e-06, -0.016828, -1e-06, 0.003754, -0.999993, 0.038755, -0.001087, 0.999991, 0.003754, 0.38754, 0.0, 0.0, 0.0, 1.0],
                [1.0, 0.001068, 5e-06, -0.007009, 1e-06, 0.003759, -0.999992, 0.037118, -0.001068, 0.999991, 0.003759, 0.382263, 0.0, 0.0, 0.0, 1.0],
                [1.0, 0.001044, 3e-06, 0.000383, -1e-06, 0.003766, -0.999993, 0.035653, -0.001044, 0.999991, 0.003766, 0.373053, 0.0, 0.0, 0.0, 1.0],
                [1.0, 0.001021, 1e-06, 0.005144, -3e-06, 0.003773, -0.999993, 0.034107, -0.001021, 0.999991, 0.003773, 0.361463, 0.0, 0.0, 0.0, 1.0],
                [1.0, 0.000997, 1e-06, 0.009906, -3e-06, 0.003779, -0.999992, 0.032236, -0.000997, 0.999991, 0.003779, 0.350346, 0.0, 0.0, 0.0, 1.0],
                [1.0, 0.000981, 2e-06, 0.012739, -1e-06, 0.003783, -0.999992, 0.029788, -0.000981, 0.999991, 0.003783, 0.341203, 0.0, 0.0, 0.0, 1.0],
                [1.0, 0.000973, 3e-06, 0.015578, -1e-06, 0.003785, -0.999992, 0.026526, -0.000973, 0.999991, 0.003785, 0.340767, 0.0, 0.0, 0.0, 1.0],
                [1.0, 0.000982, 2e-06, 0.01793, -2e-06, 0.003782, -0.999992, 0.022311, -0.000982, 0.999991, 0.003782, 0.344857, 0.0, 0.0, 0.0, 1.0],
                [1.0, 0.001005, 2e-06, 0.019794, -2e-06, 0.003776, -0.999992, 0.017346, -0.001005, 0.999991, 0.003776, 0.35084, 0.0, 0.0, 0.0, 1.0],
                [1.0, 0.001037, 1e-06, 0.021659, -2e-06, 0.003768, -0.999992, 0.011874, -0.001037, 0.999991, 0.003768, 0.357269, 0.0, 0.0, 0.0, 1.0],
                [1.0, 0.001069, 2e-06, 0.022587, -2e-06, 0.00376, -0.999992, 0.006154, -0.001069, 0.999991, 0.00376, 0.36762, 0.0, 0.0, 0.0, 1.0],
                [1.0, 0.001101, 2e-06, 0.023514, -2e-06, 0.00375, -0.999993, 0.000423, -0.001101, 0.999991, 0.00375, 0.377965, 0.0, 0.0, 0.0, 1.0],
                [1.0, 0.001128, 1e-06, 0.023403, -3e-06, 0.003741, -0.999993, -0.005062, -0.001128, 0.999991, 0.003741, 0.391805, 0.0, 0.0, 0.0, 1.0],
                [1.0, 0.001144, 3e-06, 0.023289, -2e-06, 0.003737, -0.999993, -0.010058, -0.001144, 0.999991, 0.003737, 0.405914, 0.0, 0.0, 0.0, 1.0],
                [1.0, 0.001145, 3e-06, 0.023172, -2e-06, 0.003737, -0.999993, -0.014316, -0.001145, 0.999991, 0.003737, 0.420743, 0.0, 0.0, 0.0, 1.0],
                [1.0, 0.001132, 2e-06, 0.023053, -2e-06, 0.003741, -0.999993, -0.017583, -0.001132, 0.999991, 0.003741, 0.438088, 0.0, 0.0, 0.0, 1.0],
                [1.0, 0.001093, 3e-06, 0.021244, -2e-06, 0.003752, -0.999993, -0.01968, -0.001093, 0.999991, 0.003752, 0.45713, 0.0, 0.0, 0.0, 1.0],
                [1.0, 0.00103, 0.0, 0.019418, -4e-06, 0.00377, -0.999992, -0.02075, -0.00103, 0.999991, 0.00377, 0.480359, 0.0, 0.0, 0.0, 1.0],
                [1.0, 0.000952, 2e-06, 0.017609, -2e-06, 0.00379, -0.999992, -0.021034, -0.000952, 0.999991, 0.00379, 0.504919, 0.0, 0.0, 0.0, 1.0],
                [1.0, 0.000861, 2e-06, 0.015783, -1e-06, 0.003815, -0.999992, -0.020778, -0.000861, 0.999991, 0.003815, 0.531279, 0.0, 0.0, 0.0, 1.0],
                [1.0, 0.000769, 2e-06, 0.012682, -1e-06, 0.003835, -0.999992, -0.020228, -0.000769, 0.999991, 0.003835, 0.557638, 0.0, 0.0, 0.0, 1.0],
                [1.0, 0.000676, 1e-06, 0.009578, -1e-06, 0.003851, -0.999992, -0.019626, -0.000676, 0.999991, 0.003851, 0.583996, 0.0, 0.0, 0.0, 1.0]
            ]
        },
        {
            "name": "Thigh_R",
            "time": [0.0, 0.0333, 0.0667, 0.1, 0.1333, 0.1667, 0.2, 0.2333, 0.2667, 0.3, 0.3333, 0.3667, 0.4, 0.4333, 0.4667, 0.5, 0.5333, 0.5667, 0.6, 0.6333, 0.6667, 0.7, 0.7333, 0.7667, 0.8, 0.8333, 0.8667, 0.9, 0.9333, 0.9667, 1.0, 1.0333, 1.0667, 1.1, 1.1333, 1.1667, 1.2, 1.2333, 1.2667, 1.3, 1.3333, 1.3667, 1.4, 1.4333, 1.4667, 1.5, 1.5333, 1.5667, 1.6, 1.6333, 1.6667, 1.7, 1.7333, 1.7667, 1.8, 1.8333, 1.8667, 1.9, 1.9333, 1.9667, 2.0, 2.0333, 2.0667, 2.1, 2.1333, 2.1667, 2.2, 2.2333, 2.2667, 2.3, 2.3333, 2.3667, 2.4, 2.4333, 2.4667, 2.5],
            "transform": [
                [0.660944, -0.698102, -0.275329, 0.06217, -0.137297, -0.473184, 0.870198, -0.001393, -0.737778, -0.537343, -0.408596, -0.082538, 0.0, 0.0, 0.0, 1.0],
                [0.806467, -0.530842, -0.260428, 0.075016, -0.076027, -0.529878, 0.844658, 0.000229, -0.586382, -0.66138, -0.467688, -0.071076, 0.0, 0.0, 0.0, 1.0],
                [0.926918, -0.316542, -0.201578, 0.087086, -0.015615, -0.569205, 0.822044, 0.003389, -0.374956, -0.75881, -0.53255, -0.055529, 0.0, 0.0, 0.0, 1.0],
                [0.998054, 0.048924, 0.038832, 0.099463, -0.004244, -0.567126, 0.823618, 0.01085, 0.062318, -0.822169, -0.565815, -0.025844, 0.0, 0.0, 0.0, 1.0],
                [0.778295, 0.561913, 0.280203, 0.095934, 0.077844, -0.529151, 0.844948, 0.03029, 0.623066, -0.635797, -0.455578, 0.023621, 0.0, 0.0, 0.0, 1.0],
                [-0.840743, 0.539622, 0.044325, -0.075516, -0.087261, -0.215831, 0.972524, 0.044936, 0.534371, 0.813761, 0.228547, 0.054415, 0.0, 0.0, 0.0, 1.0],
                [-0.970963, -0.034611, -0.23674, -0.101736, -0.217882, -0.280904, 0.934677, 0.018254, -0.098853, 0.959104, 0.265206, -0.000293, 0.0, 0.0, 0.0, 1.0],
                [-0.810938, -0.388117, -0.437896, -0.096037, -0.295118, -0.374924, 0.878828, -0.001937, -0.505273, 0.841893, 0.189499, -0.038163, 0.0, 0.0, 0.0, 1.0],
                [-0.35646, -0.588543, -0.725638, -0.063312, -0.535893, -0.507412, 0.674798, -0.025631, -0.765356, 0.629394, -0.134524, -0.077571, 0.0, 0.0, 0.0, 1.0],
                [0.229021, -0.687375, -0.689245, -0.010234, -0.618988, -0.649305, 0.441879, -0.030062, -0.751278, 0.32543, -0.574181, -0.09835, 0.0, 0.0, 0.0, 1.0],
                [0.749065, -0.576527, -0.326378, 0.050385, -0.481733, -0.812178, 0.329081, -0.011309, -0.454807, -0.089275, -0.886106, -0.089517, 0.0, 0.0, 0.0, 1.0],
                [0.954442, -0.031669, 0.296736, 0.097419, -0.134726, -0.932973, 0.333763, 0.030923, 0.26628, -0.358529, -0.894735, -0.015228, 0.0, 0.0, 0.0, 1.0],
                [0.793722, 0.025168, 0.607767, 0.09304, -0.273277, -0.87788, 0.393239, 0.042171, 0.543451, -0.478205, -0.689914, 0.015621, 0.0, 0.0, 0.0, 1.0],
                [0.715299, 0.207789, 0.667216, 0.084938, -0.258265, -0.808568, 0.528687, 0.043437, 0.649354, -0.550479, -0.524703, 0.039721, 0.0, 0.0, 0.0, 1.0],
                [0.615306, 0.431586, 0.659648, 0.069841, -0.191338, -0.730008, 0.656103, 0.043744, 0.764724, -0.529912, -0.366599, 0.062353, 0.0, 0.0, 0.0, 1.0],
                [0.390745, 0.693931, 0.604793, 0.039893, -0.043895, -0.642227, 0.765253, 0.048464, 0.91946, -0.325561, -0.220487, 0.082097, 0.0, 0.0, 0.0, 1.0],
                [0.077057, 0.873117, 0.481371, 0.000573, 0.08844, -0.486885, 0.868976, 0.051418, 0.993104, -0.024388, -0.114736, 0.089648, 0.0, 0.0, 0.0, 1.0],
                [-0.252865, 0.938243, 0.236109, -0.038721, 0.135108, -0.207403, 0.968881, 0.046307, 0.958029, 0.276892, -0.074319, 0.083895, 0.0, 0.0, 0.0, 1.0],
                [-0.580153, 0.813794, 0.03403, -0.072507, 0.114569, 0.040168, 0.992604, 0.034902, 0.806418, 0.579753, -0.11654, 0.064864, 0.0, 0.0, 0.0, 1.0],
                [-0.827186, 0.560892, -0.034184, -0.095105, 0.033243, 0.109568, 0.993424, 0.018446, 0.560956, 0.820598, -0.109279, 0.036029, 0.0, 0.0, 0.0, 1.0],
                [-0.961223, 0.250141, -0.116163, -0.103333, -0.09844, 0.082277, 0.991737, -0.001263, 0.257635, 0.9647, -0.054463, 0.00208, 0.0, 0.0, 0.0, 1.0],
                [-0.96384, -0.086254, -0.252161, -0.096295, -0.254183, 0.013122, 0.967068, -0.020264, -0.080106, 0.99618, -0.034572, -0.031624, 0.0, 0.0, 0.0, 1.0],
                [-0.809934, -0.411901, -0.417556, -0.076472, -0.435883, -0.053659, 0.898404, -0.039, -0.392465, 0.909639, -0.136081, -0.057567, 0.0, 0.0, 0.0, 1.0],
                [-0.51055, -0.665015, -0.545061, -0.04749, -0.607153, -0.170049, 0.776179, -0.054983, -0.608867, 0.727202, -0.316947, -0.07351, 0.0, 0.0, 0.0, 1.0],
                [-0.134288, -0.798634, -0.586636, -0.012086, -0.690661, -0.349089, 0.633347, -0.060621, -0.710611, 0.490211, -0.504707, -0.082827, 0.0, 0.0, 0.0, 1.0],
                [0.251919, -0.804722, -0.537542, 0.02736, -0.669468, -0.546012, 0.503672, -0.050457, -0.698831, 0.232979, -0.676286, -0.085942, 0.0, 0.0, 0.0, 1.0],
                [0.58302, -0.716991, -0.382112, 0.063437, -0.584353, -0.696809, 0.415917, -0.02937, -0.564475, -0.019199, -0.825229, -0.07611, 0.0, 0.0, 0.0, 1.0],
                [0.797761, -0.57034, -0.19569, 0.086549, -0.474726, -0.794169, 0.379375, -0.008995, -0.371789, -0.209748, -0.904312, -0.055743, 0.0, 0.0, 0.0, 1.0],
                [0.908987, -0.382316, -0.166087, 0.094612, -0.312902, -0.889075, 0.334109, 0.005134, -0.275403, -0.251729, -0.927785, -0.041243, 0.0, 0.0, 0.0, 1.0],
                [0.959881, -0.231572, -0.158163, 0.098198, -0.174528, -0.934759, 0.309444, 0.012251, -0.219505, -0.269422, -0.937672, -0.02976, 0.0, 0.0, 0.0, 1.0],
                [0.991034, -0.133658, 0.000617, 0.102406, -0.121895, -0.901881, 0.414418, 0.011665, -0.054834, -0.410772, -0.910087, -0.007451, 0.0, 0.0, 0.0, 1.0],
                [0.988108, 0.007706, 0.15361, 0.10181, -0.081932, -0.818862, 0.568106, 0.010844, 0.130165, -0.573928, -0.808493, 0.013987, 0.0, 0.0, 0.0, 1.0],
                [0.95848, 0.176513, 0.223991, 0.099672, -0.054554, -0.657433, 0.751531, 0.014484, 0.279918, -0.732537, -0.620508, 0.023117, 0.0, 0.0, 0.0, 1.0],
                [0.92261, 0.312113, 0.226682, 0.09772, -0.0545, -0.476278, 0.877603, 0.018851, 0.38188, -0.822028, -0.422409, 0.027824, 0.0, 0.0, 0.0, 1.0],
                [0.900714, 0.389968, 0.191437, 0.095099, -0.025152, -0.393113, 0.919145, 0.024479, 0.433699, -0.83269, -0.344275, 0.032183, 0.0, 0.0, 0.0, 1.0],
                [0.884207, 0.440798, 0.154541, 0.092033, 0.011209, -0.350772, 0.936393, 0.030041, 0.466976, -0.826221, -0.315097, 0.036143, 0.0, 0.0, 0.0, 1.0],
                [0.869173, 0.475759, 0.134899, 0.089369, 0.021198, -0.30838, 0.951027, 0.032306, 0.494067, -0.823736, -0.278121, 0.040601, 0.0, 0.0, 0.0, 1.0],
                [0.853169, 0.507601, 0.120207, 0.08683, 0.003203, -0.235529, 0.971863, 0.030749, 0.521637, -0.828766, -0.202573, 0.04684, 0.0, 0.0, 0.0, 1.0],
                [0.835839, 0.538125, 0.108626, 0.083845, -0.030327, -0.152305, 0.987869, 0.027121, 0.548148, -0.828982, -0.110984, 0.053977, 0.0, 0.0, 0.0, 1.0],
                [0.820452, 0.564759, 0.088932, 0.080454, -0.060756, -0.068543, 0.995797, 0.022916, 0.568488, -0.822397, -0.021924, 0.060672, 0.0, 0.0, 0.0, 1.0],
                [0.811178, 0.580772, 0.068541, 0.077368, -0.083516, -0.000957, 0.996507, 0.019059, 0.578816, -0.814057, 0.047727, 0.065803, 0.0, 0.0, 0.0, 1.0],
                [0.813483, 0.579539, 0.048815, 0.075545, -0.08968, 0.042064, 0.995083, 0.016962, 0.574643, -0.81385, 0.086191, 0.068443, 0.0, 0.0, 0.0, 1.0],
                [0.825445, 0.563429, 0.034542, 0.074967, -0.081902, 0.058994, 0.994894, 0.016967, 0.558522, -0.824047, 0.094842, 0.069074, 0.0, 0.0, 0.0, 1.0],
                [0.843222, 0.536857, 0.027673, 0.075218, -0.069314, 0.057531, 0.995936, 0.018305, 0.53309, -0.841701, 0.085723, 0.068457, 0.0, 0.0, 0.0, 1.0],
                [0.864905, 0.501332, 0.024741, 0.076153, -0.055381, 0.046322, 0.997391, 0.020252, 0.498885, -0.864006, 0.067828, 0.066857, 0.0, 0.0, 0.0, 1.0],
                [0.886628, 0.46203, 0.020641, 0.077468, -0.037481, 0.027299, 0.998925, 0.022143, 0.460976, -0.886436, 0.041521, 0.064711, 0.0, 0.0, 0.0, 1.0],
                [0.907306, 0.420234, 0.014391, 0.079269, -0.018478, 0.005658, 0.999814, 0.023277, 0.420079, -0.907391, 0.012898, 0.062078, 0.0, 0.0, 0.0, 1.0],
                [0.924069, 0.382235, 0.001183, 0.081195, 0.004095, -0.012995, 0.999908, 0.022981, 0.382219, -0.923967, -0.013574, 0.059651, 0.0, 0.0, 0.0, 1.0],
                [0.936806, 0.349243, -0.020828, 0.083283, 0.030373, -0.021874, 0.9993, 0.020621, 0.348548, -0.936769, -0.0311, 0.0576, 0.0, 0.0, 0.0, 1.0],
                [0.909683, 0.388788, -0.146045, 0.08668, 0.154021, 0.010767, 0.98801, -0.010931, 0.385704, -0.921257, -0.050087, 0.055191, 0.0, 0.0, 0.0, 1.0],
                [0.79563, 0.522996, -0.305701, 0.085698, 0.292639, 0.110034, 0.949872, -0.018643, 0.530423, -0.845195, -0.065503, 0.054655, 0.0, 0.0, 0.0, 1.0],
                [0.753905, 0.59637, -0.275632, 0.085146, 0.292668, 0.070761, 0.953593, -0.019647, 0.588207, -0.799575, -0.121192, 0.055165, 0.0, 0.0, 0.0, 1.0],
                [0.779965, 0.584666, -0.223212, 0.085541, 0.261926, 0.018964, 0.964903, -0.017129, 0.568387, -0.811043, -0.138348, 0.055392, 0.0, 0.0, 0.0, 1.0],
                [0.831103, 0.537698, -0.14196, 0.086292, 0.198632, -0.048577, 0.978871, -0.012605, 0.519448, -0.841729, -0.147177, 0.055442, 0.0, 0.0, 0.0, 1.0],
                [0.86155, 0.500441, -0.08542, 0.086849, 0.147282, -0.085354, 0.985406, -0.009964, 0.485854, -0.861544, -0.147243, 0.055108, 0.0, 0.0, 0.0, 1.0],
                [0.866904, 0.492403, -0.077621, 0.087414, 0.131521, -0.075734, 0.988417, -0.010154, 0.480827, -0.867058, -0.130416, 0.054173, 0.0, 0.0, 0.0, 1.0],
                [0.870099, 0.487176, -0.074796, 0.08801, 0.116128, -0.055146, 0.991703, -0.011058, 0.479015, -0.871553, -0.104558, 0.053017, 0.0, 0.0, 0.0, 1.0],
                [0.871075, 0.485004, -0.077499, 0.088558, 0.103191, -0.026447, 0.994311, -0.012347, 0.480202, -0.874103, -0.073086, 0.051806, 0.0, 0.0, 0.0, 1.0],
                [0.872231, 0.482023, -0.082902, 0.08905, 0.093174, 0.002642, 0.995647, -0.01367, 0.48015, -0.876147, -0.042608, 0.050618, 0.0, 0.0, 0.0, 1.0],
                [0.874904, 0.476667, -0.085665, 0.089394, 0.084345, 0.024214, 0.996143, -0.014823, 0.476909, -0.878742, -0.01902, 0.049677, 0.0, 0.0, 0.0, 1.0],
                [0.879829, 0.467816, -0.083994, 0.089481, 0.077749, 0.032683, 0.996438, -0.015584, 0.468901, -0.883214, -0.007617, 0.049286, 0.0, 0.0, 0.0, 1.0],
                [0.886211, 0.456429, -0.079438, 0.089203, 0.074092, 0.029631, 0.996812, -0.015893, 0.457334, -0.889258, -0.007559, 0.049689, 0.0, 0.0, 0.0, 1.0],
                [0.891889, 0.44605, -0.074706, 0.088509, 0.07125, 0.024543, 0.997157, -0.015999, 0.446621, -0.894664, -0.009892, 0.050882, 0.0, 0.0, 0.0, 1.0],
                [0.897155, 0.43604, -0.070645, 0.087559, 0.070482, 0.016575, 0.997376, -0.015958, 0.436072, -0.899767, -0.015863, 0.052514, 0.0, 0.0, 0.0, 1.0],
                [0.903521, 0.423462, -0.065861, 0.086573, 0.070739, 0.004209, 0.997487, -0.015955, 0.42268, -0.905897, -0.026153, 0.054125, 0.0, 0.0, 0.0, 1.0],
                [0.909549, 0.411049, -0.061371, 0.085552, 0.072781, -0.012146, 0.997275, -0.01599, 0.409189, -0.911525, -0.040964, 0.055714, 0.0, 0.0, 0.0, 1.0],
                [0.915268, 0.398717, -0.0576, 0.084681, 0.076885, -0.032529, 0.99651, -0.016117, 0.395457, -0.916488, -0.060429, 0.056994, 0.0, 0.0, 0.0, 1.0],
                [0.921401, 0.384714, -0.054987, 0.084205, 0.083441, -0.057646, 0.994845, -0.016321, 0.379565, -0.921227, -0.085217, 0.057638, 0.0, 0.0, 0.0, 1.0],
                [0.927684, 0.369456, -0.053968, 0.084269, 0.092691, -0.087857, 0.991812, -0.016568, 0.361694, -0.925078, -0.11575, 0.057473, 0.0, 0.0, 0.0, 1.0],
                [0.934118, 0.352969, -0.053349, 0.084864, 0.102583, -0.122271, 0.987182, -0.016945, 0.341926, -0.927603, -0.150425, 0.05648, 0.0, 0.0, 0.0, 1.0],
                [0.941856, 0.331325, -0.056043, 0.086458, 0.117107, -0.167307, 0.978926, -0.017391, 0.31497, -0.928557, -0.19638, 0.053866, 0.0, 0.0, 0.0, 1.0],
                [0.949935, 0.305535, -0.06543, 0.088785, 0.138509, -0.224039, 0.964688, -0.017584, 0.28009, -0.925442, -0.255142, 0.049868, 0.0, 0.0, 0.0, 1.0],
                [0.958145, 0.275689, -0.077235, 0.091488, 0.157974, -0.284081, 0.945697, -0.017741, 0.23878, -0.918303, -0.315743, 0.044655, 0.0, 0.0, 0.0, 1.0],
                [0.964778, 0.246495, -0.091948, 0.094192, 0.177344, -0.351167, 0.919364, -0.017501, 0.194332, -0.903277, -0.382514, 0.038733, 0.0, 0.0, 0.0, 1.0],
                [0.969822, 0.218716, -0.107797, 0.096654, 0.193111, -0.418989, 0.887218, -0.016906, 0.148884, -0.881248, -0.448582, 0.032417, 0.0, 0.0, 0.0, 1.0],
                [0.973367, 0.193019, -0.123746, 0.09872, 0.203971, -0.482452, 0.851841, -0.01605, 0.104721, -0.854383, -0.508974, 0.025989, 0.0, 0.0, 0.0, 1.0]
            ]
        },
        {
            "name": "Leg_R",
            "time": [0.0, 0.0333, 0.0667, 0.1, 0.1333, 0.1667, 0.2, 0.2333, 0.2667, 0.3, 0.3333, 0.3667, 0.4, 0.4333, 0.4667, 0.5, 0.5333, 0.5667, 0.6, 0.6333, 0.6667, 0.7, 0.7333, 0.7667, 0.8, 0.8333, 0.8667, 0.9, 0.9333, 0.9667, 1.0, 1.0333, 1.0667, 1.1, 1.1333, 1.1667, 1.2, 1.2333, 1.2667, 1.3, 1.3333, 1.3667, 1.4, 1.4333, 1.4667, 1.5, 1.5333, 1.5667, 1.6, 1.6333, 1.6667, 1.7, 1.7333, 1.7667, 1.8, 1.8333, 1.8667, 1.9, 1.9333, 1.9667, 2.0, 2.0333, 2.0667, 2.1, 2.1333, 2.1667, 2.2, 2.2333, 2.2667, 2.3, 2.3333, 2.3667, 2.4, 2.4333, 2.4667, 2.5],
            "transform": [
                [1.000001, -0.001852, -0.000629, 0.0, -0.000629, -0.608988, 0.79318, 0.37472, -0.001852, -0.79317, -0.608994, -0.0, 0.0, 0.0, 0.0, 1.0],
                [1.0, -0.001849, -0.000637, -0.0, -0.000638, -0.616281, 0.787527, 0.37472, -0.001849, -0.787517, -0.616287, 0.0, 0.0, 0.0, 0.0, 1.0],
                [1.000001, -0.001843, -0.000656, 0.0, -0.000657, -0.632452, 0.774599, 0.37472, -0.001842, -0.77459, -0.632458, 0.0, 0.0, 0.0, 0.0, 1.0],
                [1.0, -0.001807, -0.000751, -0.0, -0.000751, -0.708646, 0.705563, 0.37472, -0.001807, -0.705556, -0.708651, 0.0, 0.0, 0.0, 0.0, 1.0],
                [1.000001, -0.001799, -0.000769, -0.0, -0.000768, -0.722662, 0.6912, 0.37472, -0.001799, -0.691192, -0.722668, 0.0, 0.0, 0.0, 0.0, 1.0],
                [1.000002, -0.001947, -0.000184, -0.0, -0.000185, -0.187619, 0.982249, 0.37472, -0.001947, -0.98223, -0.187622, -0.0, 0.0, 0.0, 0.0, 1.0],
                [1.000001, -0.001954, -7.9e-05, 0.0, -8.1e-05, -0.08132, 0.996695, 0.37472, -0.001954, -0.996678, -0.081321, -0.0, 0.0, 0.0, 0.0, 1.0],
                [1.000001, -0.001955, -5.6e-05, 0.0, -5.7e-05, -0.05776, 0.998337, 0.37472, -0.001955, -0.998319, -0.05776, -0.0, 0.0, 0.0, 0.0, 1.0],
                [1.0, -0.001956, 6.4e-05, 0.0, 6.3e-05, 0.064653, 0.997914, 0.37472, -0.001956, -0.997899, 0.064654, -0.0, 0.0, 0.0, 0.0, 1.0],
                [1.000001, -0.001946, 0.000189, -0.0, 0.000188, 0.192017, 0.981397, 0.37472, -0.001946, -0.981381, 0.19202, 0.0, 0.0, 0.0, 0.0, 1.0],
                [1.000001, -0.001943, 0.000219, 0.0, 0.000219, 0.222464, 0.974947, 0.37472, -0.001943, -0.974931, 0.222467, -0.0, 0.0, 0.0, 0.0, 1.0],
                [1.000001, -0.001939, -0.000254, 0.0, -0.000255, -0.258226, 0.966091, 0.37472, -0.001939, -0.966074, -0.258229, -0.0, 0.0, 0.0, 0.0, 1.0],
                [1.0, -0.001947, -0.00018, -0.0, -0.00018, -0.18321, 0.983081, 0.37472, -0.001947, -0.983063, -0.183213, 0.0, 0.0, 0.0, 0.0, 1.0],
                [1.000001, -0.001954, -7.4e-05, 0.0, -7.5e-05, -0.075693, 0.997138, 0.37472, -0.001954, -0.997121, -0.075694, 0.0, 0.0, 0.0, 0.0, 1.0],
                [1.000002, -0.001954, 5.3e-05, 0.0, 5.1e-05, 0.053013, 0.998601, 0.37472, -0.001954, -0.998582, 0.053014, 0.0, 0.0, 0.0, 0.0, 1.0],
                [1.000002, -0.00195, 0.000146, 0.0, 0.000145, 0.148411, 0.988933, 0.37472, -0.00195, -0.988914, 0.148413, -0.0, 0.0, 0.0, 0.0, 1.0],
                [1.000001, -0.001948, 0.000171, -0.0, 0.000169, 0.173468, 0.984846, 0.37472, -0.001948, -0.984829, 0.173471, -0.0, 0.0, 0.0, 0.0, 1.0],
                [1.000002, -0.001955, -5.4e-05, 0.0, -5.6e-05, -0.055863, 0.998445, 0.37472, -0.001955, -0.998428, -0.055864, -0.0, 0.0, 0.0, 0.0, 1.0],
                [1.000001, -0.00193, -0.000318, -0.0, -0.000318, -0.320802, 0.947151, 0.37472, -0.00193, -0.947136, -0.320806, 0.0, 0.0, 0.0, 0.0, 1.0],
                [1.000001, -0.001917, -0.000388, 0.0, -0.000389, -0.389047, 0.921221, 0.37472, -0.001917, -0.921207, -0.389052, -0.0, 0.0, 0.0, 0.0, 1.0],
                [1.000001, -0.001914, -0.000401, -0.0, -0.000401, -0.401204, 0.915993, 0.37472, -0.001914, -0.915978, -0.401209, -0.0, 0.0, 0.0, 0.0, 1.0],
                [1.000002, -0.001916, -0.00039, -0.0, -0.00039, -0.391071, 0.920364, 0.37472, -0.001916, -0.92035, -0.391077, 0.0, 0.0, 0.0, 0.0, 1.0],
                [1.000001, -0.00192, -0.000371, -0.0, -0.000372, -0.372903, 0.927874, 0.37472, -0.00192, -0.927859, -0.372909, 0.0, 0.0, 0.0, 0.0, 1.0],
                [1.000001, -0.001928, -0.000329, -0.0, -0.00033, -0.332026, 0.943275, 0.37472, -0.001927, -0.94326, -0.332031, -0.0, 0.0, 0.0, 0.0, 1.0],
                [1.0, -0.001938, -0.000268, -0.0, -0.000269, -0.271757, 0.962371, 0.37472, -0.001937, -0.962358, -0.27176, -0.0, 0.0, 0.0, 0.0, 1.0],
                [1.000001, -0.001945, -0.000201, 0.0, -0.000202, -0.205137, 0.978739, 0.37472, -0.001945, -0.978724, -0.20514, -0.0, 0.0, 0.0, 0.0, 1.0],
                [1.000001, -0.001953, -0.000115, -0.0, -0.000117, -0.118398, 0.992972, 0.37472, -0.001953, -0.992957, -0.118399, -0.0, 0.0, 0.0, 0.0, 1.0],
                [1.000001, -0.001955, 2e-05, -0.0, 1.8e-05, 0.019443, 0.999817, 0.37472, -0.001955, -0.999801, 0.019443, 0.0, 0.0, 0.0, 0.0, 1.0],
                [1.0, -0.001933, 0.000296, -0.0, 0.000293, 0.298069, 0.954549, 0.37472, -0.001934, -0.954536, 0.298073, 0.0, 0.0, 0.0, 0.0, 1.0],
                [1.000001, -0.001882, 0.00053, -0.0, 0.000529, 0.521486, 0.853262, 0.37472, -0.001883, -0.853251, 0.521491, 0.0, 0.0, 0.0, 0.0, 1.0],
                [1.000002, -0.001885, 0.000519, 0.0, 0.000516, 0.51061, 0.859814, 0.37472, -0.001886, -0.859802, 0.510616, -0.0, 0.0, 0.0, 0.0, 1.0],
                [1.000001, -0.001922, 0.00036, -0.0, 0.000358, 0.360465, 0.932777, 0.37472, -0.001923, -0.932763, 0.360469, -0.0, 0.0, 0.0, 0.0, 1.0],
                [1.000002, -0.001955, 1.7e-05, 0.0, 1.5e-05, 0.016538, 0.99987, 0.37472, -0.001955, -0.999851, 0.016538, 0.0, 0.0, 0.0, 0.0, 1.0],
                [1.000001, -0.001928, -0.00033, -0.0, -0.000331, -0.332824, 0.942993, 0.37472, -0.001927, -0.942979, -0.332829, 0.0, 0.0, 0.0, 0.0, 1.0],
                [1.000001, -0.001891, -0.000503, -0.0, -0.000503, -0.496845, 0.867842, 0.37472, -0.001891, -0.86783, -0.49685, -0.0, 0.0, 0.0, 0.0, 1.0],
                [1.0, -0.001848, -0.000609, -0.0, -0.000615, -0.597294, 0.802023, 0.37472, -0.001846, -0.802013, -0.5973, -0.0, 0.0, 0.0, 0.0, 1.0],
                [1.000001, -0.001832, -0.000683, 0.0, -0.000685, -0.655764, 0.754965, 0.37472, -0.001831, -0.754957, -0.65577, 0.0, 0.0, 0.0, 0.0, 1.0],
                [1.000001, -0.001816, -0.000725, 0.0, -0.000727, -0.689543, 0.724243, 0.37472, -0.001815, -0.724236, -0.689549, 0.0, 0.0, 0.0, 0.0, 1.0],
                [1.0, -0.001805, -0.000755, -0.0, -0.000755, -0.712277, 0.701898, 0.37472, -0.001804, -0.701891, -0.712281, -0.0, 0.0, 0.0, 0.0, 1.0],
                [1.000001, -0.001799, -0.000767, -0.0, -0.000768, -0.722147, 0.691737, 0.37472, -0.001798, -0.69173, -0.722152, 0.0, 0.0, 0.0, 0.0, 1.0],
                [1.000001, -0.001798, -0.000769, 0.0, -0.00077, -0.72369, 0.690123, 0.37472, -0.001798, -0.690116, -0.723696, 0.0, 0.0, 0.0, 0.0, 1.0],
                [1.000001, -0.001801, -0.000763, 0.0, -0.000764, -0.719049, 0.694957, 0.37472, -0.0018, -0.694951, -0.719054, 0.0, 0.0, 0.0, 0.0, 1.0],
                [1.000001, -0.001807, -0.000749, -0.0, -0.00075, -0.708068, 0.706143, 0.37472, -0.001806, -0.706135, -0.708073, 0.0, 0.0, 0.0, 0.0, 1.0],
                [1.000001, -0.001817, -0.000723, 0.0, -0.000725, -0.688066, 0.725646, 0.37472, -0.001816, -0.725639, -0.688072, -0.0, 0.0, 0.0, 0.0, 1.0],
                [1.000002, -0.00183, -0.000691, -0.0, -0.000693, -0.662016, 0.749488, 0.37472, -0.001829, -0.749479, -0.662022, 0.0, 0.0, 0.0, 0.0, 1.0],
                [1.000001, -0.001842, -0.000659, -0.0, -0.00066, -0.634981, 0.772528, 0.37472, -0.001842, -0.772519, -0.634987, 0.0, 0.0, 0.0, 0.0, 1.0],
                [1.000001, -0.001853, -0.000626, -0.0, -0.000628, -0.607153, 0.794585, 0.37472, -0.001852, -0.794576, -0.607159, -0.0, 0.0, 0.0, 0.0, 1.0],
                [1.000001, -0.001863, -0.000597, 0.0, -0.000598, -0.581645, 0.813443, 0.37472, -0.001863, -0.813435, -0.581649, -0.0, 0.0, 0.0, 0.0, 1.0],
                [1.000001, -0.00187, -0.000574, -0.0, -0.000575, -0.561178, 0.827697, 0.37472, -0.00187, -0.827686, -0.561184, -0.0, 0.0, 0.0, 0.0, 1.0],
                [1.000001, -0.001853, -0.000625, -0.0, -0.000626, -0.605864, 0.795568, 0.37472, -0.001853, -0.795559, -0.605869, -0.0, 0.0, 0.0, 0.0, 1.0],
                [1.000001, -0.001861, -0.000601, 0.0, -0.000602, -0.585428, 0.810724, 0.37472, -0.001861, -0.810715, -0.585433, -0.0, 0.0, 0.0, 0.0, 1.0],
                [1.000002, -0.001894, -0.000488, 0.0, -0.000488, -0.483591, 0.875297, 0.37472, -0.001894, -0.875284, -0.483597, 0.0, 0.0, 0.0, 0.0, 1.0],
                [1.000002, -0.001897, -0.000479, -0.0, -0.00048, -0.475132, 0.879917, 0.37472, -0.001896, -0.879904, -0.475137, -0.0, 0.0, 0.0, 0.0, 1.0],
                [1.000001, -0.001893, -0.000493, -0.0, -0.000493, -0.487755, 0.872982, 0.37472, -0.001893, -0.872971, -0.48776, -0.0, 0.0, 0.0, 0.0, 1.0],
                [1.000001, -0.001889, -0.000506, 0.0, -0.000507, -0.500278, 0.865866, 0.37472, -0.001889, -0.865855, -0.500283, -0.0, 0.0, 0.0, 0.0, 1.0],
                [1.000002, -0.001884, -0.000527, 0.0, -0.000527, -0.518754, 0.854925, 0.37472, -0.001884, -0.854914, -0.518759, -0.0, 0.0, 0.0, 0.0, 1.0],
                [1.000001, -0.001875, -0.000557, -0.0, -0.000558, -0.546542, 0.837433, 0.37472, -0.001875, -0.837423, -0.546547, -0.0, 0.0, 0.0, 0.0, 1.0],
                [1.000001, -0.001864, -0.000593, 0.0, -0.000592, -0.577259, 0.816562, 0.37472, -0.001864, -0.816552, -0.577264, -0.0, 0.0, 0.0, 0.0, 1.0],
                [1.000001, -0.001854, -0.000623, -0.0, -0.000623, -0.603758, 0.797168, 0.37472, -0.001854, -0.797159, -0.603763, 0.0, 0.0, 0.0, 0.0, 1.0],
                [1.000001, -0.001846, -0.000645, -0.0, -0.000646, -0.622914, 0.78229, 0.37472, -0.001846, -0.782282, -0.622919, -0.0, 0.0, 0.0, 0.0, 1.0],
                [1.000001, -0.001846, -0.000648, -0.0, -0.000648, -0.62531, 0.780376, 0.37472, -0.001845, -0.780367, -0.625316, -0.0, 0.0, 0.0, 0.0, 1.0],
                [1.000001, -0.001849, -0.000638, -0.0, -0.000637, -0.616286, 0.787523, 0.37472, -0.001849, -0.787514, -0.616291, -0.0, 0.0, 0.0, 0.0, 1.0],
                [1.0, -0.001855, -0.00062, 0.0, -0.000619, -0.601006, 0.799245, 0.37472, -0.001855, -0.799236, -0.601011, -0.0, 0.0, 0.0, 0.0, 1.0],
                [1.000001, -0.001862, -0.000597, -0.0, -0.000597, -0.581644, 0.813443, 0.37472, -0.001862, -0.813434, -0.58165, 0.0, 0.0, 0.0, 0.0, 1.0],
                [1.0, -0.001871, -0.000568, 0.0, -0.00057, -0.556636, 0.830758, 0.37472, -0.001871, -0.830748, -0.556641, 0.0, 0.0, 0.0, 0.0, 1.0],
                [1.000001, -0.00188, -0.000537, -0.0, -0.000539, -0.528892, 0.848691, 0.37472, -0.00188, -0.848681, -0.528897, 0.0, 0.0, 0.0, 0.0, 1.0],
                [1.000002, -0.001891, -0.000501, -0.0, -0.000502, -0.495615, 0.868544, 0.37472, -0.001891, -0.868531, -0.495621, -0.0, 0.0, 0.0, 0.0, 1.0],
                [1.000001, -0.0019, -0.000464, 0.0, -0.000465, -0.461597, 0.887092, 0.37472, -0.001899, -0.887081, -0.461602, 0.0, 0.0, 0.0, 0.0, 1.0],
                [1.000001, -0.00191, -0.000424, 0.0, -0.000425, -0.423786, 0.905765, 0.37472, -0.001909, -0.905753, -0.423791, 0.0, 0.0, 0.0, 0.0, 1.0],
                [1.000002, -0.001919, -0.000384, -0.0, -0.000384, -0.385222, 0.922828, 0.37472, -0.001919, -0.922813, -0.385228, -0.0, 0.0, 0.0, 0.0, 1.0],
                [1.0, -0.001926, -0.000337, 0.0, -0.000339, -0.340782, 0.940147, 0.37472, -0.001926, -0.940133, -0.340786, -0.0, 0.0, 0.0, 0.0, 1.0],
                [1.000001, -0.001935, -0.000284, 0.0, -0.000287, -0.288686, 0.957428, 0.37472, -0.001934, -0.957414, -0.28869, 0.0, 0.0, 0.0, 0.0, 1.0],
                [1.000001, -0.001943, -0.000224, 0.0, -0.000226, -0.228482, 0.973554, 0.37472, -0.001943, -0.973538, -0.228485, 0.0, 0.0, 0.0, 0.0, 1.0],
                [1.000001, -0.00195, -0.000155, 0.0, -0.000157, -0.159196, 0.987253, 0.37472, -0.001949, -0.987237, -0.159198, -0.0, 0.0, 0.0, 0.0, 1.0],
                [1.0, -0.001954, -8e-05, -0.0, -8.3e-05, -0.083193, 0.99654, 0.37472, -0.001954, -0.996524, -0.083194, -0.0, 0.0, 0.0, 0.0, 1.0],
                [1.000001, -0.001956, 5e-06, -0.0, 3e-06, 0.003902, 0.999999, 0.37472, -0.001956, -0.999982, 0.003902, -0.0, 0.0, 0.0, 0.0, 1.0]
            ]
        },
        {
            "name": "Knee_R",
            "time": [0.0, 2.5],
            "transform": [
                [1.0, 0.0, -0.0, 0.0, -0.0, 1e-06, -1.0, 0.37472, -0.0, 1.0, 1e-06, -0.0, 0.0, 0.0, 0.0, 1.0],
                [1.0, 0.0, -0.0, -0.0, -0.0, 1e-06, -1.0, 0.37472, -0.0, 1.0, 1e-06, -0.0, 0.0, 0.0, 0.0, 1.0]
            ]
        },
        {
            "name": "Thigh_L",
            "time": [0.0, 0.0333, 0.0667, 0.1, 0.1333, 0.1667, 0.2, 0.2333, 0.2667, 0.3, 0.3333, 0.3667, 0.4, 0.4333, 0.4667, 0.5, 0.5333, 0.5667, 0.6, 0.6333, 0.6667, 0.7, 0.7333, 0.7667, 0.8, 0.8333, 0.8667, 0.9, 0.9333, 0.9667, 1.0, 1.0333, 1.0667, 1.1, 1.1333, 1.1667, 1.2, 1.2333, 1.2667, 1.3, 1.3333, 1.3667, 1.4, 1.4333, 1.4667, 1.5, 1.5333, 1.5667, 1.6, 1.6333, 1.6667, 1.7, 1.7333, 1.7667, 1.8, 1.8333, 1.8667, 1.9, 1.9333, 1.9667, 2.0, 2.0333, 2.0667, 2.1, 2.1333, 2.1667, 2.2, 2.2333, 2.2667, 2.3, 2.3333, 2.3667, 2.4, 2.4333, 2.4667, 2.5],
            "transform": [
                [0.285468, -0.772451, -0.567303, -0.062194, -0.214394, -0.628409, 0.747757, 0.001392, -0.934093, -0.091835, -0.345, 0.082538, 0.0, 0.0, 0.0, 1.0],
                [0.452846, -0.457814, -0.765073, -0.07504, -0.203983, -0.888549, 0.410953, -0.00023, -0.867933, -0.030037, -0.495761, 0.071076, 0.0, 0.0, 0.0, 1.0],
                [0.609387, -0.180477, -0.772055, -0.08711, -0.172682, -0.980593, 0.09292, -0.003389, -0.77383, 0.076697, -0.628725, 0.055529, 0.0, 0.0, 0.0, 1.0],
                [0.755469, -0.240212, -0.609554, -0.099488, -0.074755, -0.9559, 0.284043, -0.01085, -0.650894, -0.169021, -0.74011, 0.025844, 0.0, 0.0, 0.0, 1.0],
                [0.951883, -0.079103, -0.296055, -0.095958, 0.095982, -0.84054, 0.533188, -0.03029, -0.291019, -0.535956, -0.792503, -0.023621, 0.0, 0.0, 0.0, 1.0],
                [-0.235168, 0.853843, 0.464389, 0.075491, 0.731884, -0.158828, 0.662656, -0.044936, 0.639554, 0.49572, -0.587563, -0.054415, 0.0, 0.0, 0.0, 1.0],
                [-0.731211, 0.452888, 0.510116, 0.101712, 0.609841, 0.098955, 0.786318, -0.018254, 0.305632, 0.886066, -0.348547, 0.000293, 0.0, 0.0, 0.0, 1.0],
                [-0.899693, 0.071122, 0.430678, 0.096013, 0.436426, 0.165531, 0.884381, 0.001936, -0.008391, 0.983643, -0.179967, 0.038163, 0.0, 0.0, 0.0, 1.0],
                [-0.894105, -0.418837, 0.158567, 0.063288, 0.158496, 0.035216, 0.986732, 0.025631, -0.418859, 0.907385, 0.034897, 0.077571, 0.0, 0.0, 0.0, 1.0],
