{
    "animation": [
        {
            "name": "Root",
            "time": [0.0, 0.0333, 0.0667, 0.1, 0.1333, 0.1667, 0.2, 0.2333, 0.2667, 0.3, 0.3333, 0.3667, 0.4, 0.4333, 0.4667, 0.5, 0.5333, 0.5667, 0.6, 0.6333, 0.6667, 0.7, 0.7333, 0.7667, 0.8, 0.8333, 0.8667, 0.9, 0.9333, 0.9667, 1.0, 1.0333, 1.0667, 1.1, 1.1333, 1.1667, 1.2, 1.2333, 1.2667, 1.3, 1.3333, 1.3667, 1.4, 1.4333, 1.4667, 1.5, 1.5333, 1.5667, 1.6, 1.6333, 1.6667],
            "transform": [
                [0.999998, 0.001902, 3e-06, -0.072631, -3e-06, 0.003414, -0.999994, 0.001116, -0.001902, 0.999992, 0.003414, 0.381468, 0.0, 0.0, 0.0, 1.0],
                [0.999998, 0.002139, 3e-06, -0.080746, -4e-06, 0.003271, -0.999995, -0.100518, -0.002139, 0.999992, 0.003271, 0.352948, 0.0, 0.0, 0.0, 1.0],
                [0.999996, 0.002599, 4e-06, -0.065382, -4e-06, 0.002919, -0.999996, -0.275359, -0.002599, 0.999992, 0.002919, 0.438114, 0.0, 0.0, 0.0, 1.0],
                [0.999995, 0.003108, 3e-06, -0.043492, -4e-06, 0.002369, -0.999997, -0.468484, -0.003108, 0.999992, 0.002369, 0.554599, 0.0, 0.0, 0.0, 1.0],
                [0.999994, 0.003532, 3e-06, -0.021576, -3e-06, 0.001672, -0.999998, -0.666623, -0.003532, 0.999992, 0.001672, 0.675236, 0.0, 0.0, 0.0, 1.0],
                [0.999993, 0.00377, 2e-06, -0.003048, -2e-06, 0.00103, -0.999999, -0.888376, -0.00377, 0.999992, 0.00103, 0.768622, 0.0, 0.0, 0.0, 1.0],
                [0.999992, 0.003866, 1e-06, 0.009827, -2e-06, 0.000573, -1.0, -1.148102, -0.003866, 0.999992, 0.000573, 0.824555, 0.0, 0.0, 0.0, 1.0],
                [0.999992, 0.003902, 0.0, 0.022657, -1e-06, 0.000189, -1.0, -1.572051, -0.003902, 0.999992, 0.000189, 0.853481, 0.0, 0.0, 0.0, 1.0],
                [0.999985, 0.003908, -0.003865, 0.030921, -0.003865, -5.2e-05, -0.999992, -1.987487, -0.003908, 0.999992, -3.6e-05, 0.799781, 0.0, 0.0, 0.0, 1.0],
                [0.999985, 0.003905, -0.003768, 0.029873, -0.003768, -0.000156, -0.999993, -2.25103, -0.003906, 0.999992, -0.000141, 0.699364, 0.0, 0.0, 0.0, 1.0],
                [0.999985, 0.003904, -0.003754, 0.020017, -0.003753, -0.000172, -0.999993, -2.485429, -0.003905, 0.999992, -0.000157, 0.583917, 0.0, 0.0, 0.0, 1.0],
                [0.999985, 0.003906, -0.003805, 0.005277, -0.003805, -0.000115, -0.999993, -2.713998, -0.003907, 0.999992, -0.0001, 0.457382, 0.0, 0.0, 0.0, 1.0],
                [0.999985, 0.003908, -0.003895, -0.009464, -0.003895, -2.1e-05, -0.999992, -2.966964, -0.003908, 0.999992, -6e-06, 0.330847, 0.0, 0.0, 0.0, 1.0],
                [0.999992, 0.003908, -0.0, -0.02687, -1e-06, 6.3e-05, -1.0, -3.240515, -0.003908, 0.999992, 6.3e-05, 0.213159, 0.0, 0.0, 0.0, 1.0],
                [0.999992, 0.003908, -0.0, -0.051583, -0.0, 1.5e-05, -1.0, -3.478857, -0.003908, 0.999992, 1.5e-05, 0.098756, 0.0, 0.0, 0.0, 1.0],
                [0.999985, 0.003906, -0.003792, -0.076275, -0.003791, -0.00013, -0.999992, -3.699975, -0.003906, 0.999992, -0.000115, -0.005145, 0.0, 0.0, 0.0, 1.0],
                [0.999985, 0.003908, -0.003877, -0.09709, -0.003877, -4e-05, -0.999992, -3.87015, -0.003908, 0.999992, -2.5e-05, -0.06887, 0.0, 0.0, 0.0, 1.0],
                [0.999992, 0.003866, 1e-06, -0.107687, -2e-06, 0.000573, -1.0, -4.059578, -0.003866, 0.999992, 0.000573, -0.070836, 0.0, 0.0, 0.0, 1.0],
                [0.999993, 0.003644, 2e-06, -0.115869, -3e-06, 0.001414, -0.999999, -4.25067, -0.003644, 0.999992, 0.001414, -0.032636, 0.0, 0.0, 0.0, 1.0],
                [0.999994, 0.003366, 3e-06, -0.1166, -4e-06, 0.001986, -0.999998, -4.411232, -0.003366, 0.999992, 0.001986, 0.010618, 0.0, 0.0, 0.0, 1.0],
                [0.999995, 0.003166, 3e-06, -0.107843, -4e-06, 0.002291, -0.999997, -4.533153, -0.003166, 0.999992, 0.002291, 0.04876, 0.0, 0.0, 0.0, 1.0],
                [0.999995, 0.002974, 4e-06, -0.092794, -4e-06, 0.002535, -0.999997, -4.635182, -0.002974, 0.999992, 0.002535, 0.091164, 0.0, 0.0, 0.0, 1.0],
                [0.999996, 0.002706, 4e-06, -0.071048, -4e-06, 0.002817, -0.999996, -4.768815, -0.002706, 0.999992, 0.002817, 0.151679, 0.0, 0.0, 0.0, 1.0],
                [0.999997, 0.00247, 3e-06, -0.062119, -4e-06, 0.003028, -0.999995, -4.849281, -0.00247, 0.999992, 0.003028, 0.200345, 0.0, 0.0, 0.0, 1.0],
                [0.999997, 0.002318, 4e-06, -0.065027, -4e-06, 0.003146, -0.999995, -4.855435, -0.002318, 0.999992, 0.003146, 0.228529, 0.0, 0.0, 0.0, 1.0],
                [0.999997, 0.002169, 3e-06, -0.067938, -4e-06, 0.003251, -0.999994, -4.855194, -0.002169, 0.999992, 0.003251, 0.256714, 0.0, 0.0, 0.0, 1.0],
                [0.999998, 0.002023, 3e-06, -0.070854, -4e-06, 0.003344, -0.999994, -4.845556, -0.002023, 0.999992, 0.003344, 0.283221, 0.0, 0.0, 0.0, 1.0],
                [0.999998, 0.001883, 3e-06, -0.070516, -3e-06, 0.003424, -0.999994, -4.827496, -0.001883, 0.999992, 0.003424, 0.309729, 0.0, 0.0, 0.0, 1.0],
                [0.999998, 0.001749, 3e-06, -0.068868, -3e-06, 0.003494, -0.999994, -4.804095, -0.001749, 0.999992, 0.003494, 0.336236, 0.0, 0.0, 0.0, 1.0],
                [0.999999, 0.001624, 2e-06, -0.067222, -3e-06, 0.003555, -0.999994, -4.775511, -0.001624, 0.999992, 0.003555, 0.362744, 0.0, 0.0, 0.0, 1.0],
                [0.999999, 0.001508, 3e-06, -0.065575, -3e-06, 0.003605, -0.999993, -4.741905, -0.001508, 0.999992, 0.003605, 0.389251, 0.0, 0.0, 0.0, 1.0],
                [0.999999, 0.001397, 2e-06, -0.063928, -3e-06, 0.00365, -0.999993, -4.701435, -0.001397, 0.999992, 0.00365, 0.417834, 0.0, 0.0, 0.0, 1.0],
                [0.999999, 0.001294, 2e-06, -0.062283, -2e-06, 0.003688, -0.999993, -4.654942, -0.001294, 0.999992, 0.003688, 0.446418, 0.0, 0.0, 0.0, 1.0],
                [0.999999, 0.001197, 2e-06, -0.060636, -2e-06, 0.00372, -0.999993, -4.606587, -0.001197, 0.999992, 0.00372, 0.475001, 0.0, 0.0, 0.0, 1.0],
                [0.999999, 0.001107, 2e-06, -0.059825, -2e-06, 0.003749, -0.999993, -4.560532, -0.001107, 0.999992, 0.003749, 0.503585, 0.0, 0.0, 0.0, 1.0],
                [0.999999, 0.001017, 1e-06, -0.059017, -2e-06, 0.003773, -0.999993, -4.520943, -0.001017, 0.999992, 0.003773, 0.530092, 0.0, 0.0, 0.0, 1.0],
                [0.999999, 0.000934, 2e-06, -0.061161, -2e-06, 0.003796, -0.999993, -4.489606, -0.000934, 0.999992, 0.003796, 0.554171, 0.0, 0.0, 0.0, 1.0],
                [0.999999, 0.000809, 1e-06, -0.064381, -2e-06, 0.003824, -0.999992, -4.454376, -0.000809, 0.999992, 0.003824, 0.588889, 0.0, 0.0, 0.0, 1.0],
                [1.0, 0.000686, 1e-06, -0.06545, -1e-06, 0.003847, -0.999992, -4.427168, -0.000686, 0.999992, 0.003847, 0.618265, 0.0, 0.0, 0.0, 1.0],
                [1.0, 0.0006, 1e-06, -0.060941, -1e-06, 0.003863, -0.999992, -4.41538, -0.0006, 0.999992, 0.003863, 0.633208, 0.0, 0.0, 0.0, 1.0],
                [1.0, 0.000514, 1e-06, -0.053651, -1e-06, 0.003874, -0.999992, -4.410273, -0.000514, 0.999992, 0.003874, 0.643962, 0.0, 0.0, 0.0, 1.0],
                [1.0, 0.000467, 1e-06, -0.046435, -1e-06, 0.00388, -0.999992, -4.409491, -0.000467, 0.999992, 0.00388, 0.651145, 0.0, 0.0, 0.0, 1.0],
                [1.0, 0.000481, 1e-06, -0.041223, -1e-06, 0.003878, -0.999992, -4.410527, -0.000481, 0.999992, 0.003878, 0.656193, 0.0, 0.0, 0.0, 1.0],
                [1.0, 0.000496, 1e-06, -0.036013, -1e-06, 0.003877, -0.999992, -4.412363, -0.000496, 0.999992, 0.003877, 0.661241, 0.0, 0.0, 0.0, 1.0],
                [1.0, 0.000515, 1e-06, -0.030799, -1e-06, 0.003874, -0.999992, -4.414837, -0.000515, 0.999992, 0.003874, 0.664932, 0.0, 0.0, 0.0, 1.0],
                [1.0, 0.000534, 1e-06, -0.025585, -1e-06, 0.003872, -0.999992, -4.417791, -0.000534, 0.999992, 0.003872, 0.668624, 0.0, 0.0, 0.0, 1.0],
                [1.0, 0.000554, 1e-06, -0.020371, -1e-06, 0.003869, -0.999992, -4.421063, -0.000554, 0.999992, 0.003869, 0.672314, 0.0, 0.0, 0.0, 1.0],
                [1.0, 0.000574, 1e-06, -0.015158, -1e-06, 0.003866, -0.999992, -4.424496, -0.000574, 0.999992, 0.003866, 0.676005, 0.0, 0.0, 0.0, 1.0],
                [1.0, 0.000593, 1e-06, -0.009944, -1e-06, 0.003863, -0.999992, -4.427927, -0.000593, 0.999992, 0.003863, 0.679696, 0.0, 0.0, 0.0, 1.0],
                [1.0, 0.000613, 1e-06, -0.00473, -1e-06, 0.00386, -0.999992, -4.431202, -0.000613, 0.999992, 0.00386, 0.683387, 0.0, 0.0, 0.0, 1.0],
                [1.0, 0.000632, 1e-06, 0.000484, -1e-06, 0.003856, -0.999992, -4.434155, -0.000632, 0.999992, 0.003856, 0.687078, 0.0, 0.0, 0.0, 1.0]
            ]
        },
        {
            "name": "Thigh_R",
            "time": [0.0, 0.0333, 0.0667, 0.1, 0.1333, 0.1667, 0.2, 0.2333, 0.2667, 0.3, 0.3333, 0.3667, 0.4, 0.4333, 0.4667, 0.5, 0.5333, 0.5667, 0.6, 0.6333, 0.6667, 0.7, 0.7333, 0.7667, 0.8, 0.8333, 0.8667, 0.9, 0.9333, 0.9667, 1.0, 1.0333, 1.0667, 1.1, 1.1333, 1.1667, 1.2, 1.2333, 1.2667, 1.3, 1.3333, 1.3667, 1.4, 1.4333, 1.4667, 1.5, 1.5333, 1.5667, 1.6, 1.6333, 1.6667],
            "transform": [
                [0.282791, 0.929879, 0.235292, 0.099923, -0.119039, -0.209385, 0.970561, 0.000877, 0.95176, -0.302478, 0.051479, -0.026375, 0.0, 0.0, 0.0, 1.0],
                [0.206545, 0.961217, 0.182784, 0.099923, -0.260682, -0.125999, 0.957168, 0.000877, 0.943066, -0.245349, 0.224547, -0.026375, 0.0, 0.0, 0.0, 1.0],
                [0.092961, 0.892586, 0.441201, 0.099923, -0.510504, -0.337714, 0.790781, 0.000877, 0.854828, -0.29875, 0.424275, -0.026375, 0.0, 0.0, 0.0, 1.0],
                [-0.157386, 0.501723, 0.850593, 0.099923, -0.67603, -0.682607, 0.277545, 0.000877, 0.719862, -0.531351, 0.446613, -0.026375, 0.0, 0.0, 0.0, 1.0],
                [-0.366117, 0.74217, 0.561381, 0.099923, -0.632026, -0.641099, 0.435357, 0.000877, 0.683002, -0.195418, 0.703788, -0.026375, 0.0, 0.0, 0.0, 1.0],
                [-0.595696, 0.604046, 0.529411, 0.099923, -0.614218, -0.767305, 0.184338, 0.000877, 0.517562, -0.215367, 0.828098, -0.026375, 0.0, 0.0, 0.0, 1.0],
                [-0.864248, 0.349675, 0.361656, 0.099923, -0.432169, -0.884052, -0.178011, 0.000877, 0.257474, -0.310146, 0.91516, -0.026375, 0.0, 0.0, 0.0, 1.0],
                [-0.999572, -0.023663, 0.016793, 0.099923, 0.008334, -0.78851, -0.614973, 0.000877, 0.027793, -0.614578, 0.78837, -0.026375, 0.0, 0.0, 0.0, 1.0],
                [-0.987591, -0.109587, -0.112432, 0.099923, 0.152167, -0.491753, -0.857338, 0.000877, 0.038664, -0.863819, 0.502327, -0.026376, 0.0, 0.0, 0.0, 1.0],
                [-0.992853, -0.103815, -0.058761, 0.099923, 0.079976, -0.213814, -0.973596, 0.000877, 0.088509, -0.971349, 0.22059, -0.026375, 0.0, 0.0, 0.0, 1.0],
                [-0.989261, -0.138404, -0.046851, 0.099923, 0.032709, 0.102744, -0.994171, 0.000877, 0.142409, -0.985039, -0.097113, -0.026376, 0.0, 0.0, 0.0, 1.0],
                [-0.985427, -0.164832, -0.041842, 0.099923, -0.026726, 0.393093, -0.919112, 0.000877, 0.167944, -0.904611, -0.39177, -0.026375, 0.0, 0.0, 0.0, 1.0],
                [-0.985722, -0.166984, -0.021332, 0.099923, -0.090692, 0.633537, -0.768383, 0.000877, 0.14182, -0.755487, -0.639636, -0.026375, 0.0, 0.0, 0.0, 1.0],
                [-0.989075, -0.142113, 0.03901, 0.099923, -0.139133, 0.813259, -0.56503, 0.000877, 0.048572, -0.564292, -0.824148, -0.026376, 0.0, 0.0, 0.0, 1.0],
                [-0.969335, -0.059968, 0.23829, 0.099923, -0.162727, 0.883299, -0.439673, 0.000877, -0.184112, -0.464973, -0.865972, -0.026375, 0.0, 0.0, 0.0, 1.0],
                [-0.891244, 0.159698, 0.424468, 0.099923, -0.042912, 0.902061, -0.42948, 0.000877, -0.451478, -0.400991, -0.797104, -0.026375, 0.0, 0.0, 0.0, 1.0],
                [-0.83669, 0.347295, 0.423476, 0.099923, 0.202537, 0.914629, -0.349915, 0.000877, -0.508842, -0.207003, -0.835601, -0.026374, 0.0, 0.0, 0.0, 1.0],
                [-0.836543, 0.532224, 0.130108, 0.099923, 0.520306, 0.84611, -0.115687, 0.000877, -0.171656, -0.029082, -0.984728, -0.026375, 0.0, 0.0, 0.0, 1.0],
                [-0.746626, 0.662663, 0.058531, 0.099923, 0.611179, 0.648561, 0.453684, 0.000877, 0.262675, 0.374509, -0.889239, -0.026375, 0.0, 0.0, 0.0, 1.0],
                [-0.612902, 0.695735, 0.374574, 0.099923, 0.658733, 0.188111, 0.728479, 0.000877, 0.436362, 0.693237, -0.573598, -0.026374, 0.0, 0.0, 0.0, 1.0],
                [-0.417985, 0.851804, 0.315792, 0.099923, 0.771726, 0.149538, 0.61812, 0.000877, 0.479289, 0.502074, -0.719865, -0.026375, 0.0, 0.0, 0.0, 1.0],
                [-0.154917, 0.968828, 0.193339, 0.099923, 0.828115, 0.02063, 0.560175, 0.000877, 0.538719, 0.246889, -0.805498, -0.026376, 0.0, 0.0, 0.0, 1.0],
                [0.238724, 0.970239, 0.040708, 0.099923, 0.756945, -0.21218, 0.618068, 0.000877, 0.608304, -0.116735, -0.785071, -0.026375, 0.0, 0.0, 0.0, 1.0],
                [0.432135, 0.901406, 0.027072, 0.099923, 0.653582, -0.333735, 0.6793, 0.000877, 0.621354, -0.275858, -0.733362, -0.026374, 0.0, 0.0, 0.0, 1.0],
                [0.484724, 0.871037, 0.079643, 0.099923, 0.646259, -0.418021, 0.63844, 0.000877, 0.58939, -0.258, -0.765541, -0.026374, 0.0, 0.0, 0.0, 1.0],
                [0.527079, 0.840738, 0.123904, 0.099923, 0.641786, -0.489376, 0.590441, 0.000877, 0.557035, -0.231691, -0.797514, -0.026375, 0.0, 0.0, 0.0, 1.0],
                [0.567912, 0.808083, 0.156465, 0.099923, 0.638248, -0.552385, 0.536199, 0.000877, 0.519717, -0.204652, -0.829464, -0.026376, 0.0, 0.0, 0.0, 1.0],
                [0.617402, 0.768781, 0.166711, 0.099923, 0.62633, -0.608641, 0.4871, 0.000877, 0.475934, -0.196322, -0.857288, -0.026374, 0.0, 0.0, 0.0, 1.0],
                [0.672405, 0.722243, 0.161979, 0.099923, 0.604902, -0.66232, 0.442071, 0.000877, 0.426559, -0.199271, -0.882235, -0.026375, 0.0, 0.0, 0.0, 1.0],
                [0.726539, 0.667424, 0.163357, 0.099923, 0.573105, -0.719771, 0.391768, 0.000877, 0.37905, -0.191016, -0.905446, -0.026375, 0.0, 0.0, 0.0, 1.0],
                [0.768845, 0.613104, 0.181596, 0.099923, 0.546021, -0.777303, 0.312512, 0.000877, 0.332753, -0.14112, -0.932395, -0.026375, 0.0, 0.0, 0.0, 1.0],
                [0.812368, 0.563081, 0.151635, 0.099923, 0.499017, -0.805818, 0.318817, 0.000877, 0.301705, -0.18333, -0.935609, -0.026375, 0.0, 0.0, 0.0, 1.0],
                [0.848099, 0.51857, 0.108656, 0.099923, 0.451304, -0.814501, 0.36458, 0.000877, 0.277557, -0.260166, -0.924811, -0.026375, 0.0, 0.0, 0.0, 1.0],
                [0.868694, 0.486133, 0.095075, 0.099923, 0.417105, -0.821431, 0.388949, 0.000877, 0.267174, -0.298225, -0.916341, -0.026374, 0.0, 0.0, 0.0, 1.0],
                [0.87543, 0.468435, 0.119091, 0.099923, 0.39589, -0.836307, 0.3793, 0.000877, 0.27727, -0.284908, -0.917578, -0.026375, 0.0, 0.0, 0.0, 1.0],
                [0.876112, 0.458203, 0.149907, 0.099923, 0.380149, -0.847836, 0.369687, 0.000877, 0.296484, -0.266903, -0.916984, -0.026375, 0.0, 0.0, 0.0, 1.0],
                [0.872686, 0.450652, 0.187949, 0.099923, 0.365555, -0.858207, 0.360358, 0.000877, 0.32369, -0.245776, -0.913684, -0.026375, 0.0, 0.0, 0.0, 1.0],
                [0.866169, 0.436875, 0.242659, 0.099923, 0.344252, -0.873604, 0.343969, 0.000877, 0.362254, -0.214402, -0.907085, -0.026375, 0.0, 0.0, 0.0, 1.0],
                [0.864762, 0.412031, 0.287068, 0.099923, 0.319964, -0.892689, 0.317394, 0.000877, 0.387033, -0.182621, -0.9038, -0.026376, 0.0, 0.0, 0.0, 1.0],
                [0.872719, 0.383909, 0.301608, 0.099923, 0.308008, -0.912284, 0.269959, 0.000877, 0.378787, -0.142702, -0.914416, -0.026376, 0.0, 0.0, 0.0, 1.0],
                [0.887794, 0.348839, 0.300206, 0.099923, 0.298456, -0.932933, 0.201423, 0.000877, 0.350331, -0.089225, -0.932366, -0.026375, 0.0, 0.0, 0.0, 1.0],
                [0.897084, 0.325109, 0.299223, 0.099923, 0.290065, -0.944178, 0.156208, 0.000877, 0.3333, -0.053338, -0.941311, -0.026374, 0.0, 0.0, 0.0, 1.0],
                [0.893602, 0.316832, 0.317936, 0.099923, 0.28366, -0.947594, 0.147016, 0.000877, 0.347849, -0.041188, -0.936645, -0.026374, 0.0, 0.0, 0.0, 1.0],
                [0.890465, 0.308924, 0.334108, 0.099923, 0.27715, -0.950546, 0.140215, 0.000877, 0.360895, -0.032258, -0.932048, -0.026375, 0.0, 0.0, 0.0, 1.0],
                [0.886964, 0.302424, 0.349036, 0.099923, 0.270565, -0.952771, 0.137959, 0.000877, 0.374269, -0.027928, -0.926899, -0.026375, 0.0, 0.0, 0.0, 1.0],
                [0.883259, 0.295748, 0.363836, 0.099923, 0.263867, -0.954976, 0.135673, 0.000877, 0.387574, -0.02383, -0.92153, -0.026375, 0.0, 0.0, 0.0, 1.0],
                [0.879621, 0.290003, 0.377033, 0.099923, 0.257295, -0.956773, 0.135633, 0.000877, 0.400063, -0.022297, -0.916216, -0.026375, 0.0, 0.0, 0.0, 1.0],
                [0.875816, 0.284158, 0.390117, 0.099923, 0.250609, -0.958555, 0.135569, 0.000877, 0.412465, -0.020967, -0.910731, -0.026375, 0.0, 0.0, 0.0, 1.0],
                [0.871842, 0.278217, 0.403085, 0.099923, 0.243807, -0.96032, 0.13548, 0.000877, 0.424777, -0.019842, -0.90508, -0.026376, 0.0, 0.0, 0.0, 1.0],
                [0.867702, 0.272184, 0.415932, 0.099923, 0.236891, -0.962066, 0.135362, 0.000877, 0.436991, -0.018923, -0.899265, -0.026376, 0.0, 0.0, 0.0, 1.0],
                [0.863096, 0.264194, 0.430416, 0.099923, 0.22991, -0.964374, 0.130902, 0.000877, 0.449659, -0.014024, -0.893089, -0.026375, 0.0, 0.0, 0.0, 1.0]
            ]
        },
        {
            "name": "Leg_R",
            "time": [0.0, 0.0333, 0.0667, 0.1, 0.1333, 0.1667, 0.2, 0.2333, 0.2667, 0.3, 0.3333, 0.3667, 0.4, 0.4333, 0.4667, 0.5, 0.5333, 0.5667, 0.6, 0.6333, 0.6667, 0.7, 0.7333, 0.7667, 0.8, 0.8333, 0.8667, 0.9, 0.9333, 0.9667, 1.0, 1.0333, 1.0667, 1.1, 1.1333, 1.1667, 1.2, 1.2333, 1.2667, 1.3, 1.3333, 1.3667, 1.4, 1.4333, 1.4667, 1.5, 1.5333, 1.5667, 1.6, 1.6333, 1.6667],
            "transform": [
                [0.999994, 0.00194, 0.000225, 0.0, 0.000226, -0.229344, 0.973342, 0.37472, 0.00194, -0.973351, -0.229342, -0.0, 0.0, 0.0, 0.0, 1.0],
                [0.999994, 0.001939, 0.000231, 0.0, 0.00023, -0.234483, 0.972116, 0.37472, 0.00194, -0.972125, -0.23448, 0.0, 0.0, 0.0, 0.0, 1.0],
                [0.999993, 0.001943, -0.000197, 0.0, -0.000199, 0.201649, 0.979454, 0.37472, 0.001942, -0.979464, 0.201647, -0.0, 0.0, 0.0, 0.0, 1.0],
                [0.999992, 0.001558, -0.001179, 0.0, -0.001182, 0.962955, 0.269673, 0.37472, 0.001556, -0.269671, 0.962952, 0.0, 0.0, 0.0, 0.0, 1.0],
                [0.999993, 0.001846, -0.000637, -0.0, -0.000639, 0.617501, 0.786571, 0.37472, 0.001845, -0.786575, 0.617497, -0.0, 0.0, 0.0, 0.0, 1.0],
                [0.999993, 0.001802, -0.000754, 0.0, -0.000757, 0.713328, 0.700832, 0.37472, 0.001801, -0.700834, 0.713324, 0.0, 0.0, 0.0, 0.0, 1.0],
                [0.999993, 0.001772, -0.000822, -0.0, -0.000825, 0.764679, 0.644415, 0.37472, 0.001771, -0.644416, 0.764675, 0.0, 0.0, 0.0, 0.0, 1.0],
                [0.999992, 0.001739, -0.000889, 0.0, -0.000891, 0.811383, 0.584519, 0.37472, 0.001738, -0.58452, 0.811379, -0.0, 0.0, 0.0, 0.0, 1.0],
                [0.999993, 0.001731, -0.000905, 0.0, -0.000906, 0.821437, 0.570304, 0.37472, 0.001731, -0.570305, 0.821433, -0.0, 0.0, 0.0, 0.0, 1.0],
                [0.999993, 0.001729, -0.000909, 0.0, -0.00091, 0.823906, 0.566731, 0.37472, 0.001729, -0.566732, 0.823902, 0.0, 0.0, 0.0, 0.0, 1.0],
                [0.999992, 0.001731, -0.000905, 0.0, -0.000906, 0.821438, 0.570303, 0.37472, 0.001731, -0.570304, 0.821434, -0.0, 0.0, 0.0, 0.0, 1.0],
                [0.999992, 0.001742, -0.000883, -0.0, -0.000885, 0.807124, 0.590386, 0.37472, 0.001741, -0.590387, 0.80712, 0.0, 0.0, 0.0, 0.0, 1.0],
                [0.999993, 0.001766, -0.000834, -0.0, -0.000836, 0.773135, 0.634245, 0.37472, 0.001765, -0.634247, 0.773131, 0.0, 0.0, 0.0, 0.0, 1.0],
                [0.999993, 0.001804, -0.000749, 0.0, -0.00075, 0.708606, 0.705607, 0.37472, 0.001803, -0.70561, 0.708601, -0.0, 0.0, 0.0, 0.0, 1.0],
                [0.999993, 0.001891, -0.00049, 0.0, -0.000491, 0.485703, 0.874123, 0.37472, 0.001891, -0.87413, 0.485698, -0.0, 0.0, 0.0, 0.0, 1.0],
                [0.999994, 0.001958, -0.000101, 0.0, -0.000101, 0.102735, 0.994706, 0.37472, 0.001958, -0.994714, 0.102734, -0.0, 0.0, 0.0, 0.0, 1.0],
                [0.999994, 0.00195, 0.000126, -0.0, 0.000124, -0.12755, 0.991829, 0.37472, 0.00195, -0.991836, -0.127549, -0.0, 0.0, 0.0, 0.0, 1.0],
                [0.999993, 0.001915, 0.000386, 0.0, 0.000385, -0.386758, 0.92218, 0.37472, 0.001915, -0.922185, -0.386755, 0.0, 0.0, 0.0, 0.0, 1.0],
                [0.999995, 0.001945, 0.000185, -0.0, 0.000184, -0.187623, 0.982239, 0.37472, 0.001946, -0.982245, -0.187621, 0.0, 0.0, 0.0, 0.0, 1.0],
                [0.999994, 0.001899, -0.000461, 0.0, -0.000463, 0.459448, 0.888204, 0.37472, 0.001898, -0.888208, 0.459445, -0.0, 0.0, 0.0, 0.0, 1.0],
                [0.999995, 0.001951, -0.000117, 0.0, -0.000118, 0.120232, 0.992743, 0.374721, 0.001951, -0.992748, 0.120231, 0.0, 0.0, 0.0, 0.0, 1.0],
                [0.999996, 0.001942, 0.000219, 0.0, 0.00022, -0.223326, 0.974742, 0.37472, 0.001942, -0.974746, -0.223325, -0.0, 0.0, 0.0, 0.0, 1.0],
                [0.999995, 0.001895, 0.000461, 0.0, 0.000463, -0.460401, 0.88771, 0.37472, 0.001895, -0.887714, -0.460398, -0.0, 0.0, 0.0, 0.0, 1.0],
                [0.999994, 0.001886, 0.000506, -0.0, 0.000507, -0.501, 0.865447, 0.37472, 0.001886, -0.865451, -0.500996, -0.0, 0.0, 0.0, 0.0, 1.0],
                [0.999995, 0.001904, 0.000438, 0.0, 0.00044, -0.438415, 0.898771, 0.37472, 0.001903, -0.898776, -0.438412, 0.0, 0.0, 0.0, 0.0, 1.0],
                [0.999995, 0.001922, 0.000359, -0.0, 0.000361, -0.361692, 0.932296, 0.37472, 0.001922, -0.932302, -0.361688, -0.0, 0.0, 0.0, 0.0, 1.0],
                [0.999995, 0.001933, 0.000278, -0.0, 0.00028, -0.282431, 0.959284, 0.37472, 0.001933, -0.959291, -0.282429, -1e-06, 0.0, 0.0, 0.0, 1.0],
                [0.999995, 0.001941, 0.000215, 0.0, 0.000217, -0.219879, 0.975524, 0.37472, 0.001941, -0.975531, -0.219877, 1e-06, 0.0, 0.0, 0.0, 1.0],
                [0.999995, 0.001947, 0.00016, 0.0, 0.000161, -0.163671, 0.986511, 0.37472, 0.001947, -0.98652, -0.16367, -0.0, 0.0, 0.0, 0.0, 1.0],
                [0.999995, 0.001951, 8.8e-05, -0.0, 8.9e-05, -0.090662, 0.995877, 0.37472, 0.001951, -0.995887, -0.090661, -1e-06, 0.0, 0.0, 0.0, 1.0],
                [0.999995, 0.001953, -1.6e-05, 0.0, -1.6e-05, 0.016538, 0.999859, 0.37472, 0.001953, -0.999868, 0.016538, 0.0, 0.0, 0.0, 0.0, 1.0],
                [0.999995, 0.001953, -4.3e-05, -0.0, -4.2e-05, 0.043481, 0.99905, 0.37472, 0.001953, -0.999059, 0.04348, 1e-06, 0.0, 0.0, 0.0, 1.0],
                [0.999995, 0.001952, -6.4e-05, -0.0, -6.4e-05, 0.065333, 0.997859, 0.37472, 0.001952, -0.997869, 0.065332, 0.0, 0.0, 0.0, 0.0, 1.0],
                [0.999995, 0.001949, -0.000127, -0.0, -0.000128, 0.130285, 0.991473, 0.37472, 0.001949, -0.991481, 0.130284, 0.0, 0.0, 0.0, 0.0, 1.0],
                [0.999994, 0.001941, -0.000218, 0.0, -0.000219, 0.222467, 0.974936, 0.37472, 0.001941, -0.974945, 0.222465, 0.0, 0.0, 0.0, 0.0, 1.0],
                [0.999995, 0.001927, -0.000316, -0.0, -0.000317, 0.319999, 0.947415, 0.37472, 0.001927, -0.947422, 0.319996, 0.0, 0.0, 0.0, 0.0, 1.0],
                [0.999994, 0.001907, -0.000421, -0.0, -0.000422, 0.42145, 0.90685, 0.37472, 0.001907, -0.906856, 0.421446, -0.0, 0.0, 0.0, 0.0, 1.0],
                [0.999994, 0.001867, -0.000577, -0.0, -0.000578, 0.56507, 0.825043, 0.37472, 0.001866, -0.825047, 0.565066, -0.0, 0.0, 0.0, 0.0, 1.0],
                [0.999993, 0.001815, -0.000723, -0.0, -0.000724, 0.688218, 0.725507, 0.37472, 0.001814, -0.72551, 0.688212, 0.0, 0.0, 0.0, 0.0, 1.0],
                [0.999993, 0.001777, -0.000812, -0.0, -0.000813, 0.756554, 0.653934, 0.37472, 0.001776, -0.653936, 0.75655, 0.0, 0.0, 0.0, 0.0, 1.0],
                [0.999994, 0.001743, -0.000883, -0.0, -0.000883, 0.80651, 0.591224, 0.37472, 0.001742, -0.591225, 0.806506, 0.0, 0.0, 0.0, 0.0, 1.0],
                [0.999993, 0.001719, -0.000929, -0.0, -0.00093, 0.83678, 0.547542, 0.37472, 0.001718, -0.547543, 0.836777, -0.0, 0.0, 0.0, 0.0, 1.0],
                [0.999993, 0.001704, -0.000955, -0.0, -0.000956, 0.853313, 0.521403, 0.37472, 0.001703, -0.521403, 0.85331, 0.0, 0.0, 0.0, 0.0, 1.0],
                [0.999993, 0.001692, -0.000976, -0.0, -0.000977, 0.865761, 0.500463, 0.37472, 0.001692, -0.500463, 0.865757, -0.0, 0.0, 0.0, 0.0, 1.0],
                [0.999993, 0.001683, -0.000993, 0.0, -0.000994, 0.875597, 0.483048, 0.37472, 0.001682, -0.483047, 0.875594, 0.0, 0.0, 0.0, 0.0, 1.0],
                [0.999993, 0.001675, -0.001005, 0.0, -0.001006, 0.882729, 0.469888, 0.37472, 0.001674, -0.469888, 0.882726, -0.0, 0.0, 0.0, 0.0, 1.0],
                [0.999992, 0.001669, -0.001016, -0.0, -0.001017, 0.888558, 0.458772, 0.37472, 0.001668, -0.458772, 0.888554, 0.0, 0.0, 0.0, 0.0, 1.0],
                [0.999993, 0.001662, -0.001026, 0.0, -0.001027, 0.894245, 0.447585, 0.37472, 0.001662, -0.447585, 0.894242, 0.0, 0.0, 0.0, 0.0, 1.0],
                [0.999993, 0.001656, -0.001037, -0.0, -0.001038, 0.89979, 0.436327, 0.37472, 0.001655, -0.436326, 0.899788, -0.0, 0.0, 0.0, 0.0, 1.0],
                [0.999993, 0.001648, -0.001049, -0.0, -0.001051, 0.906481, 0.422253, 0.37472, 0.001647, -0.422253, 0.906478, -0.0, 0.0, 0.0, 0.0, 1.0],
                [0.999993, 0.001637, -0.001066, 0.0, -0.001068, 0.914945, 0.403585, 0.37472, 0.001636, -0.403585, 0.914942, 0.0, 0.0, 0.0, 0.0, 1.0]
            ]
        },
        {
            "name": "Knee_R",
            "time": [0.0, 1.6667],
            "transform": [
                [1.0, 0.0, -0.0, 0.0, -0.0, 1e-06, -1.0, 0.37472, -0.0, 1.0, 1e-06, -0.0, 0.0, 0.0, 0.0, 1.0],
                [1.0, 0.0, -0.0, 0.0, -0.0, 1e-06, -1.0, 0.37472, -0.0, 1.0, 1e-06, 0.0, 0.0, 0.0, 0.0, 1.0]
            ]
        },
        {
            "name": "Thigh_L",
            "time": [0.0, 0.0333, 0.0667, 0.1, 0.1333, 0.1667, 0.2, 0.2333, 0.2667, 0.3, 0.3333, 0.3667, 0.4, 0.4333, 0.4667, 0.5, 0.5333, 0.5667, 0.6, 0.6333, 0.6667, 0.7, 0.7333, 0.7667, 0.8, 0.8333, 0.8667, 0.9, 0.9333, 0.9667, 1.0, 1.0333, 1.0667, 1.1, 1.1333, 1.1667, 1.2, 1.2333, 1.2667, 1.3, 1.3333, 1.3667, 1.4, 1.4333, 1.4667, 1.5, 1.5333, 1.5667, 1.6, 1.6333, 1.6667],
            "transform": [
                [0.598109, 0.322651, 0.733589, -0.053503, -0.52511, -0.533713, 0.66288, 0.027326, 0.605381, -0.781719, -0.149791, -0.084101, 0.0, 0.0, 0.0, 1.0],
                [0.701444, 0.263806, 0.662092, -0.040051, -0.534351, -0.420058, 0.733496, 0.034939, 0.4716, -0.868329, -0.153682, -0.088641, 0.0, 0.0, 0.0, 1.0],
                [0.581028, 0.202111, 0.788383, -0.011218, -0.593897, -0.55704, 0.58051, 0.048093, 0.556467, -0.80554, -0.203623, -0.090788, 0.0, 0.0, 0.0, 1.0],
                [0.312401, -0.175237, 0.933646, 0.023336, -0.6601, -0.746832, 0.080712, 0.05662, 0.683107, -0.641539, -0.348985, -0.083247, 0.0, 0.0, 0.0, 1.0],
                [-0.471726, -0.191794, 0.860629, 0.055636, -0.544373, -0.704481, -0.45538, 0.057267, 0.693611, -0.683343, 0.227915, -0.065611, 0.0, 0.0, 0.0, 1.0],
                [-0.741457, 0.306606, 0.596839, 0.078404, -0.417129, -0.907365, -0.052109, 0.051351, 0.525555, -0.287606, 0.800667, -0.043533, 0.0, 0.0, 0.0, 1.0],
                [-0.881803, 0.261857, 0.39221, 0.09199, -0.308067, -0.949567, -0.0587, 0.040176, 0.357046, -0.172595, 0.918001, -0.024547, 0.0, 0.0, 0.0, 1.0],
                [-0.968309, 0.088721, 0.233393, 0.100977, -0.149671, -0.954451, -0.258175, 0.019559, 0.199849, -0.284935, 0.937482, -0.005746, 0.0, 0.0, 0.0, 1.0],
                [-0.983655, 0.054068, 0.171653, 0.102464, -0.146733, -0.793193, -0.591047, 0.011486, 0.104193, -0.606596, 0.788162, 0.006915, 0.0, 0.0, 0.0, 1.0],
                [-0.97312, 0.078118, 0.216567, 0.101899, -0.226271, -0.498055, -0.837108, 0.011868, 0.042468, -0.863641, 0.502344, 0.012422, 0.0, 0.0, 0.0, 1.0],
                [-0.974213, 0.033677, 0.223026, 0.102438, -0.225076, -0.081093, -0.97096, 0.003682, -0.014612, -0.996156, 0.086582, 0.013092, 0.0, 0.0, 0.0, 1.0],
                [-0.980137, 0.001279, 0.198227, 0.102749, -0.185786, 0.34278, -0.920863, -0.005642, -0.069123, -0.939434, -0.335734, 0.009449, 0.0, 0.0, 0.0, 1.0],
                [-0.985175, 0.016127, 0.170685, 0.102418, -0.114739, 0.67773, -0.726314, -0.01328, -0.127387, -0.735159, -0.665833, 0.00356, 0.0, 0.0, 0.0, 1.0],
                [-0.982166, 0.078691, 0.170656, 0.101781, -0.013014, 0.877466, -0.479491, -0.017762, -0.187469, -0.473178, -0.860793, -0.001928, 0.0, 0.0, 0.0, 1.0],
                [-0.96279, 0.219092, 0.158117, 0.10221, 0.128279, 0.885743, -0.446131, -0.015142, -0.237786, -0.409263, -0.880889, -0.001551, 0.0, 0.0, 0.0, 1.0],
                [-0.922885, 0.382661, 0.042763, 0.102357, 0.298111, 0.780444, -0.549596, -0.013779, -0.243674, -0.494483, -0.834336, 0.003418, 0.0, 0.0, 0.0, 1.0],
                [-0.875072, 0.482813, -0.033467, 0.101173, 0.448233, 0.782498, -0.432202, -0.020885, -0.182479, -0.393224, -0.901155, -0.002545, 0.0, 0.0, 0.0, 1.0],
                [-0.747611, 0.642661, 0.167511, 0.093761, 0.660318, 0.746249, 0.084243, -0.027567, -0.070863, 0.173598, -0.982264, -0.033582, 0.0, 0.0, 0.0, 1.0],
                [-0.341121, 0.720816, 0.603386, 0.071671, 0.919017, 0.120869, 0.375193, -0.019402, 0.197507, 0.682532, -0.703673, -0.071874, 0.0, 0.0, 0.0, 1.0],
                [0.164758, 0.499689, 0.850397, 0.046405, 0.89198, -0.443454, 0.087741, -0.004978, 0.420939, 0.744108, -0.518775, -0.092203, 0.0, 0.0, 0.0, 1.0],
                [0.08019, 0.613664, 0.785493, 0.02896, 0.70908, -0.588961, 0.387718, 0.001526, 0.700528, 0.525904, -0.482366, -0.099193, 0.0, 0.0, 0.0, 1.0],
                [-0.160905, 0.666804, 0.727665, 0.013248, 0.314922, -0.664056, 0.678134, 0.002102, 0.93536, 0.338285, -0.103142, -0.102473, 0.0, 0.0, 0.0, 1.0],
                [0.210303, 0.487567, 0.847383, -0.007155, -0.534527, -0.668399, 0.517232, 0.000715, 0.818544, -0.561746, 0.120051, -0.102919, 0.0, 0.0, 0.0, 1.0],
                [0.413858, 0.360174, 0.836059, -0.023786, -0.732615, -0.413359, 0.540736, 0.002455, 0.540332, -0.836328, 0.092797, -0.100548, 0.0, 0.0, 0.0, 1.0],
                [0.544666, 0.357872, 0.758459, -0.033687, -0.698588, -0.306752, 0.646424, 0.003478, 0.463979, -0.881967, 0.082927, -0.097648, 0.0, 0.0, 0.0, 1.0],
                [0.658213, 0.341273, 0.671027, -0.04292, -0.631401, -0.235124, 0.738943, 0.003661, 0.409941, -0.910102, 0.060718, -0.09395, 0.0, 0.0, 0.0, 1.0],
                [0.741567, 0.307232, 0.596381, -0.051299, -0.557601, -0.21199, 0.802578, 0.003013, 0.372991, -0.927742, 0.014108, -0.089675, 0.0, 0.0, 0.0, 1.0],
                [0.803726, 0.259281, 0.535515, -0.05877, -0.488033, -0.22752, 0.842646, 0.001925, 0.34031, -0.938639, -0.056327, -0.084999, 0.0, 0.0, 0.0, 1.0],
                [0.854759, 0.20994, 0.474645, -0.065322, -0.420798, -0.254964, 0.870585, 0.000412, 0.303778, -0.943904, -0.129591, -0.080096, 0.0, 0.0, 0.0, 1.0],
                [0.893592, 0.161414, 0.418821, -0.071033, -0.361489, -0.294289, 0.884714, -0.000773, 0.26605, -0.942006, -0.204626, -0.075077, 0.0, 0.0, 0.0, 1.0],
                [0.922424, 0.118763, 0.367421, -0.075921, -0.308068, -0.347307, 0.885705, -0.001557, 0.232789, -0.93022, -0.283778, -0.070117, 0.0, 0.0, 0.0, 1.0],
                [0.944114, 0.07836, 0.320117, -0.080149, -0.261684, -0.4122, 0.872707, -0.001665, 0.20033, -0.907738, -0.368659, -0.06524, 0.0, 0.0, 0.0, 1.0],
                [0.960751, 0.039641, 0.274502, -0.083748, -0.221308, -0.48696, 0.844926, -0.001652, 0.167159, -0.872546, -0.459075, -0.060552, 0.0, 0.0, 0.0, 1.0],
                [0.973102, 0.002084, 0.23029, -0.08688, -0.188924, -0.564618, 0.803445, -0.00147, 0.131696, -0.825372, -0.549038, -0.055972, 0.0, 0.0, 0.0, 1.0],
                [0.981297, -0.030774, 0.189928, -0.089518, -0.165422, -0.639054, 0.751172, -0.001002, 0.098254, -0.76857, -0.632193, -0.05166, 0.0, 0.0, 0.0, 1.0],
                [0.987138, -0.059034, 0.148452, -0.091939, -0.146655, -0.703377, 0.695536, -0.000528, 0.063355, -0.708387, -0.702988, -0.047223, 0.0, 0.0, 0.0, 1.0],
                [0.990847, -0.079924, 0.108621, -0.093988, -0.131273, -0.756033, 0.64125, 4.2e-05, 0.030868, -0.649664, -0.759605, -0.043008, 0.0, 0.0, 0.0, 1.0],
                [0.993547, -0.102285, 0.048645, -0.096635, -0.111814, -0.81742, 0.565108, 0.00098, -0.018038, -0.566921, -0.823582, -0.036588, 0.0, 0.0, 0.0, 1.0],
                [0.992315, -0.123246, -0.009149, -0.098834, -0.102743, -0.863904, 0.493095, 0.002062, -0.068673, -0.488384, -0.869927, -0.030183, 0.0, 0.0, 0.0, 1.0],
                [0.988892, -0.14075, -0.047393, -0.10009, -0.103982, -0.884062, 0.455687, 0.002583, -0.106033, -0.445714, -0.888877, -0.025665, 0.0, 0.0, 0.0, 1.0],
                [0.983399, -0.161072, -0.083339, -0.101142, -0.110116, -0.895496, 0.431268, 0.003103, -0.144089, -0.414947, -0.898367, -0.021074, 0.0, 0.0, 0.0, 1.0],
                [0.979457, -0.173255, -0.103016, -0.101646, -0.115963, -0.902405, 0.415028, 0.003338, -0.164861, -0.394571, -0.903957, -0.01845, 0.0, 0.0, 0.0, 1.0],
                [0.980582, -0.172587, -0.092945, -0.101535, -0.122009, -0.908517, 0.399675, 0.003095, -0.153415, -0.380588, -0.911933, -0.019093, 0.0, 0.0, 0.0, 1.0],
                [0.981644, -0.172823, -0.080447, -0.101418, -0.129137, -0.913343, 0.386211, 0.002857, -0.140217, -0.368747, -0.918896, -0.019737, 0.0, 0.0, 0.0, 1.0],
                [0.982837, -0.172278, -0.065703, -0.101248, -0.135972, -0.917937, 0.372738, 0.0026, -0.124521, -0.35742, -0.925608, -0.020627, 0.0, 0.0, 0.0, 1.0],
                [0.983996, -0.171527, -0.047879, -0.101069, -0.143134, -0.92178, 0.360369, 0.00235, -0.105943, -0.347762, -0.93158, -0.021516, 0.0, 0.0, 0.0, 1.0],
                [0.984766, -0.171179, -0.029929, -0.100881, -0.150275, -0.925413, 0.347939, 0.002107, -0.087253, -0.338154, -0.937039, -0.022406, 0.0, 0.0, 0.0, 1.0],
                [0.985141, -0.171232, -0.011874, -0.100684, -0.157389, -0.928833, 0.335453, 0.001871, -0.068466, -0.328612, -0.941982, -0.023297, 0.0, 0.0, 0.0, 1.0],
                [0.985089, -0.171846, 0.005792, -0.100478, -0.164594, -0.93278, 0.32072, 0.001642, -0.04971, -0.316903, -0.947156, -0.024187, 0.0, 0.0, 0.0, 1.0],
                [0.984638, -0.172912, 0.023538, -0.100263, -0.171751, -0.936456, 0.305912, 0.00142, -0.030852, -0.305266, -0.951769, -0.025075, 0.0, 0.0, 0.0, 1.0],
                [0.983828, -0.174416, 0.040319, -0.100039, -0.178593, -0.941013, 0.287454, 0.001205, -0.012195, -0.290017, -0.956945, -0.025963, 0.0, 0.0, 0.0, 1.0]
            ]
        },
        {
            "name": "Leg_L",
            "time": [0.0, 0.0333, 0.0667, 0.1, 0.1333, 0.1667, 0.2, 0.2333, 0.2667, 0.3, 0.3333, 0.3667, 0.4, 0.4333, 0.4667, 0.5, 0.5333, 0.5667, 0.6, 0.6333, 0.6667, 0.7, 0.7333, 0.7667, 0.8, 0.8333, 0.8667, 0.9, 0.9333, 0.9667, 1.0, 1.0333, 1.0667, 1.1, 1.1333, 1.1667, 1.2, 1.2333, 1.2667, 1.3, 1.3333, 1.3667, 1.4, 1.4333, 1.4667, 1.5, 1.5333, 1.5667, 1.6, 1.6333, 1.6667],
            "transform": [
                [0.999986, 0.001952, -2.2e-05, 0.0, -2.5e-05, 0.024273, 0.999695, 0.37472, 0.001952, -0.999726, 0.024272, 0.0, 0.0, 0.0, 0.0, 1.0],
                [0.999985, 0.001952, -4.7e-05, -0.0, -4.9e-05, 0.049206, 0.998779, 0.37472, 0.001952, -0.99881, 0.049204, -0.0, 0.0, 0.0, 0.0, 1.0],
                [0.999985, 0.001897, -0.000464, 0.0, -0.000467, 0.463041, 0.886337, 0.37472, 0.001896, -0.886357, 0.463029, 0.0, 0.0, 0.0, 0.0, 1.0],
                [0.999985, 0.001406, -0.001357, 0.0, -0.00136, 0.999454, 0.033159, 0.37472, 0.001403, -0.033157, 0.999458, 0.0, 0.0, 0.0, 0.0, 1.0],
                [0.999986, 0.001392, -0.001371, -0.0, -0.001374, 0.999917, 0.013128, 0.37472, 0.001389, -0.013126, 0.999922, 0.0, 0.0, 0.0, 0.0, 1.0],
                [0.999986, 0.001927, -0.00032, -0.0, -0.000322, 0.324025, 0.946043, 0.37472, 0.001927, -0.946068, 0.324016, -0.0, 0.0, 0.0, 0.0, 1.0],
                [0.999987, 0.001945, 0.000177, 0.0, 0.000175, -0.179681, 0.983717, 0.37472, 0.001945, -0.983744, -0.179676, -0.0, 0.0, 0.0, 0.0, 1.0],
                [0.999986, 0.001855, 0.000615, 0.0, 0.000615, -0.597407, 0.801942, 0.37472, 0.001855, -0.801956, -0.597395, -0.0, 0.0, 0.0, 0.0, 1.0],
                [0.999985, 0.001814, 0.000724, -0.0, 0.000723, -0.688223, 0.725507, 0.37472, 0.001814, -0.725517, -0.688213, 0.0, 0.0, 0.0, 0.0, 1.0],
                [0.999986, 0.00183, 0.00068, 0.0, 0.00068, -0.652906, 0.757446, 0.37472, 0.00183, -0.757457, -0.652895, 0.0, 0.0, 0.0, 0.0, 1.0],
                [0.999986, 0.001861, 0.000594, 0.0, 0.000593, -0.579126, 0.815242, 0.37472, 0.001861, -0.815256, -0.579115, -0.0, 0.0, 0.0, 0.0, 1.0],
                [0.999986, 0.001891, 0.00049, 0.0, 0.000489, -0.485007, 0.874511, 0.37472, 0.001891, -0.874529, -0.484995, -0.0, 0.0, 0.0, 0.0, 1.0],
                [0.999986, 0.001913, 0.000393, -0.0, 0.000392, -0.393632, 0.919265, 0.37472, 0.001913, -0.919288, -0.393621, 0.0, 0.0, 0.0, 0.0, 1.0],
                [0.999986, 0.001924, 0.000334, 0.0, 0.000333, -0.336818, 0.941565, 0.37472, 0.001924, -0.941589, -0.336809, 0.0, 0.0, 0.0, 0.0, 1.0],
                [0.999986, 0.001924, 0.000337, 0.0, 0.000336, -0.339204, 0.940708, 0.37472, 0.001924, -0.940733, -0.339194, 0.0, 0.0, 0.0, 0.0, 1.0],
                [0.999985, 0.001916, 0.000382, -0.0, 0.000381, -0.382977, 0.923755, 0.37472, 0.001916, -0.923778, -0.382967, -0.0, 0.0, 0.0, 0.0, 1.0],
                [0.999986, 0.001906, 0.000427, 0.0, 0.000425, -0.425906, 0.904766, 0.37472, 0.001906, -0.904787, -0.425896, 0.0, 0.0, 0.0, 0.0, 1.0],
                [0.999986, 0.001899, 0.000456, -0.0, 0.000454, -0.453205, 0.891405, 0.37472, 0.001899, -0.891425, -0.453195, -0.0, 0.0, 0.0, 0.0, 1.0],
                [0.999986, 0.001892, 0.000484, -0.0, 0.000484, -0.480086, 0.877221, 0.37472, 0.001892, -0.877239, -0.480075, 0.0, 0.0, 0.0, 0.0, 1.0],
                [0.999986, 0.001876, 0.00054, -0.0, 0.00054, -0.531582, 0.847009, 0.37472, 0.001876, -0.847025, -0.53157, 0.0, 0.0, 0.0, 0.0, 1.0],
                [0.999986, 0.001809, 0.000735, 0.0, 0.000736, -0.697965, 0.716141, 0.37472, 0.001809, -0.716149, -0.697955, 0.0, 0.0, 0.0, 0.0, 1.0],
                [0.999986, 0.001708, 0.000947, -0.0, 0.000948, -0.848413, 0.529349, 0.37472, 0.001708, -0.52935, -0.848407, 0.0, 0.0, 0.0, 0.0, 1.0],
                [0.999985, 0.001816, 0.000734, -0.0, 0.000732, -0.694192, 0.719798, 0.37472, 0.001816, -0.719808, -0.694182, 0.0, 0.0, 0.0, 0.0, 1.0],
                [0.999986, 0.001906, 0.000422, -0.0, 0.000421, -0.421456, 0.906847, 0.37472, 0.001906, -0.906868, -0.421445, -0.0, 0.0, 0.0, 0.0, 1.0],
                [0.999985, 0.001931, 0.000287, 0.0, 0.000284, -0.289043, 0.95731, 0.374721, 0.001932, -0.957336, -0.289035, -0.0, 0.0, 0.0, 0.0, 1.0],
                [0.999986, 0.001946, 0.000158, 0.0, 0.000156, -0.160097, 0.987093, 0.37472, 0.001946, -0.987121, -0.160092, 0.0, 0.0, 0.0, 0.0, 1.0],
                [0.999986, 0.001951, 7.2e-05, 0.0, 7e-05, -0.072876, 0.997332, 0.37472, 0.001951, -0.997362, -0.072874, -0.0, 0.0, 0.0, 0.0, 1.0],
                [0.999985, 0.001952, 4.4e-05, -0.0, 4.3e-05, -0.044438, 0.999003, 0.37472, 0.001952, -0.999034, -0.044436, 0.0, 0.0, 0.0, 0.0, 1.0],
                [0.999985, 0.001953, 2.4e-05, 0.0, 1.9e-05, -0.022186, 0.999745, 0.37472, 0.001953, -0.999775, -0.022185, -0.0, 0.0, 0.0, 0.0, 1.0],
                [0.999986, 0.001953, 1e-06, -0.0, -1e-06, 7.8e-05, 0.999991, 0.37472, 0.001953, -1.00002, 7.8e-05, -0.0, 0.0, 0.0, 0.0, 1.0],
                [0.999986, 0.001952, -2e-05, -0.0, -2.3e-05, 0.022343, 0.999741, 0.374721, 0.001952, -0.999771, 0.022342, -0.0, 0.0, 0.0, 0.0, 1.0],
                [0.999985, 0.001952, -4.7e-05, 0.0, -5e-05, 0.049205, 0.998779, 0.37472, 0.001952, -0.998811, 0.049204, -0.0, 0.0, 0.0, 0.0, 1.0],
                [0.999986, 0.001951, -8e-05, 0.0, -8.3e-05, 0.083194, 0.996524, 0.37472, 0.001951, -0.996555, 0.083191, -0.0, 0.0, 0.0, 0.0, 1.0],
                [0.999986, 0.001949, -0.000124, -0.0, -0.000127, 0.128463, 0.991705, 0.374721, 0.001949, -0.991735, 0.128459, -0.0, 0.0, 0.0, 0.0, 1.0],
