{
    "animation": [
        {
            "name": "Root",
            "time": [0.0, 0.0333, 0.0667, 0.1, 0.1333, 0.1667, 0.2, 0.2333, 0.2667, 0.3, 0.3333, 0.3667, 0.4, 0.4333, 0.4667, 0.5, 0.5333, 0.5667, 0.6, 0.6333, 0.6667, 0.7, 0.7333, 0.7667, 0.8, 0.8333, 0.8667, 0.9, 0.9333, 0.9667, 1.0, 1.0333, 1.0667, 1.1, 1.1333, 1.1667, 1.2, 1.2333, 1.2667, 1.3, 1.3333, 1.3667, 1.4, 1.4333, 1.4667, 1.5, 1.5333, 1.5667, 1.6, 1.6333, 1.6667],
            "transform": [
                [1.0, 0.000246, -0.0, 0.000128, -1e-06, 0.0039, -0.999992, -0.0022, -0.000246, 0.999992, 0.0039, 0.742977, 0.0, 0.0, 0.0, 1.0],
                [1.0, 0.000232, 0.0, 0.000121, -0.0, 0.003901, -0.999992, 0.225078, -0.000232, 0.999992, 0.003901, 0.838093, 0.0, 0.0, 0.0, 1.0],
                [1.0, 0.000266, 1e-06, 0.000137, -1e-06, 0.003899, -0.999992, 0.445369, -0.000266, 0.999992, 0.003899, 0.93321, 0.0, 0.0, 0.0, 1.0],
                [1.0, 0.00026, 1e-06, 0.000134, -0.0, 0.0039, -0.999992, 0.668569, -0.00026, 0.999992, 0.0039, 1.014958, 0.0, 0.0, 0.0, 1.0],
                [1.0, 0.00015, 0.0, 8.2e-05, -0.0, 0.003905, -0.999992, 0.904574, -0.00015, 0.999992, 0.003905, 1.06811, 0.0, 0.0, 0.0, 1.0],
                [0.999998, -1.5e-05, 0.001873, 7e-06, 0.001873, 0.003911, -0.99999, 1.149776, 7e-06, 0.999992, 0.003911, 1.084297, 0.0, 0.0, 0.0, 1.0],
                [0.999993, -0.000179, 0.003746, -6.9e-05, 0.003747, 0.003904, -0.999985, 1.40097, 0.000165, 0.999992, 0.003905, 1.072871, 0.0, 0.0, 0.0, 1.0],
                [0.999993, -0.000408, 0.00356, -0.000177, 0.003562, 0.003886, -0.999986, 1.668675, 0.000394, 0.999992, 0.003888, 1.044705, 0.0, 0.0, 0.0, 1.0],
                [0.999994, -0.000765, 0.003324, -0.000343, 0.003327, 0.003833, -0.999987, 1.963395, 0.000752, 0.999992, 0.003835, 1.01412, 0.0, 0.0, 0.0, 1.0],
                [0.999994, -0.001265, 0.003077, -0.000578, 0.003081, 0.003697, -0.999988, 2.325011, 0.001254, 0.999992, 0.003701, 0.982846, 0.0, 0.0, 0.0, 1.0],
                [0.999994, -0.001581, 0.002961, -0.000725, 0.002967, 0.003574, -0.999989, 2.728455, 0.00157, 0.999992, 0.003578, 0.892025, 0.0, 0.0, 0.0, 1.0],
                [0.999994, -0.001545, 0.002973, -0.000606, 0.002978, 0.00359, -0.999989, 3.086549, 0.001534, 0.999992, 0.003594, 0.570468, 0.0, 0.0, 0.0, 1.0],
                [0.999994, -0.001085, 0.003156, -0.000302, 0.00316, 0.003754, -0.999988, 3.324642, 0.001073, 0.999992, 0.003758, 0.349125, 0.0, 0.0, 0.0, 1.0],
                [0.999994, -0.000484, 0.003505, -7.9e-05, 0.003507, 0.003878, -0.999986, 3.496024, 0.00047, 0.999992, 0.003879, 0.151869, 0.0, 0.0, 0.0, 1.0],
                [1.0, 3.4e-05, -0.0, 1.6e-05, -0.0, 0.003908, -0.999992, 3.605445, -3.4e-05, 0.999992, 0.003908, -0.025303, 0.0, 0.0, 0.0, 1.0],
                [1.0, 0.000298, 1e-06, 3.6e-05, -1e-06, 0.003897, -0.999992, 3.654037, -0.000298, 0.999992, 0.003897, -0.07492, 0.0, 0.0, 0.0, 1.0],
                [1.0, 0.000497, 1e-06, 4.6e-05, -1e-06, 0.003876, -0.999992, 3.696701, -0.000497, 0.999992, 0.003876, -0.098676, 0.0, 0.0, 0.0, 1.0],
                [0.999999, 0.00066, 1e-06, 5.9e-05, -1e-06, 0.003852, -0.999992, 3.742654, -0.00066, 0.999992, 0.003852, -0.091712, 0.0, 0.0, 0.0, 1.0],
                [0.999999, 0.000764, 1e-06, 9.4e-05, -1e-06, 0.003833, -0.999992, 3.800545, -0.000764, 0.999992, 0.003833, -0.019502, 0.0, 0.0, 0.0, 1.0],
                [1.0, 0.000791, 1e-06, 0.000142, -2e-06, 0.003827, -0.999992, 3.858795, -0.000791, 0.999992, 0.003827, 0.09459, 0.0, 0.0, 0.0, 1.0],
                [0.999999, 0.000798, 1e-06, 0.000194, -2e-06, 0.003826, -0.999992, 3.908111, -0.000798, 0.999992, 0.003826, 0.223247, 0.0, 0.0, 0.0, 1.0],
                [0.999999, 0.000775, 1e-06, 0.000242, -2e-06, 0.00383, -0.999992, 3.954462, -0.000775, 0.999992, 0.00383, 0.358402, 0.0, 0.0, 0.0, 1.0],
                [0.999999, 0.000734, 1e-06, 0.000262, -2e-06, 0.003838, -0.999992, 3.999604, -0.000734, 0.999992, 0.003838, 0.447001, 0.0, 0.0, 0.0, 1.0],
                [1.0, 0.000686, 1e-06, 0.00026, -1e-06, 0.003848, -0.999992, 4.048137, -0.000686, 0.999992, 0.003848, 0.489874, 0.0, 0.0, 0.0, 1.0],
                [1.0, 0.000638, 1e-06, 0.000254, -1e-06, 0.003857, -0.999992, 4.101487, -0.000638, 0.999992, 0.003857, 0.524021, 0.0, 0.0, 0.0, 1.0],
                [1.0, 0.000589, 1e-06, 0.000244, -1e-06, 0.003864, -0.999992, 4.156662, -0.000589, 0.999992, 0.003864, 0.550763, 0.0, 0.0, 0.0, 1.0],
                [1.0, 0.000541, 1e-06, 0.00023, -1e-06, 0.003871, -0.999992, 4.210671, -0.000541, 0.999992, 0.003871, 0.571398, 0.0, 0.0, 0.0, 1.0],
                [1.0, 0.0005, 1e-06, 0.000218, -1e-06, 0.003876, -0.999992, 4.260518, -0.0005, 0.999992, 0.003876, 0.587211, 0.0, 0.0, 0.0, 1.0],
                [1.0, 0.00046, 1e-06, 0.000204, -1e-06, 0.003881, -0.999992, 4.303208, -0.00046, 0.999992, 0.003881, 0.599511, 0.0, 0.0, 0.0, 1.0],
                [1.0, 0.000431, 1e-06, 0.000194, -1e-06, 0.003884, -0.999992, 4.335751, -0.000431, 0.999992, 0.003884, 0.608829, 0.0, 0.0, 0.0, 1.0],
                [1.0, 0.000413, 1e-06, 0.000188, -1e-06, 0.003886, -0.999992, 4.355156, -0.000413, 0.999992, 0.003886, 0.618147, 0.0, 0.0, 0.0, 1.0],
                [1.0, 0.000407, 0.0, 0.000188, -1e-06, 0.003887, -0.999992, 4.365719, -0.000407, 0.999992, 0.003887, 0.627465, 0.0, 0.0, 0.0, 1.0],
                [1.0, 0.000406, 1e-06, 0.000189, -1e-06, 0.003887, -0.999992, 4.37387, -0.000406, 0.999992, 0.003887, 0.634809, 0.0, 0.0, 0.0, 1.0],
                [1.0, 0.000417, 1e-06, 0.000195, -1e-06, 0.003886, -0.999992, 4.379803, -0.000417, 0.999992, 0.003886, 0.642152, 0.0, 0.0, 0.0, 1.0],
                [1.0, 0.000427, 1e-06, 0.000201, -1e-06, 0.003885, -0.999992, 4.383714, -0.000427, 0.999992, 0.003885, 0.647972, 0.0, 0.0, 0.0, 1.0],
                [1.0, 0.000445, 0.0, 0.00021, -1e-06, 0.003883, -0.999992, 4.385798, -0.000445, 0.999992, 0.003883, 0.653791, 0.0, 0.0, 0.0, 1.0],
                [1.0, 0.000463, 1e-06, 0.000219, -1e-06, 0.003881, -0.999992, 4.386251, -0.000463, 0.999992, 0.003881, 0.657913, 0.0, 0.0, 0.0, 1.0],
                [1.0, 0.00048, 1e-06, 0.000228, -1e-06, 0.003879, -0.999992, 4.385271, -0.00048, 0.999992, 0.003879, 0.662034, 0.0, 0.0, 0.0, 1.0],
                [1.0, 0.000498, 1e-06, 0.000236, -1e-06, 0.003877, -0.999992, 4.383051, -0.000498, 0.999992, 0.003877, 0.666156, 0.0, 0.0, 0.0, 1.0],
                [1.0, 0.000516, 1e-06, 0.000246, -1e-06, 0.003874, -0.999992, 4.379788, -0.000516, 0.999992, 0.003874, 0.670277, 0.0, 0.0, 0.0, 1.0],
                [1.0, 0.000526, 1e-06, 0.000251, -1e-06, 0.003873, -0.999992, 4.375678, -0.000526, 0.999992, 0.003873, 0.673117, 0.0, 0.0, 0.0, 1.0],
                [1.0, 0.000537, 1e-06, 0.000257, -1e-06, 0.003871, -0.999992, 4.370915, -0.000537, 0.999992, 0.003871, 0.675956, 0.0, 0.0, 0.0, 1.0],
                [1.0, 0.000548, 1e-06, 0.000262, -1e-06, 0.00387, -0.999992, 4.365696, -0.000548, 0.999992, 0.00387, 0.678796, 0.0, 0.0, 0.0, 1.0],
                [0.999999, 0.000558, 1e-06, 0.000268, -1e-06, 0.003868, -0.999992, 4.360182, -0.000558, 0.999992, 0.003868, 0.681653, 0.0, 0.0, 0.0, 1.0],
                [1.0, 0.000569, 1e-06, 0.000273, -1e-06, 0.003867, -0.999992, 4.354671, -0.000569, 0.999992, 0.003867, 0.684475, 0.0, 0.0, 0.0, 1.0],
                [1.0, 0.000579, 1e-06, 0.000279, -1e-06, 0.003865, -0.999992, 4.349257, -0.000579, 0.999992, 0.003865, 0.687314, 0.0, 0.0, 0.0, 1.0],
                [1.0, 0.00059, 1e-06, 0.000285, -1e-06, 0.003863, -0.999992, 4.344167, -0.00059, 0.999992, 0.003863, 0.690153, 0.0, 0.0, 0.0, 1.0],
                [1.0, 0.0006, 1e-06, 0.000291, -1e-06, 0.003862, -0.999992, 4.339601, -0.0006, 0.999992, 0.003862, 0.692993, 0.0, 0.0, 0.0, 1.0],
                [1.0, 0.000611, 1e-06, 0.000296, -1e-06, 0.00386, -0.999992, 4.335749, -0.000611, 0.999992, 0.00386, 0.695832, 0.0, 0.0, 0.0, 1.0],
                [1.0, 0.000622, 1e-06, 0.000302, -1e-06, 0.003859, -0.999992, 4.332813, -0.000622, 0.999992, 0.003859, 0.69962, 0.0, 0.0, 0.0, 1.0],
                [1.0, 0.000632, 1e-06, 0.000308, -1e-06, 0.003856, -0.999992, 4.330985, -0.000632, 0.999992, 0.003856, 0.703408, 0.0, 0.0, 0.0, 1.0]
            ]
        },
        {
            "name": "Thigh_R",
            "time": [0.0, 0.0333, 0.0667, 0.1, 0.1333, 0.1667, 0.2, 0.2333, 0.2667, 0.3, 0.3333, 0.3667, 0.4, 0.4333, 0.4667, 0.5, 0.5333, 0.5667, 0.6, 0.6333, 0.6667, 0.7, 0.7333, 0.7667, 0.8, 0.8333, 0.8667, 0.9, 0.9333, 0.9667, 1.0, 1.0333, 1.0667, 1.1, 1.1333, 1.1667, 1.2, 1.2333, 1.2667, 1.3, 1.3333, 1.3667, 1.4, 1.4333, 1.4667, 1.5, 1.5333, 1.5667, 1.6, 1.6333, 1.6667],
            "transform": [
                [0.977988, 0.198164, 0.065275, 0.101252, 0.201642, -0.978091, -0.051864, 0.00396, 0.053566, 0.063886, -0.996519, -0.020334, 0.0, 0.0, 0.0, 1.0],
                [0.970342, 0.221695, 0.096332, 0.101252, 0.203229, -0.964017, 0.171402, 0.00396, 0.130864, -0.146742, -0.98048, -0.020334, 0.0, 0.0, 0.0, 1.0],
                [0.928613, 0.328903, 0.171737, 0.101252, 0.252902, -0.899755, 0.355653, 0.00396, 0.271494, -0.286834, -0.918704, -0.020334, 0.0, 0.0, 0.0, 1.0],
                [0.897476, 0.401337, 0.182924, 0.101252, 0.248852, -0.803193, 0.541256, 0.00396, 0.364147, -0.440246, -0.82072, -0.020334, 0.0, 0.0, 0.0, 1.0],
                [0.882315, 0.437374, 0.173842, 0.101252, 0.175705, -0.648755, 0.740438, 0.00396, 0.436626, -0.622758, -0.649255, -0.020334, 0.0, 0.0, 0.0, 1.0],
                [0.79646, 0.60324, 0.041856, 0.101252, 0.466171, -0.65663, 0.592894, 0.00396, 0.385139, -0.452706, -0.804193, -0.020334, 0.0, 0.0, 0.0, 1.0],
                [0.619388, 0.783659, -0.047315, 0.101252, 0.764571, -0.588428, 0.263025, 0.00396, 0.178279, -0.199092, -0.963629, -0.020334, 0.0, 0.0, 0.0, 1.0],
                [0.467523, 0.879634, -0.087579, 0.101252, 0.875095, -0.474561, -0.094845, 0.00396, -0.12499, -0.032298, -0.991632, -0.020334, 0.0, 0.0, 0.0, 1.0],
                [0.488112, 0.841756, -0.230646, 0.101252, 0.761945, -0.539864, -0.357748, 0.00396, -0.425651, -0.001118, -0.904887, -0.020334, 0.0, 0.0, 0.0, 1.0],
                [0.55283, 0.763151, -0.334637, 0.101252, 0.466653, -0.61624, -0.634417, 0.00396, -0.690367, 0.194567, -0.696803, -0.020335, 0.0, 0.0, 0.0, 1.0],
                [0.599026, 0.783351, -0.165924, 0.101252, 0.250365, -0.380061, -0.890434, 0.00396, -0.760579, 0.491854, -0.42379, -0.020334, 0.0, 0.0, 0.0, 1.0],
                [0.609792, 0.783349, 0.120501, 0.101252, 0.058625, 0.107042, -0.992525, 0.00396, -0.790386, 0.612302, 0.01935, -0.020334, 0.0, 0.0, 0.0, 1.0],
                [0.721218, 0.607544, 0.332767, 0.101252, -0.275184, 0.692147, -0.66724, 0.00396, -0.635696, 0.389657, 0.666376, -0.020334, 0.0, 0.0, 0.0, 1.0],
                [0.871526, 0.429323, 0.236894, 0.101252, -0.461918, 0.880937, 0.102902, 0.00396, -0.164509, -0.19911, 0.966071, -0.020334, 0.0, 0.0, 0.0, 1.0],
                [0.842058, 0.522914, 0.132263, 0.101252, -0.464211, 0.577733, 0.671368, 0.00396, 0.274652, -0.626737, 0.729227, -0.020334, 0.0, 0.0, 0.0, 1.0],
                [0.882866, 0.465857, 0.059329, 0.101252, -0.406553, 0.694964, 0.59308, 0.00396, 0.235056, -0.547736, 0.802955, -0.020335, 0.0, 0.0, 0.0, 1.0],
                [0.891441, 0.451904, -0.033341, 0.101252, -0.36704, 0.763276, 0.531691, 0.00396, 0.265719, -0.461738, 0.846283, -0.020334, 0.0, 0.0, 0.0, 1.0],
                [0.87675, 0.45994, -0.140566, 0.101252, -0.330281, 0.788274, 0.519176, 0.00396, 0.349591, -0.408765, 0.843029, -0.020334, 0.0, 0.0, 0.0, 1.0],
                [0.850298, 0.477665, -0.220969, 0.101252, -0.235068, 0.72034, 0.652577, 0.003959, 0.470882, -0.502946, 0.724787, -0.020335, 0.0, 0.0, 0.0, 1.0],
                [0.837491, 0.505197, -0.208281, 0.101252, -0.089948, 0.503409, 0.859355, 0.00396, 0.538989, -0.700974, 0.467042, -0.020334, 0.0, 0.0, 0.0, 1.0],
                [0.845729, 0.523089, -0.105436, 0.101252, 0.018522, 0.168695, 0.985495, 0.00396, 0.533284, -0.835421, 0.132981, -0.020334, 0.0, 0.0, 0.0, 1.0],
                [0.865981, 0.499483, 0.02428, 0.101251, 0.076909, -0.181005, 0.980471, 0.00396, 0.494119, -0.847209, -0.195162, -0.020334, 0.0, 0.0, 0.0, 1.0],
                [0.879409, 0.464673, 0.103514, 0.101252, 0.104438, -0.400452, 0.910347, 0.00396, 0.464462, -0.789762, -0.400691, -0.020335, 0.0, 0.0, 0.0, 1.0],
                [0.885252, 0.443801, 0.139154, 0.101252, 0.127904, -0.519952, 0.844567, 0.003959, 0.447168, -0.729864, -0.517052, -0.020334, 0.0, 0.0, 0.0, 1.0],
                [0.89079, 0.423127, 0.165683, 0.101251, 0.152541, -0.621907, 0.768093, 0.003959, 0.428036, -0.658942, -0.618533, -0.020335, 0.0, 0.0, 0.0, 1.0],
                [0.895212, 0.405801, 0.184161, 0.101252, 0.179634, -0.706805, 0.684225, 0.00396, 0.407821, -0.57945, -0.705636, -0.020335, 0.0, 0.0, 0.0, 1.0],
                [0.899518, 0.388657, 0.199517, 0.101252, 0.203714, -0.777157, 0.595428, 0.00396, 0.386469, -0.494958, -0.778241, -0.020334, 0.0, 0.0, 0.0, 1.0],
                [0.903276, 0.373031, 0.211972, 0.101252, 0.224817, -0.832312, 0.506677, 0.00396, 0.365428, -0.410019, -0.835672, -0.020334, 0.0, 0.0, 0.0, 1.0],
                [0.907098, 0.356895, 0.22314, 0.101252, 0.239528, -0.873631, 0.423561, 0.00396, 0.346105, -0.330766, -0.877955, -0.020335, 0.0, 0.0, 0.0, 1.0],
                [0.910838, 0.341483, 0.231853, 0.101252, 0.248403, -0.902126, 0.352808, 0.00396, 0.329635, -0.26376, -0.906516, -0.020334, 0.0, 0.0, 0.0, 1.0],
                [0.913359, 0.328992, 0.239859, 0.101251, 0.252127, -0.919613, 0.301251, 0.003959, 0.319683, -0.214677, -0.922885, -0.020333, 0.0, 0.0, 0.0, 1.0],
                [0.914045, 0.319596, 0.249745, 0.101252, 0.252854, -0.930443, 0.265233, 0.00396, 0.317138, -0.179287, -0.931278, -0.020335, 0.0, 0.0, 0.0, 1.0],
                [0.912765, 0.313022, 0.262431, 0.101252, 0.25402, -0.938112, 0.23543, 0.00396, 0.319881, -0.14823, -0.935791, -0.020334, 0.0, 0.0, 0.0, 1.0],
                [0.911902, 0.305562, 0.27397, 0.101252, 0.25377, -0.944484, 0.208711, 0.003959, 0.32253, -0.120799, -0.938819, -0.020333, 0.0, 0.0, 0.0, 1.0],
                [0.908994, 0.300976, 0.288335, 0.101251, 0.254407, -0.948621, 0.188157, 0.00396, 0.330148, -0.097679, -0.938861, -0.020333, 0.0, 0.0, 0.0, 1.0],
                [0.905913, 0.297322, 0.301518, 0.101252, 0.254671, -0.951429, 0.173013, 0.00396, 0.33831, -0.079948, -0.937632, -0.020334, 0.0, 0.0, 0.0, 1.0],
                [0.901645, 0.293995, 0.317169, 0.101252, 0.254824, -0.953728, 0.159616, 0.00396, 0.349415, -0.063095, -0.934841, -0.020335, 0.0, 0.0, 0.0, 1.0],
                [0.897353, 0.292788, 0.330189, 0.101252, 0.255614, -0.954772, 0.151925, 0.00396, 0.359733, -0.05193, -0.931608, -0.020335, 0.0, 0.0, 0.0, 1.0],
                [0.893925, 0.288597, 0.342931, 0.101251, 0.253091, -0.956491, 0.145192, 0.00396, 0.369908, -0.042999, -0.928073, -0.020333, 0.0, 0.0, 0.0, 1.0],
                [0.890171, 0.28698, 0.353881, 0.101251, 0.251913, -0.957197, 0.142553, 0.00396, 0.37964, -0.037749, -0.924363, -0.020333, 0.0, 0.0, 0.0, 1.0],
                [0.8878, 0.284208, 0.361979, 0.101252, 0.249124, -0.958121, 0.141246, 0.00396, 0.386959, -0.035221, -0.921423, -0.020333, 0.0, 0.0, 0.0, 1.0],
                [0.884971, 0.284531, 0.368592, 0.101252, 0.248856, -0.958069, 0.142068, 0.00396, 0.393555, -0.033999, -0.918672, -0.020334, 0.0, 0.0, 0.0, 1.0],
                [0.882849, 0.282728, 0.375013, 0.101252, 0.245561, -0.958548, 0.144553, 0.00396, 0.400332, -0.03553, -0.91568, -0.020334, 0.0, 0.0, 0.0, 1.0],
                [0.880259, 0.282703, 0.381072, 0.101251, 0.244271, -0.958532, 0.14683, 0.00396, 0.406773, -0.036164, -0.912812, -0.020333, 0.0, 0.0, 0.0, 1.0],
                [0.878023, 0.281546, 0.387039, 0.101252, 0.24098, -0.958757, 0.150742, 0.00396, 0.413512, -0.039086, -0.909659, -0.020334, 0.0, 0.0, 0.0, 1.0],
                [0.875643, 0.280783, 0.39294, 0.101252, 0.23883, -0.958937, 0.152999, 0.00396, 0.41976, -0.040127, -0.906747, -0.020334, 0.0, 0.0, 0.0, 1.0],
                [0.873236, 0.27998, 0.398825, 0.101252, 0.23662, -0.959128, 0.155222, 0.00396, 0.425978, -0.041175, -0.903795, -0.020334, 0.0, 0.0, 0.0, 1.0],
                [0.870703, 0.2779, 0.405761, 0.101252, 0.235172, -0.95988, 0.152753, 0.00396, 0.431927, -0.037579, -0.901125, -0.020334, 0.0, 0.0, 0.0, 1.0],
                [0.868149, 0.275718, 0.412661, 0.101252, 0.233671, -0.960643, 0.150245, 0.00396, 0.43784, -0.034008, -0.898409, -0.020333, 0.0, 0.0, 0.0, 1.0],
                [0.865455, 0.271291, 0.421167, 0.101252, 0.231835, -0.96214, 0.143345, 0.00396, 0.444104, -0.026418, -0.895585, -0.020334, 0.0, 0.0, 0.0, 1.0],
                [0.863097, 0.264195, 0.430415, 0.101252, 0.22991, -0.964373, 0.130904, 0.00396, 0.44966, -0.014026, -0.893089, -0.020334, 0.0, 0.0, 0.0, 1.0]
            ]
        },
        {
            "name": "Leg_R",
            "time": [0.0, 0.0333, 0.0667, 0.1, 0.1333, 0.1667, 0.2, 0.2333, 0.2667, 0.3, 0.3333, 0.3667, 0.4, 0.4333, 0.4667, 0.5, 0.5333, 0.5667, 0.6, 0.6333, 0.6667, 0.7, 0.7333, 0.7667, 0.8, 0.8333, 0.8667, 0.9, 0.9333, 0.9667, 1.0, 1.0333, 1.0667, 1.1, 1.1333, 1.1667, 1.2, 1.2333, 1.2667, 1.3, 1.3333, 1.3667, 1.4, 1.4333, 1.4667, 1.5, 1.5333, 1.5667, 1.6, 1.6333, 1.6667],
            "transform": [
                [0.999994, -0.001682, 0.000996, -0.0, 0.000995, 0.876629, 0.481172, 0.37472, -0.001683, -0.481171, 0.876626, -0.0, 0.0, 0.0, 0.0, 1.0],
                [0.999994, -0.001913, 0.000408, 0.0, 0.000407, 0.407248, 0.913316, 0.37472, -0.001913, -0.913322, 0.407244, 0.0, 0.0, 0.0, 0.0, 1.0],
                [0.999994, -0.001954, -9.6e-05, 0.0, -9.8e-05, -0.099026, 0.99508, 0.37472, -0.001954, -0.995091, -0.099025, 0.0, 0.0, 0.0, 0.0, 1.0],
                [0.999995, -0.001929, -0.000317, 0.0, -0.000319, -0.320804, 0.947143, 0.37472, -0.001929, -0.94715, -0.320801, -0.0, 0.0, 0.0, 0.0, 1.0],
                [0.999995, -0.0019, -0.000472, 0.0, -0.000473, -0.468747, 0.883332, 0.37472, -0.001899, -0.883335, -0.468745, 0.0, 0.0, 0.0, 0.0, 1.0],
                [0.999995, -0.001876, -0.000558, 0.0, -0.000559, -0.546829, 0.837244, 0.37472, -0.001875, -0.837248, -0.546826, 0.0, 0.0, 0.0, 0.0, 1.0],
                [0.999995, -0.001858, -0.000612, 0.0, -0.000613, -0.594817, 0.803862, 0.37472, -0.001857, -0.803866, -0.594812, 0.0, 0.0, 0.0, 0.0, 1.0],
                [0.999994, -0.001836, -0.000673, -0.0, -0.000672, -0.645957, 0.763375, 0.37472, -0.001836, -0.763379, -0.645952, 0.0, 0.0, 0.0, 0.0, 1.0],
                [0.999994, -0.001796, -0.000775, 0.0, -0.000773, -0.726771, 0.686882, 0.37472, -0.001796, -0.686885, -0.726767, -0.0, 0.0, 0.0, 0.0, 1.0],
                [0.999993, -0.001761, -0.000851, -0.0, -0.000849, -0.782805, 0.622272, 0.37472, -0.001762, -0.622274, -0.7828, -0.0, 0.0, 0.0, 0.0, 1.0],
                [0.999995, -0.001757, -0.000859, -0.0, -0.000859, -0.78913, 0.614229, 0.37472, -0.001757, -0.614229, -0.789127, -0.0, 0.0, 0.0, 0.0, 1.0],
                [0.999995, -0.001792, -0.000787, -0.0, -0.000786, -0.735886, 0.677108, 0.37472, -0.001792, -0.677111, -0.735881, 0.0, 0.0, 0.0, 0.0, 1.0],
                [0.999995, -0.001874, -0.00056, 0.0, -0.000561, -0.549457, 0.835521, 0.37472, -0.001873, -0.835528, -0.549451, 0.0, 0.0, 0.0, 0.0, 1.0],
                [0.999995, -0.001936, -0.000277, 0.0, -0.000276, -0.279944, 0.960012, 0.37472, -0.001936, -0.960022, -0.279941, -0.0, 0.0, 0.0, 0.0, 1.0],
                [0.999995, -0.001952, -0.000115, 0.0, -0.000113, -0.116564, 0.993179, 0.37472, -0.001952, -0.993189, -0.116562, 0.0, 0.0, 0.0, 0.0, 1.0],
                [0.999995, -0.001948, -0.00017, 0.0, -0.000169, -0.172583, 0.984991, 0.37472, -0.001948, -0.985001, -0.172581, 0.0, 0.0, 0.0, 0.0, 1.0],
                [0.999995, -0.001936, -0.000277, -0.0, -0.000278, -0.280776, 0.95977, 0.37472, -0.001936, -0.959779, -0.280773, 0.0, 0.0, 0.0, 0.0, 1.0],
                [0.999994, -0.001913, -0.000409, 0.0, -0.000409, -0.408747, 0.912646, 0.37472, -0.001913, -0.912653, -0.408743, 0.0, 0.0, 0.0, 0.0, 1.0],
                [0.999995, -0.001883, -0.000527, 0.0, -0.000526, -0.518786, 0.854903, 0.37472, -0.001883, -0.854909, -0.518781, 0.0, 0.0, 0.0, 0.0, 1.0],
                [0.999994, -0.001879, -0.000542, 0.0, -0.000542, -0.532928, 0.846161, 0.37472, -0.001879, -0.846167, -0.532922, 0.0, 0.0, 0.0, 0.0, 1.0],
                [0.999995, -0.00191, -0.000419, 0.0, -0.000419, -0.418473, 0.908227, 0.37472, -0.00191, -0.908235, -0.418469, 0.0, 0.0, 0.0, 0.0, 1.0],
                [0.999995, -0.001948, -0.000176, -0.0, -0.000177, -0.179677, 0.983722, 0.37472, -0.001948, -0.983732, -0.179675, 0.0, 0.0, 0.0, 0.0, 1.0],
                [0.999996, -0.001955, 2.4e-05, -0.0, 2.2e-05, 0.02331, 0.999725, 0.37472, -0.001955, -0.999732, 0.023309, -0.0, 0.0, 0.0, 0.0, 1.0],
                [0.999994, -0.001952, 0.000111, 0.0, 0.000111, 0.113807, 0.993499, 0.37472, -0.001952, -0.993509, 0.113806, -0.0, 0.0, 0.0, 0.0, 1.0],
                [0.999994, -0.001945, 0.000189, -0.0, 0.000188, 0.192022, 0.981387, 0.37472, -0.001946, -0.981396, 0.19202, 0.0, 0.0, 0.0, 0.0, 1.0],
                [0.999995, -0.001939, 0.000259, 0.0, 0.000259, 0.262311, 0.964981, 0.37472, -0.001939, -0.964988, 0.262309, -0.0, 0.0, 0.0, 0.0, 1.0],
                [0.999995, -0.001928, 0.000328, 0.0, 0.000329, 0.331234, 0.943547, 0.37472, -0.001928, -0.943554, 0.331231, 0.0, 0.0, 0.0, 0.0, 1.0],
                [0.999994, -0.001916, 0.000398, -0.0, 0.0004, 0.399275, 0.916829, 0.37472, -0.001915, -0.916836, 0.399271, -0.0, 0.0, 0.0, 0.0, 1.0],
                [0.999994, -0.001898, 0.000468, -0.0, 0.000469, 0.465181, 0.885214, 0.37472, -0.001898, -0.88522, 0.465177, -0.0, 0.0, 0.0, 0.0, 1.0],
                [0.999994, -0.001881, 0.000534, 0.0, 0.000534, 0.525538, 0.85077, 0.37472, -0.001881, -0.850775, 0.525534, -1e-06, 0.0, 0.0, 0.0, 1.0],
                [0.999995, -0.001863, 0.000592, 0.0, 0.000592, 0.577216, 0.816592, 0.37472, -0.001863, -0.816595, 0.577213, -0.0, 0.0, 0.0, 0.0, 1.0],
                [0.999995, -0.001847, 0.000643, 0.0, 0.000642, 0.620539, 0.784176, 0.37472, -0.001847, -0.784179, 0.620535, 0.0, 0.0, 0.0, 0.0, 1.0],
                [0.999995, -0.001828, 0.000692, 0.0, 0.000692, 0.662047, 0.749464, 0.37472, -0.001828, -0.749466, 0.662043, -0.0, 0.0, 0.0, 0.0, 1.0],
                [0.999994, -0.001811, 0.000736, -0.0, 0.000737, 0.697959, 0.71614, 0.37472, -0.001811, -0.716142, 0.697955, -0.0, 0.0, 0.0, 0.0, 1.0],
                [0.999995, -0.001794, 0.000776, -0.0, 0.000776, 0.728808, 0.68472, 0.37472, -0.001794, -0.684722, 0.728804, 0.0, 0.0, 0.0, 0.0, 1.0],
                [0.999995, -0.001778, 0.000812, 0.0, 0.000812, 0.755588, 0.65505, 0.37472, -0.001779, -0.655051, 0.755584, 1e-06, 0.0, 0.0, 0.0, 1.0],
                [0.999994, -0.001764, 0.000844, -0.0, 0.000843, 0.778223, 0.627991, 0.37472, -0.001764, -0.627991, 0.77822, -0.0, 0.0, 0.0, 0.0, 1.0],
                [0.999994, -0.001751, 0.00087, -0.0, 0.00087, 0.797128, 0.603813, 0.37472, -0.001751, -0.603814, 0.797125, 0.0, 0.0, 0.0, 0.0, 1.0],
                [0.999994, -0.001739, 0.000894, -0.0, 0.000893, 0.813084, 0.582151, 0.37472, -0.001739, -0.582151, 0.813081, 0.0, 0.0, 0.0, 0.0, 1.0],
                [0.999995, -0.001729, 0.000913, 0.0, 0.000912, 0.82554, 0.564347, 0.37472, -0.00173, -0.564346, 0.825537, 0.0, 0.0, 0.0, 0.0, 1.0],
                [0.999995, -0.001722, 0.000927, 0.0, 0.000926, 0.834592, 0.550873, 0.37472, -0.001722, -0.550873, 0.834589, 0.0, 0.0, 0.0, 0.0, 1.0],
                [0.999995, -0.001714, 0.000941, -0.0, 0.00094, 0.843422, 0.537254, 0.37472, -0.001714, -0.537254, 0.84342, 0.0, 0.0, 0.0, 0.0, 1.0],
                [0.999994, -0.001709, 0.000951, -0.0, 0.00095, 0.849452, 0.52767, 0.37472, -0.001709, -0.52767, 0.849449, 0.0, 0.0, 0.0, 0.0, 1.0],
                [0.999994, -0.001703, 0.00096, 0.0, 0.00096, 0.85541, 0.517956, 0.37472, -0.001704, -0.517956, 0.855407, -1e-06, 0.0, 0.0, 0.0, 1.0],
                [0.999994, -0.001698, 0.00097, 0.0, 0.000969, 0.861186, 0.508295, 0.37472, -0.001698, -0.508295, 0.861183, -0.0, 0.0, 0.0, 0.0, 1.0],
                [0.999994, -0.001692, 0.000979, -0.0, 0.000979, 0.866886, 0.49851, 0.37472, -0.001692, -0.49851, 0.866884, -1e-06, 0.0, 0.0, 0.0, 1.0],
                [0.999994, -0.001686, 0.000989, 0.0, 0.000988, 0.872477, 0.488661, 0.37472, -0.001687, -0.48866, 0.872474, -0.0, 0.0, 0.0, 0.0, 1.0],
                [0.999994, -0.001679, 0.001003, 0.0, 0.001001, 0.880036, 0.474911, 0.37472, -0.00168, -0.47491, 0.880034, 0.0, 0.0, 0.0, 0.0, 1.0],
                [0.999993, -0.001668, 0.001019, -0.0, 0.001018, 0.88965, 0.456649, 0.37472, -0.001669, -0.456648, 0.889648, -0.0, 0.0, 0.0, 0.0, 1.0],
                [0.999994, -0.001654, 0.001041, 0.0, 0.00104, 0.901332, 0.433133, 0.37472, -0.001655, -0.433133, 0.90133, -0.0, 0.0, 0.0, 0.0, 1.0],
                [0.999994, -0.001636, 0.001071, -0.0, 0.001069, 0.91608, 0.401, 0.37472, -0.001637, -0.400999, 0.916078, 0.0, 0.0, 0.0, 0.0, 1.0]
            ]
        },
        {
            "name": "Knee_R",
            "time": [0.0, 1.6667],
            "transform": [
                [1.0, 0.0, -0.0, -0.0, -0.0, 1e-06, -1.0, 0.37472, -0.0, 1.0, 1e-06, -0.0, 0.0, 0.0, 0.0, 1.0],
                [1.0, 0.0, -0.0, -0.0, -0.0, 1e-06, -1.0, 0.37472, -0.0, 1.0, 1e-06, 0.0, 0.0, 0.0, 0.0, 1.0]
            ]
        },
        {
            "name": "Thigh_L",
            "time": [0.0, 0.0333, 0.0667, 0.1, 0.1333, 0.1667, 0.2, 0.2333, 0.2667, 0.3, 0.3333, 0.3667, 0.4, 0.4333, 0.4667, 0.5, 0.5333, 0.5667, 0.6, 0.6333, 0.6667, 0.7, 0.7333, 0.7667, 0.8, 0.8333, 0.8667, 0.9, 0.9333, 0.9667, 1.0, 1.0333, 1.0667, 1.1, 1.1333, 1.1667, 1.2, 1.2333, 1.2667, 1.3, 1.3333, 1.3667, 1.4, 1.4333, 1.4667, 1.5, 1.5333, 1.5667, 1.6, 1.6333, 1.6667],
            "transform": [
                [0.98347, -0.08155, 0.161535, -0.102429, -0.104466, -0.984803, 0.138898, 0.000411, 0.147747, -0.153483, -0.977043, -0.013845, 0.0, 0.0, 0.0, 1.0],
                [0.988432, -0.062315, 0.138132, -0.101829, -0.062309, -0.998068, -0.004356, -0.011112, 0.138131, -0.004301, -0.990404, -0.013819, 0.0, 0.0, 0.0, 1.0],
                [0.990539, -0.040207, 0.131087, -0.098768, -0.03515, -0.998571, -0.040652, -0.025912, 0.13253, 0.035662, -0.990537, -0.016028, 0.0, 0.0, 0.0, 1.0],
                [0.98908, -0.023457, 0.145418, -0.093428, 2.7e-05, -0.987222, -0.159423, -0.0413, 0.147296, 0.15769, -0.976441, -0.015776, 0.0, 0.0, 0.0, 1.0],
                [0.979735, -0.001193, 0.200254, -0.088166, 0.061045, -0.950619, -0.304326, -0.052901, 0.190724, 0.310389, -0.931281, -0.010556, 0.0, 0.0, 0.0, 1.0],
                [0.950552, 0.04691, 0.306981, -0.084655, 0.172947, -0.901011, -0.397846, -0.059186, 0.257926, 0.431272, -0.86457, -0.003686, 0.0, 0.0, 0.0, 1.0],
                [0.892331, 0.119302, 0.435316, -0.081995, 0.336931, -0.817818, -0.466541, -0.062865, 0.300345, 0.56299, -0.76996, 0.002786, 0.0, 0.0, 0.0, 1.0],
                [0.806984, 0.175845, 0.563777, -0.07992, 0.518022, -0.669174, -0.532787, -0.064478, 0.283572, 0.722013, -0.631104, 0.011762, 0.0, 0.0, 0.0, 1.0],
                [0.702468, 0.193152, 0.684999, -0.07788, 0.679073, -0.469999, -0.563876, -0.06234, 0.213031, 0.861285, -0.461323, 0.027044, 0.0, 0.0, 0.0, 1.0],
                [0.625046, -0.035121, 0.779797, -0.074637, 0.769478, -0.140213, -0.623091, -0.048444, 0.131221, 0.989499, -0.060614, 0.052587, 0.0, 0.0, 0.0, 1.0],
                [0.677152, -0.022617, 0.735505, -0.070766, 0.735228, -0.020784, -0.677514, -0.016763, 0.030611, 0.999513, 0.002555, 0.073443, 0.0, 0.0, 0.0, 1.0],
                [0.783405, -0.013431, 0.62138, -0.071337, 0.593095, 0.315112, -0.740912, 0.016879, -0.185859, 0.948945, 0.254826, 0.072862, 0.0, 0.0, 0.0, 1.0],
                [0.879803, -0.007955, 0.475288, -0.083523, 0.398428, 0.557681, -0.728178, 0.030604, -0.259272, 0.830006, 0.493819, 0.052634, 0.0, 0.0, 0.0, 1.0],
                [0.937196, -0.018508, 0.348328, -0.095008, 0.237283, 0.765778, -0.597726, 0.031505, -0.255682, 0.642831, 0.722075, 0.025773, 0.0, 0.0, 0.0, 1.0],
                [0.955832, 0.087186, 0.280698, -0.0949, 0.172336, 0.607385, -0.775487, 0.040901, -0.238106, 0.789603, 0.565533, 0.002131, 0.0, 0.0, 0.0, 1.0],
                [0.939572, 0.121081, 0.320238, -0.094181, 0.148586, 0.698476, -0.700035, 0.04139, -0.308442, 0.70531, 0.638277, -0.010004, 0.0, 0.0, 0.0, 1.0],
                [0.921319, 0.118387, 0.370362, -0.09357, 0.121706, 0.816846, -0.563863, 0.039392, -0.369288, 0.564565, 0.738167, -0.019398, 0.0, 0.0, 0.0, 1.0],
                [0.899201, 0.114022, 0.422433, -0.093321, 0.048486, 0.933531, -0.355186, 0.034808, -0.43486, 0.33986, 0.833903, -0.027622, 0.0, 0.0, 0.0, 1.0],
                [0.929006, -0.021214, 0.369482, -0.094298, -0.147302, 0.894667, 0.42173, 0.025794, -0.339517, -0.446206, 0.828026, -0.033554, 0.0, 0.0, 0.0, 1.0],
                [0.957017, -0.098487, 0.272799, -0.095589, -0.219272, 0.369957, 0.902802, 0.016198, -0.189838, -0.923814, 0.332459, -0.035828, 0.0, 0.0, 0.0, 1.0],
                [0.95265, -0.089349, 0.290645, -0.096181, -0.27872, 0.125482, 0.952139, 0.009196, -0.121544, -0.988064, 0.094637, -0.036716, 0.0, 0.0, 0.0, 1.0],
                [0.952716, -0.080212, 0.293074, -0.09677, -0.303094, -0.182829, 0.935258, 0.003627, -0.021436, -0.979871, -0.198497, -0.036138, 0.0, 0.0, 0.0, 1.0],
                [0.952761, -0.076961, 0.293791, -0.097486, -0.300462, -0.379785, 0.874921, 0.00072, 0.044242, -0.921875, -0.384968, -0.034342, 0.0, 0.0, 0.0, 1.0],
                [0.953331, -0.077531, 0.291776, -0.098261, -0.292051, -0.48166, 0.826264, 9.8e-05, 0.076475, -0.872932, -0.481825, -0.032066, 0.0, 0.0, 0.0, 1.0],
                [0.9567, -0.082801, 0.279016, -0.099054, -0.275389, -0.567682, 0.775824, 0.000146, 0.094151, -0.819087, -0.565904, -0.029527, 0.0, 0.0, 0.0, 1.0],
                [0.962894, -0.095344, 0.25243, -0.099791, -0.253316, -0.641682, 0.723936, 0.000498, 0.092955, -0.761038, -0.642024, -0.026929, 0.0, 0.0, 0.0, 1.0],
                [0.969322, -0.115521, 0.21689, -0.100451, -0.233954, -0.703829, 0.67075, 0.001291, 0.075165, -0.700936, -0.709263, -0.024317, 0.0, 0.0, 0.0, 1.0],
                [0.974125, -0.135445, 0.180837, -0.100993, -0.219678, -0.754815, 0.618074, 0.002222, 0.052781, -0.64183, -0.765038, -0.021887, 0.0, 0.0, 0.0, 1.0],
                [0.977297, -0.152464, 0.147, -0.101395, -0.209574, -0.796209, 0.567586, 0.003001, 0.030505, -0.58553, -0.810085, -0.019839, 0.0, 0.0, 0.0, 1.0],
                [0.978915, -0.166682, 0.117924, -0.101695, -0.203913, -0.827218, 0.523599, 0.0036, 0.010274, -0.536627, -0.843764, -0.01813, 0.0, 0.0, 0.0, 1.0],
                [0.979816, -0.173884, 0.09843, -0.10187, -0.199797, -0.848993, 0.489203, 0.003779, -0.001498, -0.499015, -0.866598, -0.017081, 0.0, 0.0, 0.0, 1.0],
                [0.980399, -0.177075, 0.086161, -0.10195, -0.196771, -0.864105, 0.463286, 0.003589, -0.007584, -0.471178, -0.882011, -0.01664, 0.0, 0.0, 0.0, 1.0],
                [0.980806, -0.177898, 0.079588, -0.101946, -0.194684, -0.876009, 0.441291, 0.003165, -0.008784, -0.448334, -0.893828, -0.016746, 0.0, 0.0, 0.0, 1.0],
                [0.981192, -0.178548, 0.073091, -0.101941, -0.192664, -0.887344, 0.418967, 0.002741, -0.009949, -0.425187, -0.905055, -0.016851, 0.0, 0.0, 0.0, 1.0],
                [0.981494, -0.177535, 0.071492, -0.101856, -0.191236, -0.895265, 0.402446, 0.002089, -0.007443, -0.408688, -0.912648, -0.017452, 0.0, 0.0, 0.0, 1.0],
                [0.981776, -0.176545, 0.070059, -0.101762, -0.189868, -0.902867, 0.385765, 0.001437, -0.00485, -0.392054, -0.919933, -0.018054, 0.0, 0.0, 0.0, 1.0],
                [0.982073, -0.174307, 0.071481, -0.10161, -0.188386, -0.907907, 0.374498, 0.000766, -0.000379, -0.381267, -0.924468, -0.018927, 0.0, 0.0, 0.0, 1.0],
                [0.982338, -0.172152, 0.073047, -0.101447, -0.186954, -0.912791, 0.363173, 9.8e-05, 0.004155, -0.370431, -0.928854, -0.019799, 0.0, 0.0, 0.0, 1.0],
                [0.982169, -0.172202, 0.075178, -0.101287, -0.187744, -0.915167, 0.356728, -0.000238, 0.007371, -0.364497, -0.931178, -0.020598, 0.0, 0.0, 0.0, 1.0],
                [0.981982, -0.17231, 0.077351, -0.101121, -0.18857, -0.917487, 0.350275, -0.000572, 0.010613, -0.358564, -0.933447, -0.021394, 0.0, 0.0, 0.0, 1.0],
                [0.982319, -0.171288, 0.075294, -0.101018, -0.186843, -0.919129, 0.34688, -0.000763, 0.009788, -0.35483, -0.934882, -0.021869, 0.0, 0.0, 0.0, 1.0],
                [0.982652, -0.17026, 0.073259, -0.100913, -0.185127, -0.920759, 0.343462, -0.000953, 0.008976, -0.351081, -0.936305, -0.022345, 0.0, 0.0, 0.0, 1.0],
                [0.982582, -0.171409, 0.071491, -0.100818, -0.185575, -0.921065, 0.342397, -0.00086, 0.007158, -0.349715, -0.936831, -0.022769, 0.0, 0.0, 0.0, 1.0],
                [0.982809, -0.171246, 0.068722, -0.100722, -0.184434, -0.922641, 0.338752, -0.000762, 0.005396, -0.345617, -0.938363, -0.023195, 0.0, 0.0, 0.0, 1.0],
                [0.982818, -0.172186, 0.066203, -0.10063, -0.184441, -0.923187, 0.337255, -0.000494, 0.003047, -0.343685, -0.939082, -0.023597, 0.0, 0.0, 0.0, 1.0],
                [0.983075, -0.171942, 0.062916, -0.100536, -0.183081, -0.925101, 0.332724, -0.00022, 0.000994, -0.338625, -0.940923, -0.023999, 0.0, 0.0, 0.0, 1.0],
                [0.983327, -0.17167, 0.059636, -0.10044, -0.181722, -0.926991, 0.328177, 5.8e-05, -0.001056, -0.333557, -0.942732, -0.024399, 0.0, 0.0, 0.0, 1.0],
                [0.98357, -0.171695, 0.055424, -0.100343, -0.180379, -0.930079, 0.320082, 0.000339, -0.003407, -0.324834, -0.945767, -0.024794, 0.0, 0.0, 0.0, 1.0],
                [0.9838, -0.171677, 0.05122, -0.100243, -0.179054, -0.933093, 0.311952, 0.000624, -0.005762, -0.316083, -0.948716, -0.025187, 0.0, 0.0, 0.0, 1.0],
                [0.983995, -0.171789, 0.046938, -0.100142, -0.177933, -0.937805, 0.298158, 0.000913, -0.007201, -0.30175, -0.953362, -0.025577, 0.0, 0.0, 0.0, 1.0],
                [0.984178, -0.171854, 0.042663, -0.10004, -0.176852, -0.942306, 0.284286, 0.001205, -0.008653, -0.287345, -0.95779, -0.025963, 0.0, 0.0, 0.0, 1.0]
            ]
        },
        {
            "name": "Leg_L",
            "time": [0.0, 0.0333, 0.0667, 0.1, 0.1333, 0.1667, 0.2, 0.2333, 0.2667, 0.3, 0.3333, 0.3667, 0.4, 0.4333, 0.4667, 0.5, 0.5333, 0.5667, 0.6, 0.6333, 0.6667, 0.7, 0.7333, 0.7667, 0.8, 0.8333, 0.8667, 0.9, 0.9333, 0.9667, 1.0, 1.0333, 1.0667, 1.1, 1.1333, 1.1667, 1.2, 1.2333, 1.2667, 1.3, 1.3333, 1.3667, 1.4, 1.4333, 1.4667, 1.5, 1.5333, 1.5667, 1.6, 1.6333, 1.6667],
            "transform": [
                [0.999976, -0.00168, 0.001002, 0.0, 0.000998, 0.878671, 0.477459, 0.37472, -0.001682, -0.477465, 0.878658, -0.0, 0.0, 0.0, 0.0, 1.0],
                [0.999976, -0.001703, 0.000965, -0.0, 0.000958, 0.855824, 0.517295, 0.37472, -0.001706, -0.517302, 0.855809, -0.0, 0.0, 0.0, 0.0, 1.0],
                [0.999976, -0.001778, 0.000824, -0.0, 0.000814, 0.759304, 0.650756, 0.37472, -0.001783, -0.650768, 0.759287, -0.0, 0.0, 0.0, 0.0, 1.0],
                [0.999977, -0.001775, 0.000836, 0.0, 0.000826, 0.767528, 0.641034, 0.37472, -0.001779, -0.641046, 0.767513, -0.0, 0.0, 0.0, 0.0, 1.0],
                [0.999978, -0.001742, 0.000904, 0.0, 0.000895, 0.814791, 0.579777, 0.37472, -0.001746, -0.579786, 0.814775, 0.0, 0.0, 0.0, 0.0, 1.0],
                [0.999979, -0.001765, 0.000862, 0.0, 0.000853, 0.785548, 0.618819, 0.37472, -0.00177, -0.618828, 0.785534, 0.0, 0.0, 0.0, 0.0, 1.0],
                [0.99998, -0.001806, 0.000773, -0.0, 0.000759, 0.718041, 0.696013, 0.37472, -0.001812, -0.696024, 0.718028, 0.0, 0.0, 0.0, 0.0, 1.0],
                [0.999981, -0.001816, 0.000752, -0.0, 0.000737, 0.70119, 0.712986, 0.37472, -0.001822, -0.712996, 0.701178, -0.0, 0.0, 0.0, 0.0, 1.0],
                [0.999983, -0.001778, 0.000838, 0.0, 0.000822, 0.76564, 0.643283, 0.37472, -0.001785, -0.643291, 0.765629, 0.0, 0.0, 0.0, 0.0, 1.0],
                [0.999996, -0.001388, 0.001375, -0.0, 0.001373, 0.999951, 0.010364, 0.37472, -0.00139, -0.010362, 0.999942, 0.0, 0.0, 0.0, 0.0, 1.0],
                [1.000011, -0.001388, 0.001376, -0.0, 0.001374, 0.999943, 0.010363, 0.37472, -0.00139, -0.010362, 0.999935, 0.0, 0.0, 0.0, 0.0, 1.0],
                [1.000011, -0.001388, 0.001376, 0.0, 0.001373, 0.999943, 0.010363, 0.37472, -0.00139, -0.010361, 0.999935, 0.0, 0.0, 0.0, 0.0, 1.0],
                [1.000006, -0.001388, 0.001376, 0.0, 0.001374, 0.999946, 0.010363, 0.37472, -0.00139, -0.010361, 0.999937, 0.0, 0.0, 0.0, 0.0, 1.0],
                [1.000002, -0.001388, 0.001376, -0.0, 0.001373, 0.999948, 0.010363, 0.37472, -0.00139, -0.010361, 0.999939, 0.0, 0.0, 0.0, 0.0, 1.0],
                [0.999995, -0.001929, 0.000401, 0.0, 0.000421, 0.408032, 0.912971, 0.374721, -0.001925, -0.912965, 0.408034, -0.0, 0.0, 0.0, 0.0, 1.0],
                [0.999987, -0.001959, -0.000268, -0.0, -0.000252, -0.260745, 0.965423, 0.37472, -0.001961, -0.965401, -0.26075, -0.0, 0.0, 0.0, 0.0, 1.0],
                [0.99999, -0.001917, -0.00048, -0.0, -0.000468, -0.465883, 0.88486, 0.37472, -0.00192, -0.884833, -0.465896, -0.0, 0.0, 0.0, 0.0, 1.0],
                [0.999993, -0.001858, -0.000669, -0.0, -0.000664, -0.6354, 0.77219, 0.37472, -0.00186, -0.772167, -0.635418, 0.0, 0.0, 0.0, 0.0, 1.0],
                [0.999997, -0.001882, -0.000592, 0.0, -0.000608, -0.579123, 0.81524, 0.37472, -0.001877, -0.815241, -0.579121, -0.0, 0.0, 0.0, 0.0, 1.0],
                [0.999993, -0.001968, -0.000105, -0.0, -0.000131, -0.119354, 0.99284, 0.37472, -0.001967, -0.992867, -0.11935, -0.0, 0.0, 0.0, 0.0, 1.0],
                [0.999992, -0.00197, -4e-05, -0.0, -6.5e-05, -0.053083, 0.998579, 0.37472, -0.00197, -0.998606, -0.053081, -0.0, 0.0, 0.0, 0.0, 1.0],
                [0.999987, -0.001964, 0.000146, 0.0, 0.000122, 0.135679, 0.990744, 0.37472, -0.001966, -0.990772, 0.135675, 0.0, 0.0, 0.0, 0.0, 1.0],
                [0.999985, -0.001945, 0.000295, -0.0, 0.000275, 0.286512, 0.958071, 0.37472, -0.001948, -0.958097, 0.286504, 0.0, 0.0, 0.0, 0.0, 1.0],
                [0.999984, -0.001936, 0.000343, 0.0, 0.000322, 0.333583, 0.942716, 0.37472, -0.00194, -0.942743, 0.333573, -0.0, 0.0, 0.0, 0.0, 1.0],
                [0.999985, -0.001928, 0.000377, 0.0, 0.000358, 0.367442, 0.930042, 0.37472, -0.001932, -0.930068, 0.367431, 0.0, 0.0, 0.0, 0.0, 1.0],
                [0.999985, -0.001922, 0.000404, 0.0, 0.000386, 0.393854, 0.919169, 0.37472, -0.001925, -0.919194, 0.393842, -0.0, 0.0, 0.0, 0.0, 1.0],
                [0.999986, -0.001915, 0.00043, 0.0, 0.000414, 0.419948, 0.907545, 0.37472, -0.001918, -0.90757, 0.419936, 0.0, 0.0, 0.0, 0.0, 1.0],
                [0.999985, -0.001907, 0.000457, 0.0, 0.000441, 0.445693, 0.895183, 0.37472, -0.00191, -0.895208, 0.445679, 0.0, 0.0, 0.0, 0.0, 1.0],
                [0.999987, -0.001898, 0.000489, 0.0, 0.000473, 0.475677, 0.879618, 0.37472, -0.001902, -0.87964, 0.475664, -0.0, 0.0, 0.0, 0.0, 1.0],
                [0.999987, -0.001889, 0.00052, -0.0, 0.000506, 0.505117, 0.86305, 0.37472, -0.001893, -0.86307, 0.505104, 0.0, 0.0, 0.0, 0.0, 1.0],
                [0.999988, -0.001878, 0.000556, -0.0, 0.000542, 0.538051, 0.842913, 0.37472, -0.001882, -0.84293, 0.538038, 0.0, 0.0, 0.0, 0.0, 1.0],
                [0.999988, -0.001867, 0.000591, -0.0, 0.000579, 0.570184, 0.821519, 0.37472, -0.001871, -0.821534, 0.570172, -0.0, 0.0, 0.0, 0.0, 1.0],
                [0.999988, -0.001856, 0.000625, -0.0, 0.000613, 0.599762, 0.800182, 0.37472, -0.00186, -0.800196, 0.59975, 0.0, 0.0, 0.0, 0.0, 1.0],
                [0.999986, -0.001846, 0.000654, 0.0, 0.000641, 0.624017, 0.781415, 0.37472, -0.00185, -0.781429, 0.624005, 0.0, 0.0, 0.0, 0.0, 1.0],
                [0.999987, -0.001835, 0.000683, 0.0, 0.000669, 0.647685, 0.761914, 0.37472, -0.00184, -0.761926, 0.647673, -0.0, 0.0, 0.0, 0.0, 1.0],
