{
    "animation": [
        {
            "name": "Root",
            "time": [0.0, 0.0333, 0.0667, 0.1, 0.1333, 0.1667, 0.2, 0.2333, 0.2667, 0.3, 0.3333, 0.3667, 0.4, 0.4333, 0.4667, 0.5, 0.5333, 0.5667, 0.6, 0.6333, 0.6667, 0.7, 0.7333, 0.7667, 0.8, 0.8333, 0.8667, 0.9, 0.9333, 0.9667, 1.0, 1.0333, 1.0667, 1.3333],
            "transform": [
                [1.0, 0.000232, 1e-06, 9.5e-05, -0.0, 0.003901, -0.999992, 0.001426, -0.000232, 0.999992, 0.003901, 0.457602, 0.0, 0.0, 0.0, 1.0],
                [1.0, 0.000768, 2e-06, -0.171256, -1e-06, 0.003832, -0.999993, -0.027435, -0.000768, 0.999992, 0.003832, 0.440953, 0.0, 0.0, 0.0, 1.0],
                [0.999999, 0.001289, 2e-06, -0.367736, -2e-06, 0.003689, -0.999993, -0.050829, -0.001289, 0.999992, 0.003689, 0.432969, 0.0, 0.0, 0.0, 1.0],
                [0.999999, 0.001542, 3e-06, -0.644606, -3e-06, 0.003591, -0.999993, -0.061119, -0.001542, 0.999992, 0.003591, 0.458992, 0.0, 0.0, 0.0, 1.0],
                [0.999998, 0.001675, 3e-06, -0.936709, -3e-06, 0.003531, -0.999994, -0.059142, -0.001675, 0.999992, 0.003531, 0.477651, 0.0, 0.0, 0.0, 1.0],
                [0.999998, 0.001833, 3e-06, -1.200832, -3e-06, 0.003451, -0.999994, -0.045104, -0.001833, 0.999992, 0.003451, 0.461208, 0.0, 0.0, 0.0, 1.0],
                [0.999998, 0.001961, 4e-06, -1.461302, -3e-06, 0.003381, -0.999994, -0.025984, -0.001961, 0.999992, 0.003381, 0.434939, 0.0, 0.0, 0.0, 1.0],
                [0.999998, 0.002027, 3e-06, -1.714254, -3e-06, 0.003341, -0.999994, -0.006858, -0.002027, 0.999992, 0.003341, 0.404794, 0.0, 0.0, 0.0, 1.0],
                [0.999998, 0.002037, 3e-06, -1.955811, -3e-06, 0.003335, -0.999994, 0.005486, -0.002037, 0.999992, 0.003335, 0.374648, 0.0, 0.0, 0.0, 1.0],
                [0.999998, 0.002017, 4e-06, -2.187487, -3e-06, 0.003347, -0.999994, 0.011052, -0.002017, 0.999992, 0.003347, 0.345792, 0.0, 0.0, 0.0, 1.0],
                [0.999998, 0.002016, 3e-06, -2.41048, -3e-06, 0.003348, -0.999994, 0.012559, -0.002016, 0.999992, 0.003348, 0.316935, 0.0, 0.0, 0.0, 1.0],
                [0.999998, 0.002052, 3e-06, -2.620439, -3e-06, 0.003326, -0.999994, 0.008578, -0.002052, 0.999992, 0.003326, 0.288079, 0.0, 0.0, 0.0, 1.0],
                [0.999998, 0.002071, 4e-06, -2.813033, -3e-06, 0.003314, -0.999994, -0.002314, -0.002071, 0.999992, 0.003314, 0.259222, 0.0, 0.0, 0.0, 1.0],
                [0.999998, 0.001963, 3e-06, -2.977626, -3e-06, 0.00338, -0.999994, -0.031006, -0.001963, 0.999992, 0.00338, 0.221932, 0.0, 0.0, 0.0, 1.0],
                [0.999998, 0.001756, 3e-06, -3.113929, -3e-06, 0.003491, -0.999994, -0.071133, -0.001756, 0.999992, 0.003491, 0.184641, 0.0, 0.0, 0.0, 1.0],
                [0.999999, 0.001601, 3e-06, -3.233148, -2e-06, 0.003565, -0.999993, -0.098241, -0.001601, 0.999992, 0.003565, 0.170184, 0.0, 0.0, 0.0, 1.0],
                [0.999999, 0.001595, 3e-06, -3.342885, -3e-06, 0.003568, -0.999994, -0.099473, -0.001595, 0.999992, 0.003568, 0.198757, 0.0, 0.0, 0.0, 1.0],
                [0.999999, 0.00165, 3e-06, -3.435539, -3e-06, 0.003542, -0.999994, -0.088194, -0.00165, 0.999992, 0.003542, 0.250317, 0.0, 0.0, 0.0, 1.0],
                [0.999999, 0.001672, 3e-06, -3.499536, -3e-06, 0.003532, -0.999994, -0.076936, -0.001672, 0.999992, 0.003532, 0.288041, 0.0, 0.0, 0.0, 1.0],
                [0.999999, 0.001656, 3e-06, -3.54197, -2e-06, 0.00354, -0.999994, -0.071934, -0.001656, 0.999992, 0.00354, 0.303459, 0.0, 0.0, 0.0, 1.0],
                [0.999998, 0.00164, 3e-06, -3.578433, -3e-06, 0.003547, -0.999994, -0.066941, -0.00164, 0.999992, 0.003547, 0.313865, 0.0, 0.0, 0.0, 1.0],
                [0.999999, 0.001624, 3e-06, -3.610091, -3e-06, 0.003555, -0.999994, -0.061955, -0.001624, 0.999992, 0.003555, 0.320379, 0.0, 0.0, 0.0, 1.0],
                [0.999999, 0.0016, 3e-06, -3.638105, -3e-06, 0.003566, -0.999993, -0.056968, -0.0016, 0.999992, 0.003566, 0.326892, 0.0, 0.0, 0.0, 1.0],
                [0.999999, 0.001575, 3e-06, -3.663642, -3e-06, 0.003576, -0.999994, -0.051981, -0.001575, 0.999992, 0.003576, 0.333406, 0.0, 0.0, 0.0, 1.0],
                [0.999999, 0.001542, 3e-06, -3.687865, -3e-06, 0.003591, -0.999993, -0.046989, -0.001542, 0.999992, 0.003591, 0.34216, 0.0, 0.0, 0.0, 1.0],
                [0.999999, 0.001499, 3e-06, -3.711938, -3e-06, 0.003609, -0.999993, -0.041987, -0.001499, 0.999992, 0.003609, 0.3551, 0.0, 0.0, 0.0, 1.0],
                [0.999999, 0.001449, 3e-06, -3.737025, -2e-06, 0.00363, -0.999993, -0.036974, -0.001449, 0.999992, 0.00363, 0.374069, 0.0, 0.0, 0.0, 1.0],
                [0.999999, 0.001382, 3e-06, -3.762214, -2e-06, 0.003656, -0.999993, -0.031941, -0.001382, 0.999992, 0.003656, 0.402935, 0.0, 0.0, 0.0, 1.0],
                [0.999999, 0.001292, 2e-06, -3.785797, -2e-06, 0.003688, -0.999993, -0.025824, -0.001292, 0.999992, 0.003688, 0.441429, 0.0, 0.0, 0.0, 1.0],
                [0.999999, 0.001186, 2e-06, -3.807738, -2e-06, 0.003724, -0.999993, -0.019694, -0.001186, 0.999992, 0.003724, 0.485634, 0.0, 0.0, 0.0, 1.0],
                [0.999999, 0.001069, 2e-06, -3.828007, -2e-06, 0.003761, -0.999993, -0.013561, -0.001069, 0.999992, 0.003761, 0.52984, 0.0, 0.0, 0.0, 1.0],
                [0.999999, 0.00095, 2e-06, -3.846565, -2e-06, 0.003791, -0.999993, -0.008516, -0.00095, 0.999992, 0.003791, 0.571018, 0.0, 0.0, 0.0, 1.0],
                [1.0, 0.000842, 2e-06, -3.863374, -1e-06, 0.003816, -0.999993, -0.003487, -0.000842, 0.999992, 0.003816, 0.604357, 0.0, 0.0, 0.0, 1.0],
                [1.0, 0.0003, 0.0, -3.905823, -1e-06, 0.003897, -0.999992, 0.002241, -0.0003, 0.999992, 0.003897, 0.681488, 0.0, 0.0, 0.0, 1.0]
            ]
        },
        {
            "name": "Thigh_R",
            "time": [0.0, 0.0333, 0.0667, 0.1, 0.1333, 0.1667, 0.2, 0.2333, 0.2667, 0.3, 0.3333, 0.3667, 0.4, 0.4333, 0.4667, 0.5, 0.5333, 0.5667, 0.6, 0.6333, 0.6667, 0.7, 0.7333, 0.7667, 0.8, 0.8333, 0.8667, 0.9, 0.9333, 0.9667, 1.0, 1.0333, 1.0667, 1.3333],
            "transform": [
                [0.986477, 0.162511, 0.02084, 0.100027, 0.136572, -0.885902, 0.44333, 0.001205, 0.090507, -0.434497, -0.896116, -0.025964, 0.0, 0.0, 0.0, 1.0],
                [0.880858, 0.470876, -0.048508, 0.100027, 0.43492, -0.764637, 0.475588, 0.001205, 0.186847, -0.440032, -0.87833, -0.025964, 0.0, 0.0, 0.0, 1.0],
                [0.725291, 0.688436, 0.002603, 0.100027, 0.615805, -0.650478, 0.444595, 0.001205, 0.307762, -0.320864, -0.895728, -0.025964, 0.0, 0.0, 0.0, 1.0],
                [0.621328, 0.783368, 0.017073, 0.100027, 0.567589, -0.465012, 0.679415, 0.001205, 0.540158, -0.412459, -0.733556, -0.025964, 0.0, 0.0, 0.0, 1.0],
                [0.40419, 0.913866, -0.038702, 0.100027, 0.545374, -0.206823, 0.812271, 0.001205, 0.734282, -0.349428, -0.581995, -0.025964, 0.0, 0.0, 0.0, 1.0],
                [0.328126, 0.943864, 0.038406, 0.100027, 0.374749, -0.167391, 0.911888, 0.001205, 0.867105, -0.284829, -0.408638, -0.025964, 0.0, 0.0, 0.0, 1.0],
                [0.306481, 0.940753, 0.14516, 0.100027, 0.140252, -0.195466, 0.97063, 0.001205, 0.941476, -0.277127, -0.191849, -0.025964, 0.0, 0.0, 0.0, 1.0],
                [0.315144, 0.904212, 0.288267, 0.100027, -0.067754, -0.281536, 0.957156, 0.001205, 0.946612, -0.321179, -0.027461, -0.025964, 0.0, 0.0, 0.0, 1.0],
                [0.286868, 0.840022, 0.460523, 0.100027, -0.175562, -0.426489, 0.887292, 0.001205, 0.941736, -0.335392, 0.025129, -0.025964, 0.0, 0.0, 0.0, 1.0],
                [0.209087, 0.797668, 0.565704, 0.100027, 0.019004, -0.581702, 0.813184, 0.001205, 0.977701, -0.159279, -0.136786, -0.025964, 0.0, 0.0, 0.0, 1.0],
                [0.191438, 0.661496, 0.72511, 0.100027, 0.299775, -0.742888, 0.598551, 0.001205, 0.934591, 0.102788, -0.340517, -0.025964, 0.0, 0.0, 0.0, 1.0],
                [0.005419, 0.120256, 0.992728, 0.100027, 0.294902, -0.948797, 0.113321, 0.001205, 0.955496, 0.292152, -0.040606, -0.025964, 0.0, 0.0, 0.0, 1.0],
                [0.521697, 0.350761, 0.777686, 0.100027, 0.165451, -0.935872, 0.311107, 0.001205, 0.836921, -0.033635, -0.546275, -0.025964, 0.0, 0.0, 0.0, 1.0],
                [0.590703, 0.622297, 0.513631, 0.100027, 0.324973, -0.766143, 0.554463, 0.001205, 0.738537, -0.160611, -0.654793, -0.025964, 0.0, 0.0, 0.0, 1.0],
                [0.618527, 0.752272, 0.226973, 0.100028, 0.451316, -0.576595, 0.681069, 0.001205, 0.643202, -0.318832, -0.696152, -0.025964, 0.0, 0.0, 0.0, 1.0],
                [0.618282, 0.785941, -0.005641, 0.100027, 0.55876, -0.434522, 0.706381, 0.001205, 0.552704, -0.439909, -0.70781, -0.025964, 0.0, 0.0, 0.0, 1.0],
                [0.538701, 0.83682, -0.097717, 0.100027, 0.623715, -0.31817, 0.713959, 0.001205, 0.566344, -0.445574, -0.693336, -0.025964, 0.0, 0.0, 0.0, 1.0],
                [0.417731, 0.906492, -0.061633, 0.100027, 0.617747, -0.23364, 0.750857, 0.001205, 0.66622, -0.351744, -0.657582, -0.025964, 0.0, 0.0, 0.0, 1.0],
                [0.327128, 0.944969, 0.007343, 0.100028, 0.582078, -0.207628, 0.78617, 0.001205, 0.744399, -0.252915, -0.617967, -0.025964, 0.0, 0.0, 0.0, 1.0],
                [0.286236, 0.95675, 0.052292, 0.100027, 0.556824, -0.21052, 0.803503, 0.001205, 0.779726, -0.200882, -0.593, -0.025964, 0.0, 0.0, 0.0, 1.0],
                [0.250398, 0.964374, 0.08556, 0.100027, 0.53303, -0.211107, 0.819331, 0.001205, 0.80817, -0.159559, -0.566901, -0.025964, 0.0, 0.0, 0.0, 1.0],
                [0.220089, 0.969324, 0.109587, 0.100027, 0.509581, -0.210047, 0.834385, 0.001205, 0.831774, -0.127801, -0.540178, -0.025964, 0.0, 0.0, 0.0, 1.0],
                [0.194268, 0.972535, 0.128343, 0.100027, 0.48867, -0.209397, 0.846963, 0.001205, 0.850542, -0.101825, -0.515929, -0.025964, 0.0, 0.0, 0.0, 1.0],
                [0.171594, 0.973726, 0.149829, 0.100027, 0.467681, -0.214373, 0.857503, 0.001205, 0.867059, -0.077073, -0.492178, -0.025964, 0.0, 0.0, 0.0, 1.0],
                [0.150832, 0.97114, 0.184857, 0.100028, 0.45137, -0.234026, 0.861098, 0.001205, 0.879475, -0.046444, -0.473643, -0.025964, 0.0, 0.0, 0.0, 1.0],
                [0.133785, 0.963681, 0.231197, 0.100026, 0.435207, -0.266731, 0.85991, 0.001205, 0.890315, -0.014425, -0.455086, -0.025964, 0.0, 0.0, 0.0, 1.0],
                [0.124195, 0.950812, 0.283838, 0.100027, 0.417063, -0.309584, 0.854525, 0.001205, 0.900332, 0.012251, -0.434998, -0.025964, 0.0, 0.0, 0.0, 1.0],
                [0.179543, 0.913462, 0.365213, 0.100027, 0.485947, -0.405149, 0.774408, 0.001205, 0.855328, 0.038435, -0.516636, -0.025964, 0.0, 0.0, 0.0, 1.0],
                [0.290809, 0.863155, 0.412814, 0.100027, 0.572096, -0.502712, 0.648062, 0.001205, 0.766879, 0.047709, -0.64, -0.025964, 0.0, 0.0, 0.0, 1.0],
                [0.415118, 0.809273, 0.415655, 0.100027, 0.589727, -0.587268, 0.554379, 0.001205, 0.692723, 0.014991, -0.721037, -0.025964, 0.0, 0.0, 0.0, 1.0],
                [0.573303, 0.735497, 0.361073, 0.100027, 0.564221, -0.673956, 0.476909, 0.001205, 0.594095, -0.06969, -0.801364, -0.025964, 0.0, 0.0, 0.0, 1.0],
                [0.72232, 0.633786, 0.276706, 0.100028, 0.495852, -0.753577, 0.431579, 0.001205, 0.482035, -0.174538, -0.858588, -0.025964, 0.0, 0.0, 0.0, 1.0],
                [0.827295, 0.51906, 0.214828, 0.100027, 0.408312, -0.818278, 0.404616, 0.001205, 0.385799, -0.247025, -0.888895, -0.025964, 0.0, 0.0, 0.0, 1.0],
                [0.856773, 0.268479, 0.4403, 0.124994, 0.233222, -0.963209, 0.133517, -0.002831, 0.459952, -0.011706, -0.887868, -1.2e-05, 0.0, 0.0, 0.0, 1.0]
            ]
        },
        {
            "name": "Leg_R",
            "time": [0.0, 0.0333, 0.0667, 0.1, 0.1333, 0.1667, 0.2, 0.2333, 0.2667, 0.3, 0.3333, 0.3667, 0.4, 0.4333, 0.4667, 0.5, 0.5333, 0.5667, 0.6, 0.6333, 0.6667, 0.7, 0.7333, 0.7667, 0.8, 0.8333, 0.8667, 0.9, 0.9333, 0.9667, 1.0, 1.0333, 1.0667, 1.3333],
            "transform": [
                [0.999986, -0.001955, 5.4e-05, -0.0, 5e-05, 0.053012, 0.998592, 0.37472, -0.001955, -0.998608, 0.053011, -0.0, 0.0, 0.0, 0.0, 1.0],
                [0.999988, -0.001942, 0.000233, 0.0, 0.00023, 0.235333, 0.971913, 0.37472, -0.001942, -0.971927, 0.235329, -0.0, 0.0, 0.0, 0.0, 1.0],
                [0.99999, -0.001835, 0.000678, -0.0, 0.000675, 0.64885, 0.760921, 0.37472, -0.001836, -0.760925, 0.648845, 0.0, 0.0, 0.0, 0.0, 1.0],
                [0.99999, -0.00194, 0.000255, 0.0, 0.000251, 0.256536, 0.966533, 0.37472, -0.00194, -0.966546, 0.256532, 0.0, 0.0, 0.0, 0.0, 1.0],
                [0.999989, -0.001955, -9.7e-05, 0.0, -0.000102, -0.101819, 0.994802, 0.37472, -0.001955, -0.994813, -0.101818, -0.0, 0.0, 0.0, 0.0, 1.0],
                [0.999986, -0.001925, -0.000346, -0.0, -0.00035, -0.350276, 0.93665, 0.37472, -0.001924, -0.936657, -0.350273, -0.0, 0.0, 0.0, 0.0, 1.0],
                [0.999986, -0.001873, -0.000562, 0.0, -0.000564, -0.551423, 0.834232, 0.37472, -0.001873, -0.834234, -0.55142, -0.0, 0.0, 0.0, 0.0, 1.0],
                [0.99999, -0.001813, -0.000735, 0.0, -0.000735, -0.696347, 0.717711, 0.37472, -0.001813, -0.717712, -0.696344, 0.0, 0.0, 0.0, 0.0, 1.0],
                [0.999993, -0.001758, -0.000858, 0.0, -0.000858, -0.788232, 0.615383, 0.37472, -0.001758, -0.615383, -0.78823, 0.0, 0.0, 0.0, 0.0, 1.0],
                [0.999992, -0.001757, -0.000857, 0.0, -0.00086, -0.789131, 0.614231, 0.37472, -0.001755, -0.614232, -0.789127, -0.0, 0.0, 0.0, 0.0, 1.0],
                [0.999989, -0.001816, -0.000721, 0.0, -0.000728, -0.688765, 0.724991, 0.37472, -0.001813, -0.724999, -0.688755, 0.0, 0.0, 0.0, 0.0, 1.0],
                [0.999986, -0.001927, -0.000313, 0.0, -0.000327, -0.323214, 0.94632, 0.37472, -0.001924, -0.946346, -0.323204, 0.0, 0.0, 0.0, 0.0, 1.0],
                [0.999988, -0.00188, -0.000537, -0.0, -0.000544, -0.53158, 0.847012, 0.37472, -0.001878, -0.847021, -0.531573, 0.0, 0.0, 0.0, 0.0, 1.0],
                [0.999985, -0.00183, -0.000692, -0.0, -0.000699, -0.66432, 0.747457, 0.37472, -0.001828, -0.747456, -0.664319, -0.0, 0.0, 0.0, 0.0, 1.0],
                [0.999986, -0.00181, -0.000741, 0.0, -0.000746, -0.703307, 0.710895, 0.37472, -0.001808, -0.710892, -0.703308, -0.0, 0.0, 0.0, 0.0, 1.0],
                [0.999985, -0.001828, -0.0007, 0.0, -0.000704, -0.669394, 0.742916, 0.37472, -0.001826, -0.742915, -0.669394, 0.0, 0.0, 0.0, 0.0, 1.0],
                [0.999984, -0.001878, -0.00056, 0.0, -0.000568, -0.551429, 0.834228, 0.374721, -0.001875, -0.834236, -0.551423, -0.0, 0.0, 0.0, 0.0, 1.0],
                [0.999984, -0.001927, -0.000364, 0.0, -0.000374, -0.369819, 0.929102, 0.37472, -0.001925, -0.929122, -0.36981, -0.0, 0.0, 0.0, 0.0, 1.0],
                [0.999984, -0.001953, -0.000189, 0.0, -0.000198, -0.196413, 0.980514, 0.37472, -0.001952, -0.980543, -0.196407, -0.0, 0.0, 0.0, 0.0, 1.0],
                [0.999986, -0.001962, -6.8e-05, -0.0, -7.7e-05, -0.073821, 0.997262, 0.37472, -0.001962, -0.997293, -0.073819, -0.0, 0.0, 0.0, 0.0, 1.0],
                [0.999987, -0.001964, 3.6e-05, -0.0, 2.9e-05, 0.032936, 0.999448, 0.37472, -0.001964, -0.999478, 0.032935, -0.0, 0.0, 0.0, 0.0, 1.0],
                [0.999988, -0.00196, 0.00012, 0.0, 0.000114, 0.119312, 0.992847, 0.37472, -0.00196, -0.992876, 0.119309, -0.0, 0.0, 0.0, 0.0, 1.0],
                [0.999988, -0.001954, 0.000195, 0.0, 0.000192, 0.196063, 0.980583, 0.37472, -0.001954, -0.980609, 0.196058, -0.0, 0.0, 0.0, 0.0, 1.0],
                [0.99999, -0.001944, 0.000272, -0.0, 0.000266, 0.271631, 0.962395, 0.37472, -0.001944, -0.962417, 0.271624, 0.0, 0.0, 0.0, 0.0, 1.0],
                [0.99999, -0.001929, 0.000362, 0.0, 0.000357, 0.360469, 0.932766, 0.37472, -0.00193, -0.932786, 0.360461, -0.0, 0.0, 0.0, 0.0, 1.0],
                [0.999991, -0.001905, 0.000468, -0.0, 0.000463, 0.460886, 0.887458, 0.37472, -0.001906, -0.887472, 0.460878, 0.0, 0.0, 0.0, 0.0, 1.0],
                [0.999991, -0.00187, 0.000589, -0.0, 0.000585, 0.571481, 0.820617, 0.37472, -0.001871, -0.820628, 0.571472, 0.0, 0.0, 0.0, 0.0, 1.0],
                [0.999989, -0.001812, 0.000748, -0.0, 0.000742, 0.703306, 0.710894, 0.37472, -0.001814, -0.7109, 0.703298, -0.0, 0.0, 0.0, 0.0, 1.0],
                [0.999987, -0.001777, 0.000827, -0.0, 0.00082, 0.762781, 0.646667, 0.37472, -0.00178, -0.646671, 0.762774, 0.0, 0.0, 0.0, 0.0, 1.0],
                [0.999986, -0.001797, 0.000778, -0.0, 0.000768, 0.725236, 0.68851, 0.37472, -0.001802, -0.688516, 0.725227, -0.0, 0.0, 0.0, 0.0, 1.0],
                [0.999985, -0.001836, 0.000677, -0.0, 0.000665, 0.644211, 0.764855, 0.37472, -0.00184, -0.764864, 0.644202, 0.0, 0.0, 0.0, 0.0, 1.0],
                [0.999985, -0.001869, 0.000576, -0.0, 0.000565, 0.557947, 0.829881, 0.37472, -0.001872, -0.829893, 0.557938, 0.0, 0.0, 0.0, 0.0, 1.0],
                [0.999986, -0.001882, 0.00053, -0.0, 0.000522, 0.518114, 0.855315, 0.37472, -0.001884, -0.855327, 0.518106, 0.0, 0.0, 0.0, 0.0, 1.0],
                [1.000003, -0.001636, 0.001071, 0.0, 0.001069, 0.916072, 0.401004, 0.37472, -0.001637, -0.401, 0.916076, -0.0, 0.0, 0.0, 0.0, 1.0]
            ]
        },
        {
            "name": "Knee_R",
            "time": [1.3333, 0.0],
            "transform": [
                [1.0, 0.0, -0.0, -0.0, -0.0, 1e-06, -1.0, 0.37472, -0.0, 1.0, 1e-06, -0.0, 0.0, 0.0, 0.0, 1.0],
                [1.0, 0.0, -0.0, 0.0, -0.0, 1e-06, -1.0, 0.37472, -0.0, 1.0, 1e-06, -0.0, 0.0, 0.0, 0.0, 1.0]
            ]
        },
        {
            "name": "Thigh_L",
            "time": [0.0, 0.0333, 0.0667, 0.1, 0.1333, 0.1667, 0.2, 0.2333, 0.2667, 0.3, 0.3333, 0.3667, 0.4, 0.4333, 0.4667, 0.5, 0.5333, 0.5667, 0.6, 0.6333, 0.6667, 0.7, 0.7333, 0.7667, 0.8, 0.8333, 0.8667, 0.9, 0.9333, 0.9667, 1.0, 1.0333, 1.0667, 1.3333],
            "transform": [
                [0.98829, -0.127385, 0.083911, -0.102529, -0.141313, -0.557502, 0.818063, 0.000325, -0.057428, -0.820353, -0.568976, -0.013088, 0.0, 0.0, 0.0, 1.0],
                [0.992262, -0.061419, -0.107847, -0.092415, 0.069093, -0.448482, 0.891119, -0.025105, -0.103098, -0.891687, -0.440769, -0.038892, 0.0, 0.0, 0.0, 1.0],
                [0.946624, 0.074409, -0.313615, -0.074549, 0.315158, -0.417641, 0.852205, -0.040612, -0.067566, -0.905568, -0.4188, -0.058958, 0.0, 0.0, 0.0, 1.0],
                [0.816461, 0.466464, -0.340289, -0.064866, 0.561719, -0.505331, 0.655066, -0.042422, 0.133604, -0.725992, -0.674606, -0.068377, 0.0, 0.0, 0.0, 1.0],
                [0.671128, 0.741342, -0.000754, -0.060097, 0.717472, -0.649279, 0.25233, -0.03986, 0.186571, -0.169888, -0.967642, -0.07404, 0.0, 0.0, 0.0, 1.0],
                [0.568423, 0.818747, 0.080946, -0.054636, 0.776058, -0.566248, 0.277658, -0.03685, 0.273164, -0.09501, -0.957264, -0.079621, 0.0, 0.0, 0.0, 1.0],
                [0.479662, 0.872504, 0.0931, -0.0504, 0.778601, -0.472153, 0.413336, -0.031682, 0.40459, -0.125775, -0.905807, -0.084488, 0.0, 0.0, 0.0, 1.0],
                [0.437352, 0.898242, 0.043487, -0.048715, 0.73396, -0.384478, 0.559889, -0.024521, 0.51963, -0.212953, -0.827426, -0.087794, 0.0, 0.0, 0.0, 1.0],
                [0.444271, 0.89584, -0.009973, -0.049179, 0.687894, -0.333977, 0.644405, -0.016699, 0.573947, -0.293153, -0.76462, -0.089358, 0.0, 0.0, 0.0, 1.0],
                [0.467059, 0.865761, -0.179781, -0.050396, 0.680906, -0.222446, 0.697767, -0.006191, 0.5641, -0.448319, -0.693398, -0.090023, 0.0, 0.0, 0.0, 1.0],
                [0.507004, 0.786936, -0.351686, -0.049333, 0.658463, -0.090325, 0.747169, 0.006128, 0.5562, -0.610399, -0.563964, -0.090614, 0.0, 0.0, 0.0, 1.0],
                [0.50041, 0.743067, -0.44435, -0.045588, 0.655146, 0.010532, 0.755424, 0.015156, 0.566001, -0.669147, -0.481548, -0.091511, 0.0, 0.0, 0.0, 1.0],
                [0.545728, 0.680901, -0.488424, -0.043446, 0.60918, 0.077856, 0.789198, 0.01655, 0.575383, -0.728236, -0.372303, -0.092308, 0.0, 0.0, 0.0, 1.0],
                [0.640772, 0.598158, -0.481266, -0.04963, 0.576256, 0.03947, 0.816313, 0.004342, 0.507272, -0.800415, -0.319401, -0.090555, 0.0, 0.0, 0.0, 1.0],
                [0.82044, 0.399111, -0.409368, -0.059294, 0.462167, -0.041489, 0.885821, -0.015806, 0.336551, -0.915971, -0.218496, -0.083167, 0.0, 0.0, 0.0, 1.0],
                [0.986216, 0.152299, 0.064577, -0.064936, -0.054756, -0.067819, 0.996194, -0.02627, 0.156096, -0.986012, -0.058546, -0.075999, 0.0, 0.0, 0.0, 1.0],
                [0.716562, -0.018639, 0.69727, -0.066604, -0.68063, -0.237291, 0.69313, -0.016346, 0.152534, -0.971267, -0.18272, -0.077327, 0.0, 0.0, 0.0, 1.0],
                [0.487646, -0.294808, 0.821759, -0.065119, -0.808156, -0.508504, 0.297157, 0.002865, 0.330259, -0.809028, -0.486221, -0.080212, 0.0, 0.0, 0.0, 1.0],
                [0.537661, -0.376909, 0.754227, -0.063583, -0.79687, -0.519448, 0.308489, 0.014348, 0.275506, -0.766894, -0.579635, -0.080212, 0.0, 0.0, 0.0, 1.0],
                [0.544355, -0.34073, 0.766537, -0.06428, -0.761462, -0.584063, 0.281144, 0.014903, 0.351907, -0.736741, -0.577392, -0.079552, 0.0, 0.0, 0.0, 1.0],
                [0.530491, -0.286482, 0.797813, -0.065099, -0.715054, -0.656703, 0.23966, 0.013256, 0.455262, -0.697626, -0.553226, -0.079177, 0.0, 0.0, 0.0, 1.0],
                [0.508695, -0.236343, 0.827871, -0.066028, -0.663073, -0.720885, 0.201642, 0.010139, 0.549135, -0.651522, -0.523424, -0.078869, 0.0, 0.0, 0.0, 1.0],
                [0.502512, -0.185288, 0.844481, -0.067178, -0.622421, -0.755462, 0.204626, 0.006041, 0.60005, -0.628458, -0.494956, -0.078315, 0.0, 0.0, 0.0, 1.0],
                [0.521863, -0.122306, 0.844215, -0.06842, -0.595507, -0.760828, 0.257904, 0.001784, 0.61075, -0.637335, -0.469882, -0.077448, 0.0, 0.0, 0.0, 1.0],
                [0.556063, -0.073936, 0.827843, -0.0699, -0.574071, -0.754437, 0.318232, -0.002137, 0.601018, -0.652206, -0.461959, -0.076106, 0.0, 0.0, 0.0, 1.0],
                [0.607165, -0.04166, 0.79348, -0.071631, -0.554338, -0.737657, 0.385454, -0.004996, 0.56925, -0.673899, -0.470973, -0.074343, 0.0, 0.0, 0.0, 1.0],
                [0.675246, -0.028108, 0.737052, -0.073736, -0.52871, -0.715208, 0.457108, -0.00628, 0.51429, -0.698357, -0.497803, -0.072156, 0.0, 0.0, 0.0, 1.0],
                [0.75847, -0.039735, 0.65049, -0.07655, -0.488917, -0.694654, 0.527655, -0.005864, 0.430893, -0.718256, -0.546302, -0.0692, 0.0, 0.0, 0.0, 1.0],
                [0.842406, -0.080323, 0.532812, -0.080169, -0.434343, -0.686415, 0.583254, -0.004449, 0.318876, -0.722771, -0.613129, -0.065084, 0.0, 0.0, 0.0, 1.0],
                [0.909449, -0.135571, 0.393078, -0.084148, -0.369879, -0.695627, 0.615872, -0.002705, 0.189938, -0.705506, -0.682783, -0.059957, 0.0, 0.0, 0.0, 1.0],
                [0.950799, -0.18794, 0.246269, -0.08808, -0.303697, -0.722344, 0.621284, -0.001375, 0.061126, -0.665516, -0.743881, -0.054068, 0.0, 0.0, 0.0, 1.0],
                [0.969704, -0.218633, 0.108912, -0.091526, -0.239373, -0.761929, 0.601807, -0.001214, -0.048591, -0.609653, -0.791181, -0.048007, 0.0, 0.0, 0.0, 1.0],
                [0.973766, -0.227489, 0.00418, -0.09424, -0.189316, -0.799924, 0.569464, -0.001432, -0.126201, -0.555322, -0.822006, -0.042427, 0.0, 0.0, 0.0, 1.0],
                [0.98478, -0.167669, 0.045695, -0.099935, -0.173723, -0.942943, 0.284052, 0.000877, -0.004539, -0.287669, -0.957719, -0.026375, 0.0, 0.0, 0.0, 1.0]
            ]
        },
        {
            "name": "Leg_L",
            "time": [0.0, 0.0333, 0.0667, 0.1, 0.1333, 0.1667, 0.2, 0.2333, 0.2667, 0.3, 0.3333, 0.3667, 0.4, 0.4333, 0.4667, 0.5, 0.5333, 0.5667, 0.6, 0.6333, 0.6667, 0.7, 0.7333, 0.7667, 0.8, 0.8333, 0.8667, 0.9, 0.9333, 0.9667, 1.0, 1.0333, 1.0667, 1.3333],
            "transform": [
                [0.999995, -0.001955, 2.9e-05, -0.0, 2.8e-05, 0.029094, 0.999572, 0.37472, -0.001955, -0.999581, 0.029094, -0.0, 0.0, 0.0, 0.0, 1.0],
                [0.999994, -0.001947, -0.000179, 0.0, -0.000179, -0.182331, 0.983233, 0.37472, -0.001947, -0.983242, -0.182329, -0.0, 0.0, 0.0, 0.0, 1.0],
                [0.999995, -0.001947, -0.000184, -0.0, -0.000185, -0.187624, 0.982237, 0.37472, -0.001947, -0.982245, -0.187622, -0.0, 0.0, 0.0, 0.0, 1.0],
                [0.999995, -0.001931, 0.000314, -0.0, 0.000312, 0.315964, 0.948768, 0.37472, -0.001931, -0.948775, 0.315961, -0.0, 0.0, 0.0, 0.0, 1.0],
                [0.999994, -0.001388, 0.001376, -0.0, 0.001374, 0.999946, 0.010364, 0.37472, -0.00139, -0.010362, 0.999947, 0.0, 0.0, 0.0, 0.0, 1.0],
                [0.999993, -0.001353, 0.00141, 0.0, 0.001408, 0.999197, -0.040061, 0.37472, -0.001355, 0.040063, 0.999198, 0.0, 0.0, 0.0, 0.0, 1.0],
                [0.999994, -0.001457, 0.001304, -0.0, 0.001302, 0.993737, 0.111748, 0.37472, -0.001458, -0.111746, 0.993737, -0.0, 0.0, 0.0, 0.0, 1.0],
                [0.999995, -0.001614, 0.001104, -0.0, 0.001102, 0.931692, 0.363251, 0.37472, -0.001615, -0.36325, 0.931692, -0.0, 0.0, 0.0, 0.0, 1.0],
                [0.999995, -0.001747, 0.00088, 0.0, 0.000878, 0.802806, 0.596241, 0.37472, -0.001748, -0.596241, 0.802804, -0.0, 0.0, 0.0, 0.0, 1.0],
                [0.999994, -0.001877, 0.000555, -0.0, 0.000552, 0.542213, 0.84024, 0.37472, -0.001877, -0.840246, 0.542208, 0.0, 0.0, 0.0, 0.0, 1.0],
                [0.999993, -0.001953, 0.00013, 0.0, 0.000129, 0.132105, 0.991232, 0.37472, -0.001953, -0.991242, 0.132103, -0.0, 0.0, 0.0, 0.0, 1.0],
                [0.999992, -0.001934, -0.000311, 0.0, -0.000311, -0.31354, 0.949571, 0.37472, -0.001934, -0.949584, -0.313535, 0.0, 0.0, 0.0, 0.0, 1.0],
                [0.999993, -0.001844, -0.000657, -0.0, -0.000655, -0.631275, 0.77556, 0.37472, -0.001844, -0.775566, -0.631269, -0.0, 0.0, 0.0, 0.0, 1.0],
                [0.999993, -0.001781, -0.000812, -0.0, -0.00081, -0.754139, 0.656718, 0.37472, -0.001782, -0.656722, -0.754133, 0.0, 0.0, 0.0, 0.0, 1.0],
                [0.999994, -0.001707, -0.000955, 0.0, -0.000954, -0.851813, 0.52385, 0.37472, -0.001708, -0.52385, -0.851809, -0.0, 0.0, 0.0, 0.0, 1.0],
                [0.999994, -0.001685, -0.000993, -0.0, -0.000992, -0.874561, 0.48492, 0.37472, -0.001686, -0.484921, -0.874557, -0.0, 0.0, 0.0, 0.0, 1.0],
                [0.999994, -0.001847, -0.000639, -0.0, -0.00064, -0.618709, 0.78562, 0.37472, -0.001847, -0.785625, -0.618704, 0.0, 0.0, 0.0, 0.0, 1.0],
                [0.999994, -0.001954, 3.9e-05, 0.0, 3.8e-05, 0.039655, 0.999209, 0.37472, -0.001954, -0.999219, 0.039655, 0.0, 0.0, 0.0, 0.0, 1.0],
                [0.999994, -0.001943, 0.000197, -0.0, 0.000199, 0.201653, 0.979453, 0.37472, -0.001943, -0.979462, 0.201651, -0.0, 0.0, 0.0, 0.0, 1.0],
                [0.999994, -0.001943, 0.000207, 0.0, 0.000208, 0.211227, 0.977434, 0.37472, -0.001943, -0.977443, 0.211225, 0.0, 0.0, 0.0, 0.0, 1.0],
                [0.999994, -0.001944, 0.000201, 0.0, 0.000203, 0.206012, 0.978546, 0.37472, -0.001944, -0.978554, 0.20601, -0.0, 0.0, 0.0, 0.0, 1.0],
                [0.999994, -0.001944, 0.000203, -0.0, 0.000203, 0.206882, 0.978363, 0.37472, -0.001944, -0.978371, 0.20688, 0.0, 0.0, 0.0, 0.0, 1.0],
                [0.999994, -0.001947, 0.000177, -0.0, 0.000178, 0.180565, 0.983559, 0.37472, -0.001946, -0.983569, 0.180563, 0.0, 0.0, 0.0, 0.0, 1.0],
                [0.999993, -0.001951, 0.000112, -0.0, 0.000113, 0.114728, 0.993393, 0.37472, -0.001951, -0.993403, 0.114726, -0.0, 0.0, 0.0, 0.0, 1.0],
                [0.999994, -0.001953, 6.2e-05, -0.0, 6.4e-05, 0.064389, 0.997921, 0.37472, -0.001953, -0.997931, 0.064388, 0.0, 0.0, 0.0, 0.0, 1.0],
                [0.999994, -0.001954, 3e-05, 0.0, 3.2e-05, 0.031981, 0.999484, 0.37472, -0.001954, -0.999494, 0.03198, -0.0, 0.0, 0.0, 0.0, 1.0],
                [0.999993, -0.001954, 2.2e-05, 0.0, 2.3e-05, 0.023309, 0.999724, 0.37472, -0.001954, -0.999735, 0.023309, 0.0, 0.0, 0.0, 0.0, 1.0],
                [0.999993, -0.001954, 5.2e-05, 0.0, 5.2e-05, 0.053014, 0.998589, 0.37472, -0.001954, -0.9986, 0.053014, -0.0, 0.0, 0.0, 0.0, 1.0],
                [0.999993, -0.00195, 0.000124, 0.0, 0.000124, 0.126638, 0.991944, 0.37472, -0.00195, -0.991956, 0.126636, -0.0, 0.0, 0.0, 0.0, 1.0],
                [0.999993, -0.001941, 0.00023, 0.0, 0.00023, 0.233627, 0.972322, 0.37472, -0.001941, -0.972333, 0.233624, -0.0, 0.0, 0.0, 0.0, 1.0],
                [0.999993, -0.001922, 0.000357, -0.0, 0.000356, 0.358907, 0.93337, 0.37472, -0.001922, -0.933379, 0.358903, -0.0, 0.0, 0.0, 0.0, 1.0],
                [0.999994, -0.001892, 0.000491, -0.0, 0.00049, 0.485703, 0.874123, 0.37472, -0.001892, -0.874129, 0.485698, 0.0, 0.0, 0.0, 0.0, 1.0],
                [0.999994, -0.001857, 0.00061, 0.0, 0.000608, 0.592327, 0.805698, 0.37472, -0.001857, -0.805701, 0.592323, 0.0, 0.0, 0.0, 0.0, 1.0],
                [0.999995, -0.001678, 0.001003, 0.0, 0.001, 0.880036, 0.474912, 0.37472, -0.00168, -0.474912, 0.880032, 0.0, 0.0, 0.0, 0.0, 1.0]
            ]
        },
        {
            "name": "Knee_L",
            "time": [1.3333, 0.0],
            "transform": [
                [1.0, 0.0, -0.0, -0.0, -0.0, 1e-06, -1.0, 0.37472, -0.0, 1.0, 1e-06, -0.0, 0.0, 0.0, 0.0, 1.0],
                [1.0, 0.0, -0.0, 0.0, -0.0, 1e-06, -1.0, 0.37472, -0.0, 1.0, 1e-06, 0.0, 0.0, 0.0, 0.0, 1.0]
            ]
        },
        {
            "name": "Torso",
            "time": [0.0, 0.0333, 0.0667, 0.1, 0.1333, 0.1667, 0.2, 0.2333, 0.2667, 0.3, 0.3333, 0.3667, 0.4, 0.4333, 0.4667, 0.5, 0.5333, 0.5667, 0.6, 0.6333, 0.6667, 0.7, 0.7333, 0.7667, 0.8, 0.8333, 0.8667, 0.9, 0.9333, 0.9667, 1.0, 1.0333, 1.0667, 1.3333],
            "transform": [
                [0.95458, 0.051578, -0.293453, 0.0, 0.175038, 0.699951, 0.692409, 0.05, 0.241116, -0.712326, 0.659131, -0.0, 0.0, 0.0, 0.0, 1.0],
                [0.947909, 0.11696, -0.296291, 0.0, 0.148774, 0.659914, 0.736464, 0.05, 0.281663, -0.742182, 0.608138, 0.0, 0.0, 0.0, 0.0, 1.0],
                [0.918874, 0.157703, -0.361663, -0.0, 0.168163, 0.672679, 0.720572, 0.05, 0.356919, -0.722933, 0.591587, 0.0, 0.0, 0.0, 0.0, 1.0],
                [0.77861, 0.068461, -0.623763, -0.0, 0.308013, 0.824347, 0.474952, 0.05, 0.546713, -0.561929, 0.620758, 0.0, 0.0, 0.0, 0.0, 1.0],
                [0.571045, -0.092678, -0.81567, -0.0, 0.436829, 0.87556, 0.206339, 0.05, 0.695044, -0.474137, 0.540469, -0.0, 0.0, 0.0, 0.0, 1.0],
                [0.38743, -0.02966, -0.921422, -0.0, 0.40439, 0.903661, 0.140945, 0.05, 0.828473, -0.42722, 0.362099, -0.0, 0.0, 0.0, 0.0, 1.0],
                [0.22009, 0.117557, -0.96837, 0.0, 0.296214, 0.937782, 0.181167, 0.05, 0.929417, -0.326718, 0.171575, -0.0, 0.0, 0.0, 0.0, 1.0],
                [0.115417, 0.288068, -0.950629, -0.0, 0.184074, 0.934247, 0.305452, 0.05, 0.976112, -0.210241, 0.054803, -0.0, 0.0, 0.0, 0.0, 1.0],
                [0.066172, 0.424715, -0.902905, -0.0, 0.126453, 0.894023, 0.429805, 0.05, 0.989762, -0.142616, 0.005452, 0.0, 0.0, 0.0, 0.0, 1.0],
                [0.042496, 0.516715, -0.855102, -0.0, 0.136628, 0.844829, 0.517297, 0.05, 0.989711, -0.138814, -0.034695, -0.0, 0.0, 0.0, 0.0, 1.0],
                [0.076331, 0.591376, -0.802775, -0.0, 0.182825, 0.783173, 0.594319, 0.05, 0.980178, -0.192132, -0.048338, 0.0, 0.0, 0.0, 0.0, 1.0],
                [0.168097, 0.646996, -0.743733, -0.0, 0.21597, 0.711967, 0.668176, 0.05, 0.961821, -0.272943, -0.020052, -0.0, 0.0, 0.0, 0.0, 1.0],
                [0.278307, 0.688037, -0.670186, 0.0, 0.197641, 0.641798, 0.740968, 0.05, 0.939938, -0.338673, 0.042632, -0.0, 0.0, 0.0, 0.0, 1.0],
                [0.39909, 0.726476, -0.559427, -0.0, 0.085199, 0.5781, 0.811505, 0.05, 0.912944, -0.371527, 0.168819, -0.0, 0.0, 0.0, 0.0, 1.0],
                [0.511201, 0.761535, -0.398418, -0.0, -0.057855, 0.493006, 0.8681, 0.05, 0.85751, -0.420724, 0.296084, -0.0, 0.0, 0.0, 0.0, 1.0],
                [0.577339, 0.765927, -0.282906, -0.0, -0.078699, 0.397071, 0.914408, 0.05, 0.812702, -0.505659, 0.289522, 0.0, 0.0, 0.0, 0.0, 1.0],
                [0.619023, 0.712796, -0.329745, -0.0, 0.158447, 0.297879, 0.941362, 0.05, 0.769222, -0.634973, 0.071453, -0.0, 0.0, 0.0, 0.0, 1.0],
                [0.591459, 0.642233, -0.487558, -0.0, 0.499938, 0.182329, 0.846651, 0.05, 0.632643, -0.744509, -0.213236, 0.0, 0.0, 0.0, 0.0, 1.0],
                [0.537495, 0.607537, -0.584806, 0.0, 0.652663, 0.139426, 0.744709, 0.05, 0.533976, -0.781958, -0.321576, 0.0, 0.0, 0.0, 0.0, 1.0],
                [0.537651, 0.586388, -0.605872, 0.0, 0.637462, 0.187634, 0.747285, 0.05, 0.551881, -0.787999, -0.272918, 0.0, 0.0, 0.0, 0.0, 1.0],
                [0.552134, 0.568123, -0.610233, 0.0, 0.584634, 0.25801, 0.769177, 0.05, 0.594433, -0.781452, -0.189688, -0.0, 0.0, 0.0, 0.0, 1.0],
                [0.577097, 0.553172, -0.6008, 0.0, 0.499809, 0.342575, 0.795508, 0.05, 0.645871, -0.759371, -0.078781, -0.0, 0.0, 0.0, 0.0, 1.0],
                [0.607304, 0.542545, -0.580368, 0.0, 0.388871, 0.43402, 0.812653, 0.05, 0.692793, -0.719216, 0.052603, -0.0, 0.0, 0.0, 0.0, 1.0],
                [0.636658, 0.537163, -0.553282, -0.0, 0.265787, 0.520664, 0.811336, 0.05, 0.723894, -0.663599, 0.188715, -0.0, 0.0, 0.0, 0.0, 1.0],
                [0.665332, 0.535665, -0.519996, 0.0, 0.136297, 0.597671, 0.790071, 0.05, 0.734, -0.596534, 0.32464, 0.0, 0.0, 0.0, 0.0, 1.0],
                [0.69336, 0.526422, -0.492068, -0.0, 0.034743, 0.657651, 0.752521, 0.05, 0.719752, -0.538865, 0.4377, 0.0, 0.0, 0.0, 0.0, 1.0],
                [0.72084, 0.509127, -0.470296, -1e-06, -0.035274, 0.704607, 0.70872, 0.05, 0.692203, -0.494285, 0.525868, -0.0, 0.0, 0.0, 0.0, 1.0],
                [0.751278, 0.477692, -0.455401, 0.0, -0.06403, 0.739518, 0.670085, 0.05, 0.656871, -0.474261, 0.586171, -0.0, 0.0, 0.0, 0.0, 1.0],
                [0.784096, 0.429134, -0.448372, -0.0, -0.058093, 0.770011, 0.635381, 0.05, 0.617914, -0.472152, 0.628692, 0.0, 0.0, 0.0, 0.0, 1.0],
                [0.81224, 0.371337, -0.449861, -0.0, -0.030163, 0.796908, 0.603347, 0.05, 0.582543, -0.476493, 0.658481, 0.0, 0.0, 0.0, 0.0, 1.0],
                [0.83524, 0.30639, -0.456616, 0.0, 0.00853, 0.823066, 0.567882, 0.05, 0.549818, -0.478213, 0.684844, 0.0, 0.0, 0.0, 0.0, 1.0],
                [0.850349, 0.244277, -0.466084, 0.0, 0.042735, 0.850741, 0.523845, 0.05, 0.52448, -0.465369, 0.712988, -0.0, 0.0, 0.0, 0.0, 1.0],
                [0.863963, 0.189696, -0.466458, 0.0, 0.062381, 0.878876, 0.472954, 0.05, 0.499676, -0.437713, 0.747483, 0.0, 0.0, 0.0, 0.0, 1.0],
                [0.957741, 0.055087, -0.282315, -0.0, 0.001026, 0.980828, 0.194865, 0.05, 0.287638, -0.186919, 0.939322, -0.0, 0.0, 0.0, 0.0, 1.0]
            ]
        },
        {
            "name": "Chest",
            "time": [0.0, 0.0333, 0.0667, 0.1, 0.1333, 0.1667, 0.2, 0.2333, 0.2667, 0.3, 0.3333, 0.3667, 0.4, 0.4333, 0.4667, 0.5, 0.5333, 0.5667, 0.6, 0.6333, 0.6667, 0.7, 0.7333, 0.7667, 0.8, 0.8333, 0.8667, 0.9, 0.9333, 0.9667, 1.0, 1.0333, 1.0667, 1.3333],
            "transform": [
                [0.988995, 0.039936, 0.142461, 0.0, -0.004119, 0.969941, -0.243303, 0.3, -0.147896, 0.240038, 0.959431, 0.0, 0.0, 0.0, 0.0, 1.0],
                [0.992394, -0.082036, -0.091788, -0.0, 0.029342, 0.881741, -0.470818, 0.3, 0.119557, 0.464543, 0.877442, -0.0, 0.0, 0.0, 0.0, 1.0],
                [0.955252, -0.194439, -0.22291, 0.0, 0.033323, 0.819534, -0.57206, 0.3, 0.293913, 0.539032, 0.789341, -0.0, 0.0, 0.0, 0.0, 1.0],
                [0.986307, -0.079422, -0.144543, 0.0, 0.038888, 0.963691, -0.264169, 0.3, 0.160276, 0.25493, 0.953584, 0.0, 0.0, 0.0, 0.0, 1.0],
                [0.998725, 0.049934, 0.007523, 0.0, -0.050179, 0.998052, 0.037065, 0.3, -0.005658, -0.037396, 0.999285, 0.0, 0.0, 0.0, 0.0, 1.0],
                [0.990854, 0.067079, 0.117091, 0.0, -0.057724, 0.994996, -0.081544, 0.3, -0.121975, 0.074039, 0.989768, -0.0, 0.0, 0.0, 0.0, 1.0],
                [0.971362, 0.094989, 0.217795, -0.0, -0.020927, 0.947253, -0.319801, 0.3, -0.236685, 0.306085, 0.922113, 0.0, 0.0, 0.0, 0.0, 1.0],
                [0.94717, 0.148926, 0.284059, -0.0, 0.029509, 0.841439, -0.539545, 0.3, -0.319371, 0.519424, 0.792591, -0.0, 0.0, 0.0, 0.0, 1.0],
                [0.929832, 0.192111, 0.313857, -0.0, 0.056294, 0.768607, -0.63724, 0.3, -0.363653, 0.610194, 0.703861, -0.0, 0.0, 0.0, 0.0, 1.0],
                [0.92407, 0.196939, 0.327582, 0.0, 0.034376, 0.810748, -0.584384, 0.3, -0.380675, 0.551273, 0.742418, -0.0, 0.0, 0.0, 0.0, 1.0],
                [0.927768, 0.172429, 0.330933, 0.0, -0.014302, 0.902618, -0.430203, 0.3, -0.372885, 0.394395, 0.839887, -0.0, 0.0, 0.0, 0.0, 1.0],
                [0.941307, 0.132346, 0.310526, -0.0, -0.05708, 0.969093, -0.239998, 0.3, -0.332691, 0.208187, 0.919769, 0.0, 0.0, 0.0, 0.0, 1.0],
                [0.961723, 0.085624, 0.260303, 0.0, -0.058963, 0.992338, -0.108574, 0.3, -0.267605, 0.08907, 0.959403, 0.0, 0.0, 0.0, 0.0, 1.0],
                [0.992956, -0.033671, 0.113607, -0.0, 0.044829, 0.99426, -0.09714, 0.3, -0.109684, 0.101548, 0.988765, -0.0, 0.0, 0.0, 0.0, 1.0],
                [0.978126, -0.194932, -0.072609, 0.0, 0.179452, 0.967271, -0.1794, 0.3, 0.105203, 0.162446, 0.981093, 0.0, 0.0, 0.0, 0.0, 1.0],
                [0.959119, -0.247859, -0.136591, 0.0, 0.202669, 0.938431, -0.279774, 0.3, 0.197525, 0.240654, 0.9503, 0.0, 0.0, 0.0, 0.0, 1.0],
                [0.99953, -0.022382, 0.020929, -0.0, 0.028691, 0.923436, -0.382678, 0.3, -0.010761, 0.383099, 0.923644, 0.0, 0.0, 0.0, 0.0, 1.0],
                [0.903367, 0.356389, 0.238568, 0.0, -0.199079, 0.84118, -0.502775, 0.3, -0.379863, 0.406697, 0.830844, -0.0, 0.0, 0.0, 0.0, 1.0],
                [0.771362, 0.537566, 0.340623, -0.0, -0.299712, 0.77902, -0.550726, 0.3, -0.561405, 0.322719, 0.762022, -0.0, 0.0, 0.0, 0.0, 1.0],
                [0.781953, 0.518428, 0.346097, 0.0, -0.30567, 0.802803, -0.511929, 0.3, -0.543247, 0.294512, 0.786223, -0.0, 0.0, 0.0, 0.0, 1.0],
                [0.824699, 0.457581, 0.332403, -0.0, -0.290878, 0.8472, -0.44457, 0.3, -0.485039, 0.269947, 0.831785, -0.0, 0.0, 0.0, 0.0, 1.0],
                [0.882247, 0.366632, 0.295332, -0.0, -0.254758, 0.899325, -0.355405, 0.3, -0.395903, 0.238317, 0.886829, -0.0, 0.0, 0.0, 0.0, 1.0],
                [0.936856, 0.258903, 0.235096, -0.0, -0.197316, 0.946355, -0.255886, 0.3, -0.288735, 0.19334, 0.937684, 0.0, 0.0, 0.0, 0.0, 1.0],
                [0.976289, 0.150046, 0.156039, 0.0, -0.125564, 0.979674, -0.156431, 0.3, -0.176339, 0.133129, 0.975285, 0.0, 0.0, 0.0, 0.0, 1.0],
                [0.996048, 0.053824, 0.070646, -0.0, -0.048641, 0.996134, -0.073143, 0.3, -0.07431, 0.069417, 0.994816, 0.0, 0.0, 0.0, 0.0, 1.0],
                [0.999842, -0.017254, -0.004183, 0.0, 0.017186, 0.999725, -0.015936, 0.3, 0.004456, 0.015861, 0.999864, 0.0, 0.0, 0.0, 0.0, 1.0],
                [0.996612, -0.061902, -0.054167, -0.0, 0.062393, 0.998024, 0.007422, 0.3, 0.0536, -0.010776, 0.998504, 0.0, 0.0, 0.0, 0.0, 1.0],
                [0.994689, -0.079397, -0.065511, 0.0, 0.077945, 0.996657, -0.024444, 0.3, 0.067233, 0.019208, 0.997552, -0.0, 0.0, 0.0, 0.0, 1.0],
                [0.99617, -0.074133, -0.046369, 0.0, 0.06883, 0.991868, -0.107051, 0.3, 0.053928, 0.103449, 0.993172, 0.0, 0.0, 0.0, 0.0, 1.0],
                [0.998648, -0.050628, -0.01173, 0.0, 0.046851, 0.974741, -0.218371, 0.3, 0.022489, 0.217527, 0.975795, 0.0, 0.0, 0.0, 0.0, 1.0],
                [0.999598, -0.01257, 0.025413, -0.0, 0.02025, 0.943897, -0.329618, 0.3, -0.019844, 0.33, 0.943772, -0.0, 0.0, 0.0, 0.0, 1.0],
                [0.998066, 0.025541, 0.056663, -0.0, 0.000433, 0.90879, -0.417253, 0.3, -0.062152, 0.416471, 0.907022, -0.0, 0.0, 0.0, 0.0, 1.0],
                [0.995797, 0.049429, 0.077104, -0.0, -0.0082, 0.886597, -0.46247, 0.3, -0.091219, 0.459894, 0.883276, -0.0, 0.0, 0.0, 0.0, 1.0],
                [0.999264, 0.027102, 0.027225, 0.0, -0.021231, 0.980256, -0.196584, 0.3, -0.032016, 0.19586, 0.980109, -0.0, 0.0, 0.0, 0.0, 1.0]
            ]
        },
        {
            "name": "Head",
