{
    "animation": [
        {
            "name": "Root",
            "time": [0.0, 0.0333, 0.0667, 0.1, 0.1333, 0.1667, 0.2, 0.2333, 0.2667, 0.3, 0.3333, 0.3667, 0.4, 0.4333, 0.4667, 0.5, 0.5333, 0.5667, 0.6, 0.6333, 0.6667, 0.7, 0.7333, 0.7667, 0.8, 0.8333, 0.8667, 0.9, 0.9333, 0.9667, 1.0, 1.0333, 1.0667, 1.1, 1.3333],
            "transform": [
                [1.0, 0.00019, 0.0, 8.8e-05, -0.0, 0.003903, -0.999992, 0.001593, -0.00019, 0.999992, 0.003903, 0.509464, 0.0, 0.0, 0.0, 1.0],
                [0.999994, -0.000536, 0.003469, 0.189143, 0.003471, 0.003871, -0.999986, -0.027294, 0.000522, 0.999992, 0.003872, 0.475188, 0.0, 0.0, 0.0, 1.0],
                [0.999994, -0.001292, 0.003066, 0.389663, 0.00307, 0.003688, -0.999988, -0.050744, 0.001281, 0.999992, 0.003692, 0.446449, 0.0, 0.0, 0.0, 1.0],
                [0.999994, -0.001576, 0.002963, 0.624728, 0.002969, 0.003576, -0.999989, -0.068466, 0.001565, 0.999992, 0.003581, 0.433803, 0.0, 0.0, 0.0, 1.0],
                [0.999994, -0.001648, 0.00294, 0.871325, 0.002946, 0.003543, -0.999989, -0.059168, 0.001637, 0.999992, 0.003548, 0.42771, 0.0, 0.0, 0.0, 1.0],
                [0.999994, -0.001769, 0.002905, 1.114366, 0.002911, 0.003485, -0.99999, -0.000973, 0.001758, 0.999992, 0.00349, 0.425256, 0.0, 0.0, 0.0, 1.0],
                [0.999994, -0.001881, 0.002876, 1.358866, 0.002882, 0.003425, -0.99999, 0.07732, 0.001871, 0.999992, 0.00343, 0.426399, 0.0, 0.0, 0.0, 1.0],
                [0.999994, -0.001977, 0.002853, 1.600465, 0.00286, 0.003371, -0.99999, 0.147684, 0.001968, 0.999992, 0.003376, 0.421872, 0.0, 0.0, 0.0, 1.0],
                [0.999994, -0.002047, 0.002839, 1.834805, 0.002846, 0.00333, -0.99999, 0.182096, 0.002038, 0.999992, 0.003336, 0.40241, 0.0, 0.0, 0.0, 1.0],
                [0.999993, -0.002116, 0.002824, 2.064839, 0.002831, 0.003286, -0.99999, 0.164767, 0.002106, 0.999992, 0.003292, 0.359015, 0.0, 0.0, 0.0, 1.0],
                [0.999993, -0.002218, 0.002807, 2.291513, 0.002814, 0.003217, -0.999991, 0.113409, 0.002209, 0.999992, 0.003224, 0.297854, 0.0, 0.0, 0.0, 1.0],
                [0.999993, -0.002327, 0.00279, 2.507461, 0.002798, 0.00314, -0.999991, 0.050264, 0.002318, 0.999992, 0.003146, 0.236694, 0.0, 0.0, 0.0, 1.0],
                [0.999993, -0.002364, 0.002786, 2.705329, 0.002793, 0.003112, -0.999991, -0.002427, 0.002355, 0.999992, 0.003118, 0.187548, 0.0, 0.0, 0.0, 1.0],
                [0.999993, -0.002185, 0.002812, 2.871294, 0.002819, 0.003239, -0.999991, -0.042301, 0.002176, 0.999992, 0.003245, 0.1566, 0.0, 0.0, 0.0, 1.0],
                [0.999994, -0.001849, 0.002884, 3.009477, 0.00289, 0.003443, -0.99999, -0.07677, 0.001839, 0.999992, 0.003448, 0.139903, 0.0, 0.0, 0.0, 1.0],
                [0.999994, -0.001603, 0.002954, 3.13944, 0.00296, 0.003564, -0.999989, -0.098242, 0.001592, 0.999992, 0.003568, 0.138616, 0.0, 0.0, 0.0, 1.0],
                [0.999994, -0.00163, 0.002946, 3.279559, 0.002951, 0.003552, -0.999989, -0.099488, 0.001619, 0.999992, 0.003557, 0.160794, 0.0, 0.0, 0.0, 1.0],
                [0.999994, -0.00177, 0.002905, 3.411453, 0.002911, 0.003484, -0.99999, -0.088244, 0.00176, 0.999992, 0.003489, 0.198399, 0.0, 0.0, 0.0, 1.0],
                [0.999994, -0.00184, 0.002886, 3.499542, 0.002892, 0.003447, -0.99999, -0.077007, 0.00183, 0.999992, 0.003452, 0.228401, 0.0, 0.0, 0.0, 1.0],
                [0.999994, -0.001818, 0.002892, 3.548499, 0.002898, 0.003459, -0.99999, -0.072003, 0.001808, 0.999992, 0.003464, 0.244804, 0.0, 0.0, 0.0, 1.0],
                [0.999994, -0.001797, 0.002898, 3.588022, 0.002904, 0.00347, -0.99999, -0.067006, 0.001787, 0.999992, 0.003475, 0.257855, 0.0, 0.0, 0.0, 1.0],
                [0.999994, -0.001765, 0.002906, 3.620079, 0.002912, 0.003487, -0.99999, -0.06201, 0.001755, 0.999992, 0.003492, 0.268772, 0.0, 0.0, 0.0, 1.0],
                [0.999994, -0.001723, 0.002918, 3.646631, 0.002924, 0.003508, -0.999989, -0.057013, 0.001712, 0.999992, 0.003513, 0.279689, 0.0, 0.0, 0.0, 1.0],
                [0.999994, -0.001671, 0.002933, 3.66964, 0.002939, 0.003532, -0.999989, -0.052014, 0.001661, 0.999992, 0.003537, 0.290606, 0.0, 0.0, 0.0, 1.0],
                [0.999994, -0.00161, 0.002952, 3.691071, 0.002958, 0.003561, -0.999989, -0.04701, 0.001599, 0.999992, 0.003565, 0.303951, 0.0, 0.0, 0.0, 1.0],
                [0.999994, -0.001537, 0.002976, 3.712886, 0.002981, 0.003593, -0.999989, -0.041999, 0.001526, 0.999992, 0.003597, 0.320791, 0.0, 0.0, 0.0, 1.0],
                [0.999994, -0.001452, 0.003005, 3.73705, 0.00301, 0.003628, -0.999989, -0.036976, 0.001441, 0.999992, 0.003632, 0.342501, 0.0, 0.0, 0.0, 1.0],
                [0.999994, -0.001342, 0.003047, 3.762253, 0.003052, 0.003671, -0.999989, -0.031935, 0.001331, 0.999992, 0.003675, 0.372757, 0.0, 0.0, 0.0, 1.0],
                [0.999994, -0.001196, 0.003106, 3.785855, 0.00311, 0.00372, -0.999988, -0.02581, 0.001185, 0.999992, 0.003724, 0.411649, 0.0, 0.0, 0.0, 1.0],
                [0.999994, -0.001027, 0.003184, 3.807822, 0.003188, 0.00377, -0.999988, -0.019674, 0.001015, 0.999992, 0.003773, 0.455405, 0.0, 0.0, 0.0, 1.0],
                [0.999994, -0.000845, 0.003278, 3.82812, 0.003282, 0.003815, -0.999987, -0.013537, 0.000833, 0.999992, 0.003818, 0.499161, 0.0, 0.0, 0.0, 1.0],
                [0.999994, -0.000665, 0.003385, 3.846709, 0.003387, 0.003851, -0.999987, -0.008491, 0.000652, 0.999992, 0.003853, 0.539729, 0.0, 0.0, 0.0, 1.0],
                [0.999994, -0.000502, 0.003492, 3.863545, 0.003494, 0.003875, -0.999986, -0.003463, 0.000489, 0.999992, 0.003877, 0.572789, 0.0, 0.0, 0.0, 1.0],
                [0.999993, -0.000353, 0.003609, 3.876594, 0.003611, 0.003894, -0.999986, -0.001078, 0.000339, 0.999992, 0.003895, 0.594197, 0.0, 0.0, 0.0, 1.0],
                [1.0, 0.000207, 1e-06, 3.906084, -0.0, 0.003902, -0.999992, 0.002245, -0.000207, 0.999992, 0.003902, 0.64992, 0.0, 0.0, 0.0, 1.0]
            ]
        },
        {
            "name": "Thigh_R",
            "time": [0.0, 0.0333, 0.0667, 0.1, 0.1333, 0.1667, 0.2, 0.2333, 0.2667, 0.3, 0.3333, 0.3667, 0.4, 0.4333, 0.4667, 0.5, 0.5333, 0.5667, 0.6, 0.6333, 0.6667, 0.7, 0.7333, 0.7667, 0.8, 0.8333, 0.8667, 0.9, 0.9333, 0.9667, 1.0, 1.0333, 1.0667, 1.1, 1.3333],
            "transform": [
                [0.99415, 0.107518, -0.005349, 0.099923, 0.10315, -0.937344, 0.332888, 0.000877, 0.030775, -0.331518, -0.942951, -0.026375, 0.0, 0.0, 0.0, 1.0],
                [0.995259, 0.020761, 0.094739, 0.099923, -0.050921, -0.719504, 0.692638, 0.000877, 0.08254, -0.694216, -0.715036, -0.026375, 0.0, 0.0, 0.0, 1.0],
                [0.963493, -0.038236, 0.264967, 0.099923, -0.250067, -0.481897, 0.839788, 0.000877, 0.095576, -0.875399, -0.473867, -0.026375, 0.0, 0.0, 0.0, 1.0],
                [0.878202, -0.385597, 0.282928, 0.099923, -0.44904, -0.461271, 0.765241, 0.000877, -0.164561, -0.799117, -0.578238, -0.026375, 0.0, 0.0, 0.0, 1.0],
                [0.740172, -0.664387, 0.10358, 0.099923, -0.51701, -0.463904, 0.719368, 0.000877, -0.429858, -0.586048, -0.686863, -0.026375, 0.0, 0.0, 0.0, 1.0],
                [0.603179, -0.794583, -0.06951, 0.099924, -0.506042, -0.448641, 0.73664, 0.000877, -0.616465, -0.409178, -0.672704, -0.026375, 0.0, 0.0, 0.0, 1.0],
                [0.431994, -0.879332, -0.200479, 0.099923, -0.45413, -0.404162, 0.793987, 0.000877, -0.779158, -0.251969, -0.573927, -0.026375, 0.0, 0.0, 0.0, 1.0],
                [0.262777, -0.92586, -0.271611, 0.099923, -0.367551, -0.356346, 0.859025, 0.000877, -0.892079, -0.125907, -0.43394, -0.026375, 0.0, 0.0, 0.0, 1.0],
                [0.12596, -0.938827, -0.320587, 0.099923, -0.288028, -0.343859, 0.893757, 0.000877, -0.949278, -0.020241, -0.313721, -0.026375, 0.0, 0.0, 0.0, 1.0],
                [0.036611, -0.92981, -0.366273, 0.099923, -0.250202, -0.363382, 0.897416, 0.000877, -0.967476, 0.058789, -0.245944, -0.026375, 0.0, 0.0, 0.0, 1.0],
                [0.038111, -0.990521, -0.132212, 0.099923, -0.300622, -0.137549, 0.94377, 0.000877, -0.952946, 0.003778, -0.303016, -0.026375, 0.0, 0.0, 0.0, 1.0],
                [0.238308, -0.92114, 0.307813, 0.099923, -0.469061, 0.16836, 0.866965, 0.000877, -0.850378, -0.351004, -0.39195, -0.026375, 0.0, 0.0, 0.0, 1.0],
                [0.580741, -0.716509, 0.386472, 0.099923, -0.456697, 0.106243, 0.883252, 0.000877, -0.673897, -0.689462, -0.265528, -0.026375, 0.0, 0.0, 0.0, 1.0],
                [0.8464, -0.505161, 0.168546, 0.099923, -0.24795, -0.093742, 0.964226, 0.000877, -0.471278, -0.857933, -0.204599, -0.026375, 0.0, 0.0, 0.0, 1.0],
                [0.981247, -0.181595, -0.064687, 0.099924, 0.036209, -0.155968, 0.987098, 0.000877, -0.189343, -0.970922, -0.146468, -0.026375, 0.0, 0.0, 0.0, 1.0],
                [0.90376, 0.0135, -0.427869, 0.099923, 0.426716, -0.108468, 0.897861, 0.000877, -0.03429, -0.993986, -0.10379, -0.026375, 0.0, 0.0, 0.0, 1.0],
                [0.621899, 0.118838, -0.774038, 0.099923, 0.769869, -0.273855, 0.576478, 0.000877, -0.143473, -0.954379, -0.2618, -0.026375, 0.0, 0.0, 0.0, 1.0],
                [0.426699, 0.334825, -0.840132, 0.099923, 0.82963, -0.514759, 0.216204, 0.000877, -0.360081, -0.789241, -0.497427, -0.026375, 0.0, 0.0, 0.0, 1.0],
                [0.473042, 0.363692, -0.802472, 0.099924, 0.814402, -0.528003, 0.240765, 0.000877, -0.336149, -0.767415, -0.545959, -0.026375, 0.0, 0.0, 0.0, 1.0],
                [0.514044, 0.340435, -0.787315, 0.099924, 0.783026, -0.56097, 0.268673, 0.000877, -0.350198, -0.75459, -0.554933, -0.026375, 0.0, 0.0, 0.0, 1.0],
                [0.545594, 0.311312, -0.778083, 0.099923, 0.749384, -0.596868, 0.286658, 0.000877, -0.375176, -0.739478, -0.55894, -0.026375, 0.0, 0.0, 0.0, 1.0],
                [0.570789, 0.283483, -0.770608, 0.099922, 0.715363, -0.632383, 0.297234, 0.000877, -0.40306, -0.720921, -0.563751, -0.026375, 0.0, 0.0, 0.0, 1.0],
                [0.592365, 0.249226, -0.766153, 0.099923, 0.685512, -0.655535, 0.316775, 0.000877, -0.423291, -0.712856, -0.559163, -0.026375, 0.0, 0.0, 0.0, 1.0],
                [0.621817, 0.198341, -0.757629, 0.099923, 0.653744, -0.664132, 0.362696, 0.000877, -0.431225, -0.720831, -0.542633, -0.026375, 0.0, 0.0, 0.0, 1.0],
                [0.658251, 0.160332, -0.735524, 0.099923, 0.624061, -0.66265, 0.414057, 0.000877, -0.421005, -0.731572, -0.536247, -0.026375, 0.0, 0.0, 0.0, 1.0],
                [0.704922, 0.135001, -0.696315, 0.099924, 0.591342, -0.653952, 0.471871, 0.000877, -0.391649, -0.744401, -0.540817, -0.026375, 0.0, 0.0, 0.0, 1.0],
                [0.761782, 0.122998, -0.636044, 0.099923, 0.549358, -0.643002, 0.533625, 0.000877, -0.343338, -0.755933, -0.557397, -0.026375, 0.0, 0.0, 0.0, 1.0],
                [0.828858, 0.134334, -0.54308, 0.099923, 0.493287, -0.633414, 0.596203, 0.000877, -0.263899, -0.762076, -0.591276, -0.026375, 0.0, 0.0, 0.0, 1.0],
                [0.892944, 0.173206, -0.415495, 0.099923, 0.42374, -0.634919, 0.646008, 0.000877, -0.151911, -0.752925, -0.640342, -0.026375, 0.0, 0.0, 0.0, 1.0],
                [0.937597, 0.223446, -0.266396, 0.099924, 0.3469, -0.65296, 0.673283, 0.000877, -0.023503, -0.723695, -0.689727, -0.026375, 0.0, 0.0, 0.0, 1.0],
                [0.957013, 0.267724, -0.111513, 0.099922, 0.270829, -0.687476, 0.673821, 0.000877, 0.103733, -0.675068, -0.730431, -0.026375, 0.0, 0.0, 0.0, 1.0],
                [0.956473, 0.289675, 0.035178, 0.099923, 0.198304, -0.733717, 0.649878, 0.000877, 0.214061, -0.614623, -0.759224, -0.026375, 0.0, 0.0, 0.0, 1.0],
                [0.945274, 0.291781, 0.145988, 0.099923, 0.144872, -0.776302, 0.613493, 0.000877, 0.292333, -0.558775, -0.776089, -0.026375, 0.0, 0.0, 0.0, 1.0],
                [0.940402, 0.275005, 0.200015, 0.099923, 0.113648, -0.808555, 0.577347, 0.000877, 0.320493, -0.520213, -0.791621, -0.026375, 0.0, 0.0, 0.0, 1.0],
                [0.856773, 0.268479, 0.4403, 0.124994, 0.233222, -0.963209, 0.133517, -0.002831, 0.459952, -0.011706, -0.887868, -1.2e-05, 0.0, 0.0, 0.0, 1.0]
            ]
        },
        {
            "name": "Leg_R",
            "time": [0.0, 0.0333, 0.0667, 0.1, 0.1333, 0.1667, 0.2, 0.2333, 0.2667, 0.3, 0.3333, 0.3667, 0.4, 0.4333, 0.4667, 0.5, 0.5333, 0.5667, 0.6, 0.6333, 0.6667, 0.7, 0.7333, 0.7667, 0.8, 0.8333, 0.8667, 0.9, 0.9333, 0.9667, 1.0, 1.0333, 1.0667, 1.1, 1.3333],
            "transform": [
                [0.999994, -0.001925, 0.000349, -0.0, 0.000355, 0.354197, 0.935152, 0.37472, -0.001923, -0.935199, 0.354179, 0.0, 0.0, 0.0, 0.0, 1.0],
                [1.000002, -0.001956, -5.6e-05, 0.0, 1e-06, -0.02813, 0.999584, 0.37472, -0.001957, -0.999619, -0.028129, 0.0, 0.0, 0.0, 0.0, 1.0],
                [1.000012, -0.001946, -0.000117, 0.0, -4.5e-05, -0.083198, 0.996524, 0.37472, -0.001949, -0.996527, -0.083197, 0.0, 0.0, 0.0, 0.0, 1.0],
                [1.000002, -0.001941, 0.000189, 0.0, 0.000251, 0.224169, 0.974535, 0.37472, -0.001934, -0.974562, 0.224162, 0.0, 0.0, 0.0, 0.0, 1.0],
                [0.999993, -0.00187, 0.000564, -0.0, 0.000593, 0.565683, 0.824618, 0.37472, -0.001861, -0.824648, 0.565661, 0.0, 0.0, 0.0, 0.0, 1.0],
                [0.999992, -0.001821, 0.000712, -0.0, 0.000724, 0.683278, 0.730162, 0.37472, -0.001817, -0.730183, 0.683256, -0.0, 0.0, 0.0, 0.0, 1.0],
                [0.999993, -0.001796, 0.000774, -0.0, 0.000771, 0.725746, 0.687967, 0.37472, -0.001797, -0.687983, 0.725727, -0.0, 0.0, 0.0, 0.0, 1.0],
                [0.999994, -0.00177, 0.000828, -0.0, 0.000813, 0.762306, 0.647223, 0.37472, -0.001776, -0.647234, 0.762291, -0.0, 0.0, 0.0, 0.0, 1.0],
                [0.999995, -0.001717, 0.000929, 0.0, 0.000908, 0.830403, 0.557169, 0.37472, -0.001728, -0.557174, 0.830394, 0.0, 0.0, 0.0, 0.0, 1.0],
                [0.999988, -0.001636, 0.00107, 0.0, 0.001051, 0.911492, 0.411334, 0.37472, -0.001649, -0.411335, 0.911487, -0.0, 0.0, 0.0, 0.0, 1.0],
                [0.999986, -0.00184, 0.000679, 0.0, 0.000647, 0.635999, 0.771694, 0.37472, -0.001852, -0.771721, 0.635975, 0.0, 0.0, 0.0, 0.0, 1.0],
                [0.999992, -0.001941, -0.000299, 0.0, -0.000327, -0.314395, 0.949259, 0.37472, -0.001937, -0.94934, -0.314367, -0.0, 0.0, 0.0, 0.0, 1.0],
                [0.999995, -0.001723, -0.000927, 0.0, -0.000927, -0.834827, 0.550539, 0.37472, -0.001722, -0.550574, -0.834771, 0.0, 0.0, 0.0, 0.0, 1.0],
                [0.999997, -0.001632, -0.001075, -0.0, -0.00106, -0.91525, 0.402929, 0.37472, -0.001641, -0.402948, -0.915204, 0.0, 0.0, 0.0, 0.0, 1.0],
                [1.000009, -0.001627, -0.001075, 0.0, -0.001051, -0.914091, 0.405516, 0.37472, -0.001643, -0.405523, -0.914069, -0.0, 0.0, 0.0, 0.0, 1.0],
                [1.000023, -0.001696, -0.000962, 0.0, -0.000935, -0.849907, 0.526903, 0.37472, -0.001712, -0.526894, -0.849918, -0.0, 0.0, 0.0, 0.0, 1.0],
                [1.000021, -0.001884, -0.00057, 0.0, -0.000531, -0.53689, 0.843651, 0.37472, -0.001896, -0.843608, -0.536916, 0.0, 0.0, 0.0, 0.0, 1.0],
                [1.000005, -0.001983, 4.3e-05, -0.0, 9.2e-05, 0.068149, 0.997687, 0.37472, -0.001981, -0.997655, 0.068151, -0.0, 0.0, 0.0, 0.0, 1.0],
                [1.000007, -0.001978, 0.00012, -0.0, 0.000172, 0.14659, 0.989207, 0.37472, -0.001974, -0.989176, 0.146595, 0.0, 0.0, 0.0, 0.0, 1.0],
                [1.000006, -0.001976, 0.000114, -0.0, 0.00017, 0.142974, 0.989735, 0.37472, -0.001972, -0.989707, 0.142978, 0.0, 0.0, 0.0, 0.0, 1.0],
                [1.000006, -0.001975, 0.000103, -0.0, 0.000162, 0.133904, 0.991002, 0.37472, -0.001971, -0.990977, 0.133907, -0.0, 0.0, 0.0, 0.0, 1.0],
                [1.000006, -0.001973, 0.000102, 0.0, 0.000165, 0.134812, 0.990876, 0.37472, -0.001969, -0.990855, 0.134815, -0.0, 0.0, 0.0, 0.0, 1.0],
                [1.000006, -0.001973, 8.9e-05, -0.0, 0.00015, 0.121127, 0.992641, 0.37472, -0.001969, -0.992623, 0.121129, 0.0, 0.0, 0.0, 0.0, 1.0],
                [1.000007, -0.001973, 4e-05, -0.0, 0.000104, 0.072853, 0.997347, 0.37472, -0.001971, -0.997329, 0.072854, 0.0, 0.0, 0.0, 0.0, 1.0],
                [1.000007, -0.001971, 7e-06, -0.0, 7.3e-05, 0.040594, 0.999178, 0.37472, -0.00197, -0.999163, 0.040594, 0.0, 0.0, 0.0, 0.0, 1.0],
                [1.000007, -0.001969, -1.1e-05, -0.0, 5.7e-05, 0.023293, 0.99973, 0.37472, -0.001968, -0.999716, 0.023293, 0.0, 0.0, 0.0, 0.0, 1.0],
                [1.000008, -0.001968, -1.2e-05, 0.0, 5.8e-05, 0.023295, 0.999728, 0.37472, -0.001967, -0.999718, 0.023295, 0.0, 0.0, 0.0, 0.0, 1.0],
                [1.000008, -0.001966, 2.2e-05, 0.0, 9.2e-05, 0.057749, 0.998328, 0.37472, -0.001964, -0.998322, 0.057749, 0.0, 0.0, 0.0, 0.0, 1.0],
                [1.000008, -0.001963, 9.6e-05, -0.0, 0.000166, 0.133003, 0.991112, 0.37472, -0.001958, -0.991108, 0.133003, 0.0, 0.0, 0.0, 0.0, 1.0],
                [1.000007, -0.001955, 0.000204, -0.0, 0.00027, 0.239587, 0.970871, 0.37472, -0.001947, -0.970868, 0.239587, 0.0, 0.0, 0.0, 0.0, 1.0],
                [1.000007, -0.001939, 0.000332, -1e-06, 0.000394, 0.362793, 0.931865, 0.37472, -0.001927, -0.931863, 0.362793, 0.0, 0.0, 0.0, 0.0, 1.0],
                [1.000006, -0.001912, 0.000467, 1e-06, 0.000523, 0.487083, 0.873351, 0.37472, -0.001897, -0.873349, 0.487083, -0.0, 0.0, 0.0, 0.0, 1.0],
                [1.000006, -0.001877, 0.000592, 0.0, 0.000639, 0.594177, 0.80433, 0.37472, -0.001861, -0.804329, 0.594176, 0.0, 0.0, 0.0, 0.0, 1.0],
                [1.000005, -0.001844, 0.000684, 0.0, 0.000726, 0.669374, 0.742922, 0.37472, -0.001828, -0.742921, 0.669372, -0.0, 0.0, 0.0, 0.0, 1.0],
                [1.000003, -0.001636, 0.001071, -0.0, 0.001069, 0.916072, 0.401004, 0.37472, -0.001637, -0.401, 0.916076, 0.0, 0.0, 0.0, 0.0, 1.0]
            ]
        },
        {
            "name": "Knee_R",
            "time": [1.3333, 0.0],
            "transform": [
                [1.0, 0.0, -0.0, -0.0, -0.0, 1e-06, -1.0, 0.37472, -0.0, 1.0, 1e-06, 0.0, 0.0, 0.0, 0.0, 1.0],
                [1.0, 0.0, -0.0, -0.0, -0.0, 1e-06, -1.0, 0.37472, -0.0, 1.0, 1e-06, 0.0, 0.0, 0.0, 0.0, 1.0]
            ]
        },
        {
            "name": "Thigh_L",
            "time": [0.0, 0.0333, 0.0667, 0.1, 0.1333, 0.1667, 0.2, 0.2333, 0.2667, 0.3, 0.3333, 0.3667, 0.4, 0.4333, 0.4667, 0.5, 0.5333, 0.5667, 0.6, 0.6333, 0.6667, 0.7, 0.7333, 0.7667, 0.8, 0.8333, 0.8667, 0.9, 0.9333, 0.9667, 1.0, 1.0333, 1.0667, 1.1, 1.3333],
            "transform": [
                [0.989857, -0.082046, 0.116005, -0.102533, -0.140551, -0.685123, 0.714737, -0.003986, 0.020836, -0.723787, -0.689706, -0.012433, 0.0, 0.0, 0.0, 1.0],
                [0.940038, -0.295214, 0.170829, -0.095952, -0.327319, -0.63998, 0.695187, 0.027742, -0.095903, -0.709413, -0.698235, 0.02659, 0.0, 0.0, 0.0, 1.0],
                [0.848982, -0.527683, -0.027959, -0.074772, -0.431383, -0.722658, 0.540067, 0.040702, -0.305189, -0.446444, -0.841158, 0.058612, 0.0, 0.0, 0.0, 1.0],
                [0.721895, -0.691857, -0.014203, -0.066733, -0.304652, -0.33617, 0.891166, 0.035347, -0.621337, -0.638997, -0.453455, 0.070568, 0.0, 0.0, 0.0, 1.0],
                [0.372843, -0.926405, 0.052497, -0.065286, -0.24238, -0.042623, 0.969245, 0.028567, -0.895683, -0.374097, -0.240434, 0.074862, 0.0, 0.0, 0.0, 1.0],
                [0.303833, -0.951371, 0.050723, -0.060643, -0.111228, 0.017454, 0.993642, 0.027219, -0.946214, -0.307541, -0.100516, 0.079145, 0.0, 0.0, 0.0, 1.0],
                [0.302509, -0.952882, 0.022341, -0.055928, -0.001553, 0.022947, 0.999735, 0.02694, -0.953148, -0.302462, 0.005462, 0.082635, 0.0, 0.0, 0.0, 1.0],
                [0.307869, -0.949284, -0.063812, -0.051712, 0.063289, -0.046488, 0.996912, 0.025477, -0.949324, -0.310955, 0.045767, 0.085784, 0.0, 0.0, 0.0, 1.0],
                [0.255045, -0.937498, -0.23674, -0.048591, 0.068982, -0.226571, 0.971549, 0.021387, -0.964467, -0.264119, 0.006884, 0.088678, 0.0, 0.0, 0.0, 1.0],
                [0.147113, -0.813048, -0.563302, -0.044955, -0.196595, -0.58217, 0.788941, 0.012071, -0.969387, -0.005321, -0.245487, 0.092279, 0.0, 0.0, 0.0, 1.0],
                [0.194582, -0.419408, -0.886698, -0.038248, -0.456136, -0.838976, 0.296742, 0.000905, -0.86838, 0.346712, -0.354557, 0.096011, 0.0, 0.0, 0.0, 1.0],
                [-0.167999, 0.129774, -0.977208, -0.030176, -0.360932, -0.930558, -0.06153, -0.006782, -0.917338, 0.342368, 0.203173, 0.098616, 0.0, 0.0, 0.0, 1.0],
                [-0.324457, -0.17931, -0.92875, -0.02684, -0.30594, -0.909197, 0.282415, -0.007004, -0.895061, 0.375771, 0.240138, 0.09956, 0.0, 0.0, 0.0, 1.0],
                [-0.356193, -0.492212, -0.794263, -0.037454, -0.112659, -0.821188, 0.559423, 0.00319, -0.927599, 0.288742, 0.237049, 0.096276, 0.0, 0.0, 0.0, 1.0],
                [-0.106955, -0.781855, -0.614214, -0.054998, 0.090666, -0.622851, 0.777067, 0.018479, -0.990125, 0.027423, 0.137505, 0.085534, 0.0, 0.0, 0.0, 1.0],
                [0.383607, -0.873508, -0.299703, -0.065281, 0.034801, -0.310625, 0.949894, 0.025972, -0.922847, -0.374812, -0.088759, 0.075806, 0.0, 0.0, 0.0, 1.0],
                [0.532729, -0.84511, 0.044542, -0.065409, -0.255898, -0.110691, 0.960346, 0.017314, -0.806676, -0.522997, -0.275231, 0.078132, 0.0, 0.0, 0.0, 1.0],
                [0.419715, -0.894034, 0.156634, -0.059967, -0.409652, -0.032592, 0.91166, 0.001153, -0.80996, -0.446799, -0.379923, 0.084174, 0.0, 0.0, 0.0, 1.0],
                [0.332534, -0.934774, 0.124942, -0.056379, -0.442147, -0.037506, 0.896159, -0.008743, -0.833029, -0.353242, -0.42578, 0.086182, 0.0, 0.0, 0.0, 1.0],
                [0.307277, -0.948431, 0.07779, -0.057282, -0.450052, -0.072808, 0.890031, -0.009436, -0.838478, -0.308492, -0.449215, 0.085511, 0.0, 0.0, 0.0, 1.0],
                [0.285142, -0.957775, 0.036757, -0.058585, -0.441289, -0.097139, 0.892093, -0.008289, -0.850863, -0.270591, -0.450355, 0.084744, 0.0, 0.0, 0.0, 1.0],
                [0.263777, -0.964578, 0.001155, -0.060209, -0.42149, -0.114183, 0.899616, -0.005811, -0.867628, -0.237782, -0.436679, 0.083806, 0.0, 0.0, 0.0, 1.0],
                [0.2439, -0.969342, -0.029653, -0.062209, -0.395521, -0.127341, 0.909587, -0.002697, -0.885486, -0.210118, -0.414454, 0.082494, 0.0, 0.0, 0.0, 1.0],
                [0.226209, -0.972297, -0.058817, -0.064612, -0.369143, -0.141446, 0.918547, 0.000698, -0.901429, -0.186069, -0.390913, 0.080669, 0.0, 0.0, 0.0, 1.0],
                [0.212064, -0.973039, -0.090638, -0.067372, -0.345494, -0.161405, 0.924436, 0.003596, -0.914152, -0.164723, -0.370408, 0.078299, 0.0, 0.0, 0.0, 1.0],
                [0.20073, -0.96993, -0.137601, -0.070515, -0.329814, -0.199167, 0.922798, 0.005534, -0.922465, -0.139849, -0.359875, 0.075364, 0.0, 0.0, 0.0, 1.0],
                [0.195942, -0.959566, -0.202068, -0.074016, -0.325831, -0.258062, 0.909526, 0.006038, -0.924905, -0.112373, -0.363222, 0.071888, 0.0, 0.0, 0.0, 1.0],
                [0.261395, -0.917067, -0.301086, -0.078474, -0.415756, -0.388482, 0.822331, 0.005066, -0.871108, -0.089774, -0.482824, 0.067076, 0.0, 0.0, 0.0, 1.0],
                [0.363472, -0.848017, -0.385681, -0.083773, -0.53649, -0.528989, 0.657532, 0.003364, -0.761626, -0.03208, -0.647226, 0.060447, 0.0, 0.0, 0.0, 1.0],
                [0.491335, -0.791364, -0.363772, -0.089201, -0.567932, -0.607752, 0.555058, 0.00184, -0.660341, -0.066121, -0.748051, 0.052182, 0.0, 0.0, 0.0, 1.0],
                [0.659083, -0.706687, -0.257298, -0.094045, -0.548032, -0.685581, 0.479206, 0.001025, -0.515051, -0.174827, -0.839142, 0.042871, 0.0, 0.0, 0.0, 1.0],
                [0.809202, -0.576453, -0.113558, -0.097837, -0.470648, -0.751687, 0.462011, 0.00182, -0.351689, -0.320413, -0.879574, 0.033285, 0.0, 0.0, 0.0, 1.0],
                [0.905283, -0.424538, -0.015243, -0.100348, -0.362939, -0.791578, 0.491606, 0.002531, -0.220772, -0.439509, -0.870684, 0.024643, 0.0, 0.0, 0.0, 1.0],
                [0.949647, -0.312077, -0.027952, -0.101968, -0.25324, -0.817004, 0.518045, 0.002193, -0.184507, -0.48488, -0.854896, 0.016774, 0.0, 0.0, 0.0, 1.0],
                [0.98478, -0.167669, 0.045695, -0.099935, -0.173723, -0.942943, 0.284052, 0.000877, -0.004539, -0.287669, -0.957719, -0.026375, 0.0, 0.0, 0.0, 1.0]
            ]
        },
        {
            "name": "Leg_L",
            "time": [0.0, 0.0333, 0.0667, 0.1, 0.1333, 0.1667, 0.2, 0.2333, 0.2667, 0.3, 0.3333, 0.3667, 0.4, 0.4333, 0.4667, 0.5, 0.5333, 0.5667, 0.6, 0.6333, 0.6667, 0.7, 0.7333, 0.7667, 0.8, 0.8333, 0.8667, 0.9, 0.9333, 0.9667, 1.0, 1.0333, 1.0667, 1.1, 1.3333],
            "transform": [
                [1.0, -0.001934, 0.000296, -0.0, 0.000294, 0.298067, 0.954548, 0.37472, -0.001934, -0.954539, 0.298069, 0.0, 0.0, 0.0, 0.0, 1.0],
                [1.0, -0.00188, 0.000539, -0.0, 0.000538, 0.529558, 0.848275, 0.37472, -0.00188, -0.848267, 0.529561, 0.0, 0.0, 0.0, 0.0, 1.0],
                [0.999999, -0.001522, 0.001226, 0.0, 0.001224, 0.976767, 0.214297, 0.37472, -0.001524, -0.214295, 0.976767, -0.0, 0.0, 0.0, 0.0, 1.0],
                [1.0, -0.001909, 0.00042, 0.0, 0.000419, 0.419206, 0.907893, 0.37472, -0.00191, -0.907885, 0.419209, -0.0, 0.0, 0.0, 0.0, 1.0],
                [1.000001, -0.001954, -8.8e-05, -0.0, -9e-05, -0.090673, 0.995883, 0.37472, -0.001954, -0.995874, -0.090673, 0.0, 0.0, 0.0, 0.0, 1.0],
                [1.000002, -0.001897, -0.000478, -0.0, -0.000479, -0.474426, 0.880294, 0.37472, -0.001896, -0.88029, -0.474427, 0.0, 0.0, 0.0, 0.0, 1.0],
                [1.000003, -0.001789, -0.000791, -0.0, -0.000792, -0.74038, 0.672185, 0.37472, -0.001788, -0.672183, -0.74038, 0.0, 0.0, 0.0, 0.0, 1.0],
                [1.000002, -0.001676, -0.001007, 0.0, -0.001008, -0.883059, 0.469258, 0.37472, -0.001676, -0.469257, -0.883058, -0.0, 0.0, 0.0, 0.0, 1.0],
                [1.000001, -0.001605, -0.001116, 0.0, -0.001116, -0.937438, 0.34815, 0.37472, -0.001606, -0.348149, -0.937437, 0.0, 0.0, 0.0, 0.0, 1.0],
                [1.000002, -0.001736, -0.000901, 0.0, -0.000903, -0.818531, 0.574459, 0.37472, -0.001735, -0.574457, -0.818532, 0.0, 0.0, 0.0, 0.0, 1.0],
                [1.000003, -0.001897, -0.000473, 0.0, -0.000478, -0.471585, 0.881822, 0.37472, -0.001896, -0.88181, -0.47159, -0.0, 0.0, 0.0, 0.0, 1.0],
                [1.000003, -0.00195, -0.000136, 0.0, -0.000143, -0.142086, 0.989857, 0.37472, -0.00195, -0.989845, -0.142088, 0.0, 0.0, 0.0, 0.0, 1.0],
                [1.000003, -0.001865, -0.000588, -0.0, -0.000592, -0.575306, 0.817936, 0.37472, -0.001864, -0.817931, -0.575309, -0.0, 0.0, 0.0, 0.0, 1.0],
                [1.000003, -0.001785, -0.000798, 0.0, -0.000797, -0.744842, 0.667237, 0.37472, -0.001785, -0.667235, -0.744843, -0.0, 0.0, 0.0, 0.0, 1.0],
                [1.000003, -0.001752, -0.000868, 0.0, -0.000866, -0.794916, 0.606715, 0.37472, -0.001753, -0.606712, -0.794917, -0.0, 0.0, 0.0, 0.0, 1.0],
                [1.000003, -0.001754, -0.000864, 0.0, -0.000862, -0.792252, 0.61019, 0.37472, -0.001754, -0.610184, -0.792257, -0.0, 0.0, 0.0, 0.0, 1.0],
                [1.000001, -0.001807, -0.000749, 0.0, -0.000749, -0.707541, 0.706671, 0.37472, -0.001807, -0.706663, -0.707547, -0.0, 0.0, 0.0, 0.0, 1.0],
                [1.000001, -0.001887, -0.00052, -0.0, -0.000522, -0.513341, 0.858187, 0.37472, -0.001887, -0.858174, -0.513348, -0.0, 0.0, 0.0, 0.0, 1.0],
                [1.000001, -0.001935, -0.000302, -0.0, -0.000303, -0.305417, 0.952223, 0.37472, -0.001935, -0.952209, -0.305421, -0.0, 0.0, 0.0, 0.0, 1.0],
                [1.000001, -0.001952, -0.000158, 0.0, -0.00016, -0.161882, 0.986815, 0.37472, -0.001952, -0.9868, -0.161884, -0.0, 0.0, 0.0, 0.0, 1.0],
                [1.0, -0.001958, -4e-05, -0.0, -4.3e-05, -0.042523, 0.999101, 0.37472, -0.001958, -0.999086, -0.042524, -0.0, 0.0, 0.0, 0.0, 1.0],
                [1.0, -0.001958, 5.8e-05, 0.0, 5.5e-05, 0.057762, 0.998336, 0.37472, -0.001958, -0.998321, 0.057763, 0.0, 0.0, 0.0, 0.0, 1.0],
                [1.0, -0.001953, 0.000135, 0.0, 0.000133, 0.136652, 0.990624, 0.37472, -0.001953, -0.99061, 0.136654, -0.0, 0.0, 0.0, 0.0, 1.0],
                [1.0, -0.001946, 0.000207, -0.0, 0.000205, 0.209489, 0.977815, 0.37472, -0.001947, -0.977802, 0.209492, 0.0, 0.0, 0.0, 0.0, 1.0],
                [1.0, -0.001935, 0.000283, -0.0, 0.00028, 0.284914, 0.958557, 0.37472, -0.001936, -0.958545, 0.284917, -0.0, 0.0, 0.0, 0.0, 1.0],
                [1.0, -0.00192, 0.000377, -0.0, 0.000376, 0.377542, 0.925996, 0.37472, -0.00192, -0.925984, 0.377546, 0.0, 0.0, 0.0, 0.0, 1.0],
                [1.0, -0.001891, 0.000501, 0.0, 0.000498, 0.493377, 0.869818, 0.37472, -0.001892, -0.869808, 0.493381, 0.0, 0.0, 0.0, 0.0, 1.0],
                [1.000001, -0.00183, 0.000693, 0.0, 0.00069, 0.661474, 0.749967, 0.37472, -0.001831, -0.749959, 0.661479, 0.0, 0.0, 0.0, 0.0, 1.0],
                [1.000001, -0.001709, 0.000952, -0.0, 0.000949, 0.849541, 0.527518, 0.37472, -0.00171, -0.527513, 0.849545, -0.0, 0.0, 0.0, 0.0, 1.0],
                [1.000001, -0.001747, 0.000881, 0.0, 0.000876, 0.802367, 0.596827, 0.37472, -0.00175, -0.596822, 0.802371, -0.0, 0.0, 0.0, 0.0, 1.0],
                [1.000001, -0.001818, 0.000724, 0.0, 0.000716, 0.684376, 0.729127, 0.37472, -0.001821, -0.72912, 0.684381, -0.0, 0.0, 0.0, 0.0, 1.0],
                [1.000002, -0.001876, 0.000554, 0.0, 0.000546, 0.539557, 0.841949, 0.37472, -0.001879, -0.841941, 0.539561, 0.0, 0.0, 0.0, 0.0, 1.0],
                [1.000001, -0.001902, 0.000457, 0.0, 0.000451, 0.451511, 0.892266, 0.37472, -0.001903, -0.892259, 0.451513, 0.0, 0.0, 0.0, 0.0, 1.0],
                [1.000001, -0.00189, 0.000503, 0.0, 0.000499, 0.495457, 0.868633, 0.37472, -0.001891, -0.868625, 0.495459, 0.0, 0.0, 0.0, 0.0, 1.0],
                [0.999994, -0.001678, 0.001003, 0.0, 0.001, 0.880036, 0.474912, 0.37472, -0.00168, -0.474912, 0.880032, 0.0, 0.0, 0.0, 0.0, 1.0]
            ]
        },
        {
            "name": "Knee_L",
            "time": [1.3333, 0.0],
            "transform": [
                [1.0, 0.0, -0.0, -0.0, -0.0, 1e-06, -1.0, 0.37472, -0.0, 1.0, 1e-06, 0.0, 0.0, 0.0, 0.0, 1.0],
                [1.0, 0.0, -0.0, 0.0, -0.0, 1e-06, -1.0, 0.37472, -0.0, 1.0, 1e-06, 0.0, 0.0, 0.0, 0.0, 1.0]
            ]
        },
        {
            "name": "Torso",
            "time": [0.0, 0.0333, 0.0667, 0.1, 0.1333, 0.1667, 0.2, 0.2333, 0.2667, 0.3, 0.3333, 0.3667, 0.4, 0.4333, 0.4667, 0.5, 0.5333, 0.5667, 0.6, 0.6333, 0.6667, 0.7, 0.7333, 0.7667, 0.8, 0.8333, 0.8667, 0.9, 0.9333, 0.9667, 1.0, 1.0333, 1.0667, 1.1, 1.3333],
            "transform": [
                [0.946986, 0.069567, -0.313658, -0.0, 0.21658, 0.582874, 0.783167, 0.05, 0.237306, -0.809577, 0.536907, -0.0, 0.0, 0.0, 0.0, 1.0],
                [0.997817, -0.035869, 0.055478, -0.0, -0.025394, 0.567001, 0.823325, 0.05, -0.060988, -0.822934, 0.564852, 0.0, 0.0, 0.0, 0.0, 1.0],
                [0.915521, -0.154626, 0.371369, 0.0, -0.178477, 0.67121, 0.71946, 0.05, -0.360515, -0.724958, 0.586909, 0.0, 0.0, 0.0, 0.0, 1.0],
                [0.768854, 0.038492, 0.638267, 0.0, -0.292674, 0.908671, 0.297753, 0.05, -0.568516, -0.415731, 0.7099, 0.0, 0.0, 0.0, 0.0, 1.0],
                [0.600044, 0.27473, 0.751313, 0.0, -0.334848, 0.939201, -0.076007, 0.05, -0.726517, -0.205968, 0.655554, 0.0, 0.0, 0.0, 0.0, 1.0],
                [0.437868, 0.190929, 0.878532, 0.0, -0.283591, 0.956631, -0.06656, 0.05, -0.853143, -0.219998, 0.473023, -0.0, 0.0, 0.0, 0.0, 1.0],
                [0.274565, -0.019473, 0.961371, -0.0, -0.222464, 0.971381, 0.083211, 0.05, -0.935483, -0.236716, 0.262376, -0.0, 0.0, 0.0, 0.0, 1.0],
                [0.137618, -0.266302, 0.954016, 0.0, -0.193599, 0.937368, 0.289583, 0.05, -0.971383, -0.224547, 0.077443, -0.0, 0.0, 0.0, 0.0, 1.0],
                [0.046257, -0.45082, 0.891415, -0.0, -0.196559, 0.870815, 0.450604, 0.05, -0.979402, -0.196059, -0.048331, 0.0, 0.0, 0.0, 0.0, 1.0],
                [-0.023939, -0.555349, 0.831272, 0.0, -0.224286, 0.813296, 0.536883, 0.05, -0.974231, -0.17359, -0.144027, 0.0, 0.0, 0.0, 0.0, 1.0],
                [-0.044466, -0.629818, 0.775468, 0.0, -0.271639, 0.754611, 0.597305, 0.05, -0.961373, -0.184087, -0.204638, 0.0, 0.0, 0.0, 0.0, 1.0],
                [0.004463, -0.685421, 0.728133, 0.0, -0.311868, 0.690868, 0.652256, 0.05, -0.950117, -0.229992, -0.210678, 0.0, 0.0, 0.0, 0.0, 1.0],
                [0.100398, -0.726867, 0.679398, -0.0, -0.302736, 0.628152, 0.71678, 0.05, -0.947774, -0.277641, -0.156984, -0.0, 0.0, 0.0, 0.0, 1.0],
                [0.269891, -0.752213, 0.60111, -0.0, -0.171195, 0.576844, 0.798713, 0.05, -0.947552, -0.318472, 0.02691, 0.0, 0.0, 0.0, 0.0, 1.0],
                [0.467034, -0.770696, 0.433481, 0.0, 0.017323, 0.49811, 0.86694, 0.05, -0.884071, -0.39738, 0.245985, -0.0, 0.0, 0.0, 0.0, 1.0],
                [0.577986, -0.76302, 0.289364, -0.0, 0.067674, 0.398187, 0.914804, 0.05, -0.813238, -0.50916, 0.281783, 0.0, 0.0, 0.0, 0.0, 1.0],
                [0.603179, -0.718621, 0.346062, -0.0, -0.181271, 0.299013, 0.936873, 0.05, -0.776737, -0.627831, 0.050094, -0.0, 0.0, 0.0, 0.0, 1.0],
                [0.532816, -0.685064, 0.496783, 0.0, -0.544188, 0.172188, 0.821104, 0.05, -0.648051, -0.707838, -0.281059, 0.0, 0.0, 0.0, 0.0, 1.0],
                [0.463389, -0.674256, 0.575021, 0.0, -0.702057, 0.11662, 0.702508, 0.05, -0.540731, -0.72923, -0.419325, -0.0, 0.0, 0.0, 0.0, 1.0],
                [0.463147, -0.650708, 0.601725, -0.0, -0.687982, 0.164052, 0.706944, 0.05, -0.55873, -0.741392, -0.371695, -0.0, 0.0, 0.0, 0.0, 1.0],
                [0.475134, -0.627737, 0.616598, -0.0, -0.638673, 0.23599, 0.732398, 0.05, -0.605266, -0.74179, -0.288791, 0.0, 0.0, 0.0, 0.0, 1.0],
                [0.49945, -0.602906, 0.622136, 0.0, -0.55796, 0.3255, 0.763368, 0.05, -0.662746, -0.72839, -0.173827, 0.0, 0.0, 0.0, 0.0, 1.0],
                [0.534261, -0.579166, 0.615736, 0.0, -0.44816, 0.423546, 0.787249, 0.05, -0.716743, -0.696543, -0.033275, 0.0, 0.0, 0.0, 0.0, 1.0],
                [0.576475, -0.560097, 0.594952, 0.0, -0.321887, 0.513576, 0.795379, 0.05, -0.751045, -0.650022, 0.115776, 0.0, 0.0, 0.0, 0.0, 1.0],
                [0.622719, -0.545576, 0.560864, -0.0, -0.183853, 0.594712, 0.782633, 0.05, -0.760542, -0.590474, 0.270032, -0.0, 0.0, 0.0, 0.0, 1.0],
                [0.670625, -0.527066, 0.521981, 0.0, -0.066337, 0.658238, 0.74988, 0.05, -0.738827, -0.537513, 0.406467, -0.0, 0.0, 0.0, 0.0, 1.0],
                [0.7197, -0.504384, 0.477107, 0.0, 0.024079, 0.704908, 0.708889, 0.05, -0.693871, -0.498697, 0.519467, 0.0, 0.0, 0.0, 0.0, 1.0],
                [0.777029, -0.467399, 0.421623, -0.0, 0.08193, 0.739205, 0.668476, 0.05, -0.624114, -0.484879, 0.612678, -0.0, 0.0, 0.0, 0.0, 1.0],
                [0.842745, -0.409996, 0.348836, 0.0, 0.110551, 0.766015, 0.633244, 0.05, -0.526843, -0.495097, 0.69088, 0.0, 0.0, 0.0, 0.0, 1.0],
                [0.903775, -0.329691, 0.272941, 0.0, 0.108472, 0.793307, 0.599079, 0.05, -0.414039, -0.511824, 0.752734, -0.0, 0.0, 0.0, 0.0, 1.0],
                [0.952093, -0.235112, 0.195561, -0.0, 0.085442, 0.818521, 0.568086, 0.05, -0.293635, -0.52416, 0.799396, 0.0, 0.0, 0.0, 0.0, 1.0],
                [0.982242, -0.138076, 0.127039, 0.0, 0.04995, 0.845079, 0.532302, 0.05, -0.180856, -0.516502, 0.836968, -0.0, 0.0, 0.0, 0.0, 1.0],
                [0.996317, -0.060784, 0.06051, -0.0, 0.023504, 0.871996, 0.488946, 0.05, -0.082485, -0.485721, 0.870213, 0.0, 0.0, 0.0, 0.0, 1.0],
                [0.99975, -0.016708, -0.014983, -0.0, 0.021641, 0.894504, 0.446533, 0.05, 0.005941, -0.446744, 0.894642, -0.0, 0.0, 0.0, 0.0, 1.0],
                [0.957741, 0.055087, -0.282315, -0.0, 0.001026, 0.980828, 0.194865, 0.05, 0.287638, -0.186919, 0.939322, -0.0, 0.0, 0.0, 0.0, 1.0]
            ]
        },
        {
            "name": "Chest",
            "time": [0.0, 0.0333, 0.0667, 0.1, 0.1333, 0.1667, 0.2, 0.2333, 0.2667, 0.3, 0.3333, 0.3667, 0.4, 0.4333, 0.4667, 0.5, 0.5333, 0.5667, 0.6, 0.6333, 0.6667, 0.7, 0.7333, 0.7667, 0.8, 0.8333, 0.8667, 0.9, 0.9333, 0.9667, 1.0, 1.0333, 1.0667, 1.1, 1.3333],
            "transform": [
                [0.987241, 0.040159, 0.154094, 0.0, -0.001388, 0.96981, -0.243853, 0.3, -0.159235, 0.240527, 0.957492, -0.0, 0.0, 0.0, 0.0, 1.0],
                [0.968397, 0.129758, 0.21301, 0.0, -0.014661, 0.882156, -0.470727, 0.3, -0.24899, 0.452726, 0.85618, -0.0, 0.0, 0.0, 0.0, 1.0],
                [0.95737, 0.187848, 0.219452, 0.0, -0.029893, 0.820034, -0.571532, 0.3, -0.28732, 0.540605, 0.790692, -0.0, 0.0, 0.0, 0.0, 1.0],
                [0.990217, 0.067407, 0.122188, -0.0, -0.033159, 0.964175, -0.263183, 0.3, -0.135552, 0.256556, 0.956977, -0.0, 0.0, 0.0, 0.0, 1.0],
                [0.998372, -0.055586, -0.012915, -0.0, 0.056033, 0.997733, 0.037246, 0.3, 0.010815, -0.037909, 0.999223, -0.0, 0.0, 0.0, 0.0, 1.0],
                [0.989835, -0.072994, -0.122075, -0.0, 0.063282, 0.99465, -0.081632, 0.3, 0.127381, 0.073077, 0.989158, -0.0, 0.0, 0.0, 0.0, 1.0],
                [0.969784, -0.101354, -0.221925, 0.0, 0.025737, 0.947049, -0.320053, 0.3, 0.242613, 0.304669, 0.921041, 0.0, 0.0, 0.0, 0.0, 1.0],
                [0.945132, -0.155607, -0.287254, 0.0, -0.025562, 0.841356, -0.539875, 0.3, 0.325692, 0.517594, 0.791215, 0.0, 0.0, 0.0, 0.0, 1.0],
                [0.927497, -0.198874, -0.316547, 0.0, -0.052821, 0.768542, -0.637614, 0.3, 0.370085, 0.608103, 0.702316, 0.0, 0.0, 0.0, 0.0, 1.0],
                [0.921587, -0.203582, -0.330507, -0.0, -0.030687, 0.810561, -0.584849, 0.3, 0.386961, 0.549129, 0.740756, 0.0, 0.0, 0.0, 0.0, 1.0],
                [0.925272, -0.178792, -0.334528, -0.0, 0.018591, 0.902254, -0.430801, 0.3, 0.378854, 0.392387, 0.838154, -0.0, 0.0, 0.0, 0.0, 1.0],
                [0.938999, -0.138348, -0.314872, 0.0, 0.062006, 0.968621, -0.240679, 0.3, 0.33829, 0.206472, 0.918112, -0.0, 0.0, 0.0, 0.0, 1.0],
                [0.959862, -0.091396, -0.265173, 0.0, 0.064291, 0.99194, -0.109172, 0.3, 0.273014, 0.087741, 0.958001, -0.0, 0.0, 0.0, 0.0, 1.0],
                [0.992545, 0.027783, -0.118687, 0.0, -0.039455, 0.994486, -0.097154, 0.3, 0.115334, 0.101113, 0.988168, 0.0, 0.0, 0.0, 0.0, 1.0],
                [0.979637, 0.189003, 0.067755, 0.0, -0.174462, 0.968316, -0.178679, 0.3, -0.09938, 0.16322, 0.981572, -0.0, 0.0, 0.0, 0.0, 1.0],
                [0.961283, 0.241854, 0.132081, 0.0, -0.198095, 0.939665, -0.278899, 0.3, -0.191565, 0.241935, 0.951195, -0.0, 0.0, 0.0, 0.0, 1.0],
                [0.999557, 0.015908, -0.025237, -0.0, -0.02436, 0.923584, -0.38262, 0.3, 0.017222, 0.383064, 0.923562, -0.0, 0.0, 0.0, 0.0, 1.0],
                [0.899997, -0.362427, -0.242188, -0.0, 0.202612, 0.839754, -0.503746, 0.3, 0.38595, 0.404298, 0.829208, 0.0, 0.0, 0.0, 0.0, 1.0],
                [0.766329, -0.542785, -0.343696, -0.0, 0.30261, 0.776873, -0.552172, 0.3, 0.566721, 0.319138, 0.759592, 0.0, 0.0, 0.0, 0.0, 1.0],
                [0.776031, -0.523937, -0.351094, 0.0, 0.308221, 0.800721, -0.513657, 0.3, 0.550255, 0.290397, 0.782874, -0.0, 0.0, 0.0, 0.0, 1.0],
                [0.8176, -0.464232, -0.340617, -0.0, 0.293677, 0.845052, -0.446812, 0.3, 0.495265, 0.265281, 0.827249, 0.0, 0.0, 0.0, 0.0, 1.0],
                [0.873774, -0.375351, -0.309244, 0.0, 0.258716, 0.897178, -0.357964, 0.3, 0.411809, 0.232773, 0.88104, 0.0, 0.0, 0.0, 0.0, 1.0],
                [0.929195, -0.268496, -0.253984, 0.0, 0.202552, 0.944753, -0.257707, 0.3, 0.309146, 0.188015, 0.932244, -0.0, 0.0, 0.0, 0.0, 1.0],
                [0.970783, -0.159607, -0.179192, 0.0, 0.131676, 0.978576, -0.158267, 0.3, 0.200614, 0.130047, 0.971001, -0.0, 0.0, 0.0, 0.0, 1.0],
                [0.993615, -0.062682, -0.093838, -0.0, 0.055834, 0.995699, -0.073914, 0.3, 0.098068, 0.068203, 0.99284, -0.0, 0.0, 0.0, 0.0, 1.0],
                [0.999879, 0.010396, -0.011733, -1e-06, -0.010581, 0.999817, -0.015816, 0.3, 0.011567, 0.015938, 0.999806, 0.0, 0.0, 0.0, 0.0, 1.0],
                [0.997223, 0.056481, 0.048567, -0.0, -0.056921, 0.998348, 0.00772, 0.3, -0.048051, -0.010463, 0.998791, -0.0, 0.0, 0.0, 0.0, 1.0],
