{
    "animation": [
        {
            "name": "Root",
            "time": [0.0, 0.0333, 0.0667, 0.1333, 0.2333, 0.3667, 0.7],
            "transform": [
                [-0.512088, 0.138483, 0.847696, -5e-06, 0.834162, -0.155126, 0.529254, 0.000134, 0.204792, 0.97814, -0.03608, 0.585808, 0.0, 0.0, 0.0, 1.0],
                [-0.512088, 0.138483, 0.847696, -5e-06, 0.834162, -0.155126, 0.529254, 0.000134, 0.204792, 0.97814, -0.03608, 0.585808, 0.0, 0.0, 0.0, 1.0],
                [-0.536299, 0.139047, 0.832496, -5e-06, 0.820204, -0.146838, 0.552906, 0.871983, 0.199122, 0.979339, -0.035298, 0.613446, 0.0, 0.0, 0.0, 1.0],
                [-0.926698, 0.059294, -0.371099, -5e-06, -0.363381, 0.110447, 0.92507, 1.633503, 0.095838, 0.992112, -0.080805, 0.549777, 0.0, 0.0, 0.0, 1.0],
                [-0.676227, -0.015135, -0.736538, -5e-06, -0.730813, 0.139844, 0.668099, 1.576854, 0.092889, 0.990058, -0.105627, 0.502896, 0.0, 0.0, 0.0, 1.0],
                [-0.676227, -0.015135, -0.736538, -5e-06, -0.730813, 0.139844, 0.668099, 1.645948, 0.092889, 0.990058, -0.105627, 0.502896, 0.0, 0.0, 0.0, 1.0],
                [0.738325, -0.03427, -0.673574, -5e-06, -0.674423, -0.045703, -0.736929, 1.673575, -0.00553, 0.998367, -0.056857, 0.648862, 0.0, 0.0, 0.0, 1.0]
            ]
        },
        {
            "name": "Thigh_R",
            "time": [0.0, 0.0667, 0.1333, 0.2333, 0.3667, 0.7],
            "transform": [
                [-0.356844, 0.185208, 0.91562, 0.041368, 0.540365, -0.758601, 0.364043, 0.019785, 0.762015, 0.624675, 0.170623, 0.138414, 0.0, 0.0, 0.0, 1.0],
                [-0.356844, 0.185208, 0.91562, 0.041368, 0.540365, -0.7586, 0.364043, 0.019785, 0.762015, 0.624675, 0.170623, 0.138414, 0.0, 0.0, 0.0, 1.0],
                [-0.186413, -0.399826, 0.897434, 0.061138, 0.612241, -0.761671, -0.212169, 0.015866, 0.768382, 0.509894, 0.386776, 0.078472, 0.0, 0.0, 0.0, 1.0],
                [-0.134051, -0.577621, 0.805223, 0.038919, 0.604438, -0.691563, -0.395465, 0.022372, 0.785293, 0.433694, 0.441841, 0.10578, 0.0, 0.0, 0.0, 1.0],
                [-0.211277, -0.551528, 0.806956, 0.038919, 0.548649, -0.750176, -0.369076, 0.022372, 0.808917, 0.364757, 0.461091, 0.10578, 0.0, 0.0, 0.0, 1.0],
                [0.931379, 0.119406, 0.343911, 0.124994, 0.056989, -0.980852, 0.186215, -0.002831, 0.359562, -0.153838, -0.920352, -1.2e-05, 0.0, 0.0, 0.0, 1.0]
            ]
        },
        {
            "name": "Leg_R",
            "time": [0.0, 0.0667, 0.1333, 0.2333, 0.3667, 0.7],
            "transform": [
                [0.963264, -0.211758, -0.165171, -0.0, 0.268496, 0.746227, 0.609144, 0.37472, -0.005736, -0.631115, 0.775668, 0.0, 0.0, 0.0, 0.0, 1.0],
                [0.963264, -0.211758, -0.165171, -0.0, 0.268496, 0.746227, 0.609144, 0.37472, -0.005736, -0.631115, 0.775668, -0.0, 0.0, 0.0, 0.0, 1.0],
                [0.936695, -0.338494, -0.089579, -0.0, 0.345645, 0.852991, 0.391072, 0.37472, -0.055965, -0.397278, 0.91599, -0.0, 0.0, 0.0, 0.0, 1.0],
                [0.924774, -0.37641, -0.055764, -0.0, 0.374411, 0.873958, 0.309863, 0.37472, -0.0679, -0.307432, 0.949144, 0.0, 0.0, 0.0, 0.0, 1.0],
                [0.924774, -0.37641, -0.055764, 0.0, 0.374411, 0.873958, 0.309863, 0.37472, -0.0679, -0.307432, 0.949144, -0.0, 0.0, 0.0, 0.0, 1.0],
                [1.0, -1e-06, 1e-06, 0.0, -1e-06, 0.543373, 0.839491, 0.37472, -1e-06, -0.839492, 0.543372, -0.0, 0.0, 0.0, 0.0, 1.0]
            ]
        },
        {
            "name": "Knee_R",
            "time": [0.0, 0.0667, 0.1333, 0.2333, 0.3667, 0.7],
            "transform": [
                [1.0, 0.0, -0.0, 0.0, -0.0, 0.0, -1.0, 0.420355, -0.0, 1.0, 0.0, 0.0, 0.0, 0.0, 0.0, 1.0],
                [1.0, 0.0, -0.0, -0.0, -0.0, 0.0, -1.0, 0.420355, -0.0, 1.0, 0.0, -0.0, 0.0, 0.0, 0.0, 1.0],
                [1.0, 0.0, -0.0, 0.0, -0.0, 0.0, -1.0, 0.420355, -0.0, 1.0, 0.0, 0.0, 0.0, 0.0, 0.0, 1.0],
                [1.0, 0.0, -0.0, -0.0, -0.0, 0.0, -1.0, 0.420355, -0.0, 1.0, 0.0, -0.0, 0.0, 0.0, 0.0, 1.0],
                [1.0, 0.0, -0.0, 0.0, -1e-06, 0.0, -1.0, 0.420355, -0.0, 1.0, 0.0, -0.0, 0.0, 0.0, 0.0, 1.0],
                [1.0, 0.0, -0.0, 0.0, -0.0, 0.0, -1.0, 0.420355, -0.0, 1.0, 0.0, -0.0, 0.0, 0.0, 0.0, 1.0]
            ]
        },
        {
            "name": "Thigh_L",
            "time": [0.0, 0.0667, 0.1333, 0.2333, 0.3667, 0.7],
            "transform": [
                [0.260448, -0.073897, 0.962656, -0.05846, -0.577159, -0.811218, 0.093879, -0.020827, 0.773986, -0.580056, -0.253931, -0.110171, 0.0, 0.0, 0.0, 1.0],
                [0.260448, -0.073897, 0.962656, -0.05846, -0.577159, -0.811218, 0.093879, -0.020827, 0.773986, -0.580056, -0.253931, -0.110171, 0.0, 0.0, 0.0, 1.0],
                [0.637875, 0.533824, 0.555111, -0.125006, -0.068146, -0.678841, 0.731116, -0.002831, 0.767119, -0.504189, -0.396638, -1.2e-05, 0.0, 0.0, 0.0, 1.0],
                [0.663152, 0.67317, 0.327218, -0.125006, 0.131394, -0.535085, 0.834517, -0.002831, 0.736862, -0.510417, -0.443294, -1.2e-05, 0.0, 0.0, 0.0, 1.0],
                [0.663152, 0.67317, 0.327218, -0.125006, 0.131394, -0.535085, 0.834517, -0.002831, 0.736862, -0.510417, -0.443294, -1.2e-05, 0.0, 0.0, 0.0, 1.0],
                [0.911336, -0.411651, 0.003039, -0.125006, -0.375688, -0.828656, 0.414954, -0.002831, -0.168297, -0.379304, -0.909837, -1.2e-05, 0.0, 0.0, 0.0, 1.0]
            ]
        },
        {
            "name": "Leg_L",
            "time": [0.0, 0.0667, 0.1333, 0.2333, 0.3667, 0.7],
            "transform": [
                [0.992997, -0.059162, 0.102266, -0.0, -0.022549, 0.754777, 0.655594, 0.37472, -0.115974, -0.653308, 0.748157, 0.0, 0.0, 0.0, 0.0, 1.0],
                [0.992996, -0.059162, 0.102265, -0.0, -0.022549, 0.754777, 0.655594, 0.37472, -0.115974, -0.653308, 0.748157, -0.0, 0.0, 0.0, 0.0, 1.0],
                [0.94101, 0.057311, 0.33349, -0.0, -0.266221, 0.733741, 0.625101, 0.37472, -0.20887, -0.677008, 0.705715, -0.0, 0.0, 0.0, 0.0, 1.0],
                [0.896822, 0.09057, 0.433021, 0.0, -0.359397, 0.719915, 0.593764, 0.37472, -0.257961, -0.688127, 0.678187, -0.0, 0.0, 0.0, 0.0, 1.0],
                [0.881148, 0.096878, 0.462811, 0.0, -0.368472, 0.754075, 0.54369, 0.37472, -0.296323, -0.649603, 0.700149, -0.0, 0.0, 0.0, 0.0, 1.0],
                [0.948433, 0.306181, 0.082021, 0.0, -0.311591, 0.853068, 0.418552, 0.37472, 0.058184, -0.422525, 0.904482, -0.0, 0.0, 0.0, 0.0, 1.0]
            ]
        },
        {
            "name": "Knee_L",
            "time": [0.0, 0.0667, 0.1333, 0.2333, 0.3667, 0.7],
            "transform": [
                [1.0, 0.0, -0.0, -1e-06, -0.0, 0.0, -1.0, 0.374871, -0.0, 1.0, 0.0, -0.000824, 0.0, 0.0, 0.0, 1.0],
                [1.0, 0.0, -0.0, -1e-06, -1e-06, 0.0, -1.0, 0.374871, -0.0, 1.0, 0.0, -0.000824, 0.0, 0.0, 0.0, 1.0],
                [1.0, 0.0, -0.0, -1e-06, -0.0, 0.0, -1.0, 0.374871, -0.0, 1.0, 0.0, -0.000824, 0.0, 0.0, 0.0, 1.0],
                [1.0, 0.0, -0.0, -1e-06, -0.0, 0.0, -1.0, 0.374871, -0.0, 1.0, 0.0, -0.000824, 0.0, 0.0, 0.0, 1.0],
                [1.0, 0.0, -0.0, -1e-06, -0.0, 0.0, -1.0, 0.374871, -0.0, 1.0, 0.0, -0.000824, 0.0, 0.0, 0.0, 1.0],
                [1.0, 0.0, -0.0, -1e-06, -0.0, 0.0, -1.0, 0.374871, -0.0, 1.0, 0.0, -0.000824, 0.0, 0.0, 0.0, 1.0]
            ]
        },
        {
            "name": "Torso",
            "time": [0.0, 0.0667, 0.1333, 0.2333, 0.3667, 0.7],
            "transform": [
                [0.534025, 0.145516, -0.832852, 0.0, -0.086301, 0.989314, 0.117517, 0.05, 0.841053, 0.009119, 0.540876, -0.0, 0.0, 0.0, 0.0, 1.0],
                [0.534025, 0.145516, -0.832852, -0.0, -0.086301, 0.989314, 0.117517, 0.05, 0.841053, 0.009119, 0.540876, 0.0, 0.0, 0.0, 0.0, 1.0],
                [0.299024, 0.31509, -0.900723, 0.0, 0.027834, 0.94063, 0.338291, 0.05, 0.953839, -0.126228, 0.272501, -0.0, 0.0, 0.0, 0.0, 1.0],
                [0.323186, 0.373313, -0.869591, -0.0, 0.040529, 0.9126, 0.40684, 0.05, 0.945467, -0.166729, 0.279809, -0.0, 0.0, 0.0, 0.0, 1.0],
                [0.323186, 0.373313, -0.869591, -0.0, 0.040529, 0.9126, 0.40684, 0.05, 0.945467, -0.166729, 0.279809, -0.0, 0.0, 0.0, 0.0, 1.0],
                [1.0, -0.0, -0.0, -0.0, 0.0, 1.0, 0.0, 0.05, 0.0, 0.0, 1.0, -0.0, 0.0, 0.0, 0.0, 1.0]
            ]
        },
        {
            "name": "Chest",
            "time": [0.0, 0.0667, 0.1333, 0.2333, 0.3667, 0.7],
            "transform": [
                [0.860302, -0.185924, -0.474671, -0.0, 0.135817, 0.98106, -0.138114, 0.3, 0.491359, 0.054352, 0.86926, -0.0, 0.0, 0.0, 0.0, 1.0],
                [0.860302, -0.185924, -0.474671, -0.0, 0.135817, 0.98106, -0.138114, 0.3, 0.491359, 0.054352, 0.86926, 0.0, 0.0, 0.0, 0.0, 1.0],
                [0.866768, -0.055225, -0.495644, 0.0, 0.172194, 0.965869, 0.193511, 0.3, 0.46804, -0.253076, 0.846694, 0.0, 0.0, 0.0, 0.0, 1.0],
                [0.87016, -0.009337, -0.49268, -0.0, 0.182707, 0.934668, 0.30498, 0.3, 0.457645, -0.355398, 0.815017, 0.0, 0.0, 0.0, 0.0, 1.0],
                [0.87016, -0.009337, -0.49268, -0.0, 0.182707, 0.934668, 0.30498, 0.3, 0.457645, -0.355398, 0.815017, -0.0, 0.0, 0.0, 0.0, 1.0],
                [1.0, -0.0, -0.0, -0.0, -0.0, 1.0, 0.0, 0.3, -0.0, -0.0, 1.0, -0.0, 0.0, 0.0, 0.0, 1.0]
            ]
        },
        {
            "name": "Head",
            "time": [0.0, 0.0667, 0.1333, 0.2333, 0.3667, 0.7],
            "transform": [
                [0.813371, 0.010812, -0.581645, 0.0, 0.005709, 0.999631, 0.026564, 0.4, 0.581718, -0.024927, 0.813009, -0.0, 0.0, 0.0, 0.0, 1.0],
                [0.813371, 0.010812, -0.581645, -0.0, 0.005709, 0.999631, 0.026564, 0.4, 0.581718, -0.024927, 0.813009, 0.0, 0.0, 0.0, 0.0, 1.0],
                [0.970103, 0.028881, -0.240969, -0.0, -0.023368, 0.999397, 0.025704, 0.4, 0.241566, -0.019305, 0.970192, -0.0, 0.0, 0.0, 0.0, 1.0],
                [0.970103, 0.028881, -0.240969, 0.0, -0.023368, 0.999396, 0.025704, 0.4, 0.241566, -0.019305, 0.970192, 0.0, 0.0, 0.0, 0.0, 1.0],
                [0.970103, 0.028881, -0.240969, 0.0, -0.023368, 0.999396, 0.025704, 0.4, 0.241566, -0.019305, 0.970192, 0.0, 0.0, 0.0, 0.0, 1.0],
                [0.72612, 0.022659, 0.687194, 0.0, -0.06335, 0.99741, 0.034051, 0.4, -0.684643, -0.068259, 0.725675, -0.0, 0.0, 0.0, 0.0, 1.0]
            ]
        },
        {
            "name": "Shoulder_R",
            "time": [0.0, 0.0667, 0.1333, 0.2333, 0.3667, 0.7],
            "transform": [
                [-0.844335, 0.534782, 0.033242, 0.0, -0.152961, -0.30003, 0.941586, 0.4, 0.513517, 0.78993, 0.335127, -0.0, 0.0, 0.0, 0.0, 1.0],
                [-0.844335, 0.534782, 0.033242, -0.0, -0.152961, -0.30003, 0.941586, 0.4, 0.513517, 0.78993, 0.335127, 0.0, 0.0, 0.0, 0.0, 1.0],
                [0.670246, 0.692378, 0.267175, -0.0, -0.074487, -0.295428, 0.952457, 0.4, 0.738391, -0.658282, -0.146436, -0.0, 0.0, 0.0, 0.0, 1.0],
                [0.956277, 0.254252, 0.144531, 0.0, -0.057547, -0.320946, 0.945347, 0.4, 0.286744, -0.912331, -0.292282, 0.0, 0.0, 0.0, 0.0, 1.0],
                [0.93698, 0.317836, 0.145077, 0.0, -0.034189, -0.329836, 0.943419, 0.4, 0.347705, -0.888925, -0.298184, 0.0, 0.0, 0.0, 0.0, 1.0],
                [0.304021, 0.903952, 0.300735, 0.0, -0.00494, -0.314177, 0.949351, 0.4, 0.952652, -0.290108, -0.091051, -0.0, 0.0, 0.0, 0.0, 1.0]
            ]
        },
        {
            "name": "Arm_R",
            "time": [0.0, 0.0667, 0.1333, 0.2333, 0.3667, 0.7],
            "transform": [
                [-0.944349, 0.305869, 0.121037, -0.0, 0.293202, 0.949489, -0.111822, 0.39386, -0.149126, -0.07011, -0.98633, 0.0, 0.0, 0.0, 0.0, 1.0],
                [-0.944349, 0.305869, 0.121037, 0.0, 0.293202, 0.949489, -0.111822, 0.393861, -0.149126, -0.07011, -0.98633, 0.0, 0.0, 0.0, 0.0, 1.0],
                [-0.920958, -0.31875, 0.224131, -0.0, -0.387257, 0.812514, -0.435721, 0.39386, -0.043223, -0.488077, -0.871729, -0.0, 0.0, 0.0, 0.0, 1.0],
                [-0.817017, -0.457978, 0.350341, 0.0, -0.575862, 0.679081, -0.455227, 0.393861, -0.029426, -0.573676, -0.818553, 0.0, 0.0, 0.0, 0.0, 1.0],
                [-0.858958, -0.397995, 0.322166, 0.0, -0.510822, 0.709515, -0.485438, 0.393861, -0.03538, -0.58154, -0.812748, 0.0, 0.0, 0.0, 0.0, 1.0],
                [-0.280133, -0.278761, -0.918595, 0.0, 0.746481, 0.538389, -0.391027, 0.39386, 0.603565, -0.795254, 0.057269, 0.0, 0.0, 0.0, 0.0, 1.0]
            ]
        },
        {
            "name": "Hand_R",
            "time": [0.0, 0.0667, 0.1333, 0.2333, 0.3667, 0.7],
            "transform": [
                [0.998537, -0.012953, -0.052496, 0.0, 0.021284, 0.986661, 0.161391, 0.3, 0.049705, -0.162273, 0.985493, 0.0, 0.0, 0.0, 0.0, 1.0],
                [0.998537, -0.012953, -0.052496, 0.0, 0.021284, 0.986661, 0.161391, 0.3, 0.049705, -0.162273, 0.985493, -0.0, 0.0, 0.0, 0.0, 1.0],
                [0.526048, 0.847316, -0.072999, -0.0, -0.54123, 0.399752, 0.739776, 0.3, 0.656006, -0.349648, 0.668882, 0.0, 0.0, 0.0, 0.0, 1.0],
                [0.428928, 0.897128, -0.105752, 0.0, -0.436273, 0.308238, 0.845373, 0.3, 0.791004, -0.316467, 0.523604, 0.0, 0.0, 0.0, 0.0, 1.0],
                [0.583283, 0.788467, -0.195194, -0.0, -0.370212, 0.471952, 0.800128, 0.3, 0.722997, -0.394438, 0.567181, 0.0, 0.0, 0.0, 0.0, 1.0],
                [0.955628, -0.169327, -0.241047, 0.0, 0.056927, 0.909012, -0.412865, 0.3, 0.289023, 0.380823, 0.878316, -0.0, 0.0, 0.0, 0.0, 1.0]
            ]
        },
        {
            "name": "Tool_R",
            "time": [0.0, 0.0667, 0.1333, 0.2333, 0.3667, 0.7],
            "transform": [
                [0.183119, -0.832422, 0.523012, -0.0, 0.320413, -0.452422, -0.832256, 0.272858, 0.92941, 0.319981, 0.183871, 0.0, 0.0, 0.0, 0.0, 1.0],
                [0.183119, -0.832422, 0.523012, -0.0, 0.320413, -0.452422, -0.832256, 0.272858, 0.92941, 0.319981, 0.183871, 0.0, 0.0, 0.0, 0.0, 1.0],
                [-0.074468, -0.414411, 0.907038, 0.0, 0.07973, -0.909126, -0.408819, 0.272858, 0.994031, 0.041875, 0.100742, -0.0, 0.0, 0.0, 0.0, 1.0],
                [0.017392, 0.155177, 0.987734, 0.0, 0.122347, -0.98079, 0.151932, 0.272858, 0.992335, 0.118204, -0.036043, -0.0, 0.0, 0.0, 0.0, 1.0],
                [0.017392, 0.155177, 0.987734, -0.0, 0.122347, -0.98079, 0.151932, 0.272858, 0.992335, 0.118204, -0.036043, 0.0, 0.0, 0.0, 0.0, 1.0],
                [0.903817, 0.419353, -0.085194, 0.0, 0.401204, -0.89967, -0.172135, 0.272858, -0.148832, 0.121399, -0.981383, -0.0, 0.0, 0.0, 0.0, 1.0]
            ]
        },
        {
            "name": "Elbow_R",
            "time": [0.0, 0.0667, 0.1333, 0.2333, 0.3667, 0.7],
            "transform": [
                [-1.0, 0.0, -0.0, 0.0, 0.0, 0.0, -1.0, 0.3, -0.0, -1.0, -0.0, 0.0, 0.0, 0.0, 0.0, 1.0],
                [-1.0, 0.0, -0.0, 0.0, 0.0, 0.0, -1.0, 0.3, -0.0, -1.0, 0.0, -0.0, 0.0, 0.0, 0.0, 1.0],
                [-1.0, 0.0, -0.0, -0.0, 0.0, -0.0, -1.0, 0.3, -0.0, -1.0, -0.0, 0.0, 0.0, 0.0, 0.0, 1.0],
                [-1.0, 0.0, -0.0, 0.0, 0.0, 0.0, -1.0, 0.3, -0.0, -1.0, -0.0, 0.0, 0.0, 0.0, 0.0, 1.0],
                [-1.0, 0.0, -0.0, -0.0, 0.0, 0.0, -1.0, 0.3, -0.0, -1.0, -0.0, 0.0, 0.0, 0.0, 0.0, 1.0],
                [-1.0, 0.0, -0.0, 0.0, -0.0, 0.0, -1.0, 0.3, -0.0, -1.0, -0.0, -0.0, 0.0, 0.0, 0.0, 1.0]
            ]
        },
        {
            "name": "Shoulder_L",
            "time": [0.0, 0.0667, 0.1667, 0.2333, 0.3667, 0.7],
            "transform": [
                [-0.237072, -0.969876, 0.05601, 0.0, 0.609839, -0.103691, 0.785713, 0.4, -0.756236, 0.220427, 0.616051, -0.0, 0.0, 0.0, 0.0, 1.0],
                [-0.237072, -0.969876, 0.05601, -0.0, 0.609839, -0.103691, 0.785713, 0.4, -0.756236, 0.220427, 0.616051, 0.0, 0.0, 0.0, 0.0, 1.0],
                [-0.128443, -0.980926, -0.145897, -0.0, 0.532437, -0.192324, 0.824332, 0.4, -0.836668, 0.028199, 0.546984, -0.0, 0.0, 0.0, 0.0, 1.0],
                [-0.055883, -0.979645, -0.192801, 0.0, 0.538814, -0.19216, 0.820216, 0.4, -0.840569, -0.058047, 0.538585, 0.0, 0.0, 0.0, 0.0, 1.0],
                [-0.055883, -0.979645, -0.192801, 0.0, 0.538814, -0.19216, 0.820216, 0.4, -0.840569, -0.058047, 0.538585, 0.0, 0.0, 0.0, 0.0, 1.0],
                [0.054864, -0.768557, -0.637425, 0.0, 0.061844, -0.634545, 0.770407, 0.4, -0.996577, -0.081688, 0.012717, -0.0, 0.0, 0.0, 0.0, 1.0]
            ]
        },
        {
            "name": "Arm_L",
            "time": [0.0, 0.0667, 0.1667, 0.2333, 0.3667, 0.7],
            "transform": [
                [0.115737, -0.515099, 0.84928, 0.0, -0.104703, 0.843936, 0.526127, 0.39386, -0.987746, -0.149815, 0.043742, 0.0, 0.0, 0.0, 0.0, 1.0],
                [0.115737, -0.5151, 0.849281, 0.0, -0.104703, 0.843936, 0.526127, 0.39386, -0.987746, -0.149815, 0.043742, 0.0, 0.0, 0.0, 0.0, 1.0],
                [-0.162795, 0.853777, 0.494532, 0.0, 0.006904, 0.502192, -0.864729, 0.393861, -0.986636, -0.137359, -0.087649, -0.0, 0.0, 0.0, 0.0, 1.0],
                [-0.355412, 0.854811, 0.378129, 0.0, -0.102805, 0.366338, -0.924785, 0.393861, -0.929039, -0.367553, -0.042322, 0.0, 0.0, 0.0, 0.0, 1.0],
                [-0.100257, 0.928822, 0.356704, 0.0, -0.097922, 0.347559, -0.932531, 0.39386, -0.990131, -0.128422, 0.056107, 0.0, 0.0, 0.0, 0.0, 1.0],
                [-0.447661, 0.409447, 0.794954, 0.0, -0.635081, 0.480263, -0.604996, 0.39386, -0.629501, -0.775693, 0.045037, 0.0, 0.0, 0.0, 0.0, 1.0]
            ]
        },
        {
            "name": "Hand_L",
            "time": [0.0, 0.0667, 0.1667, 0.2333, 0.3667, 0.7],
            "transform": [
                [0.073052, -0.191165, 0.978836, -0.0, -0.010104, 0.981266, 0.192394, 0.3, -0.997277, -0.023945, 0.069751, 0.0, 0.0, 0.0, 0.0, 1.0],
                [0.073052, -0.191165, 0.978836, 0.0, -0.010104, 0.981266, 0.192394, 0.3, -0.997277, -0.023945, 0.069751, -0.0, 0.0, 0.0, 0.0, 1.0],
                [0.476567, 0.089385, 0.874582, 0.0, 0.70316, 0.558363, -0.440224, 0.3, -0.527684, 0.824768, 0.203245, 0.0, 0.0, 0.0, 0.0, 1.0],
                [-0.202299, 0.036326, 0.97865, 0.0, 0.806058, 0.573716, 0.145327, 0.3, -0.556188, 0.818248, -0.145343, -0.0, 0.0, 0.0, 0.0, 1.0],
                [0.488486, 0.066267, 0.870052, 0.0, 0.806911, 0.345168, -0.479326, 0.3, -0.332078, 0.936199, 0.115138, 0.0, 0.0, 0.0, 0.0, 1.0],
                [0.778491, 0.627026, -0.028127, -0.0, -0.292706, 0.323042, -0.899982, 0.3, -0.555225, 0.70886, 0.43502, -0.0, 0.0, 0.0, 0.0, 1.0]
            ]
        },
        {
            "name": "Tool_L",
            "time": [0.0, 0.0667, 0.1333, 0.2333, 0.3667, 0.7],
            "transform": [
                [1.0, -0.0, 0.0, -0.0, -0.0, -0.999836, 0.018122, 0.272858, 0.0, -0.018122, -0.999836, -0.0, 0.0, 0.0, 0.0, 1.0],
                [1.0, -0.0, 0.0, 0.0, -0.0, -0.999836, 0.018122, 0.272858, 0.0, -0.018122, -0.999836, -0.0, 0.0, 0.0, 0.0, 1.0],
                [1.0, -0.0, 0.0, 0.0, 0.0, -0.999836, 0.018122, 0.272858, 0.0, -0.018122, -0.999836, -0.0, 0.0, 0.0, 0.0, 1.0],
                [1.0, -0.0, 0.0, -0.0, -0.0, -0.999836, 0.018122, 0.272858, 0.0, -0.018122, -0.999836, -0.0, 0.0, 0.0, 0.0, 1.0],
                [1.0, -0.0, 0.0, 0.0, -0.0, -0.999836, 0.018122, 0.272858, 0.0, -0.018122, -0.999836, -0.0, 0.0, 0.0, 0.0, 1.0],
                [1.0, -0.0, 0.0, 0.0, -0.0, -0.999836, 0.018122, 0.272858, 0.0, -0.018122, -0.999836, -0.0, 0.0, 0.0, 0.0, 1.0]
            ]
        },
        {
            "name": "Elbow_L",
            "time": [0.0, 0.0667, 0.1333, 0.2333, 0.3667, 0.7],
            "transform": [
                [-1.0, 0.0, -0.0, -0.0, 0.0, -0.0, -1.0, 0.402564, -0.0, -1.0, 0.0, -0.0, 0.0, 0.0, 0.0, 1.0],
                [-1.0, 0.0, -0.0, 0.0, 0.0, -0.0, -1.0, 0.402564, -0.0, -1.0, 0.0, -0.0, 0.0, 0.0, 0.0, 1.0],
                [-1.0, 0.0, -0.0, 0.0, 0.0, -0.0, -1.0, 0.402564, -0.0, -1.0, 0.0, 0.0, 0.0, 0.0, 0.0, 1.0],
                [-1.0, 0.0, -0.0, 0.0, 0.0, -0.0, -1.0, 0.402564, -0.0, -1.0, 0.0, -0.0, 0.0, 0.0, 0.0, 1.0],
                [-1.0, 0.0, -0.0, 0.0, 0.0, -0.0, -1.0, 0.402564, -0.0, -1.0, 0.0, 0.0, 0.0, 0.0, 0.0, 1.0],
                [-1.0, 0.0, 0.0, -0.0, 0.0, -0.0, -1.0, 0.402564, -0.0, -1.0, 0.0, -0.0, 0.0, 0.0, 0.0, 1.0]
            ]
        }
    ]
}