{
    "armature": {
        "joints": ["Root", "Thigh_R", "Leg_R", "Knee_R", "Thigh_L", "Leg_L", "Knee_L", "Torso", "Chest", "Head", "Shoulder_R", "Arm_R", "Hand_R", "Tool_R", "Elbow_R", "Shoulder_L", "Arm_L", "Hand_L", "Tool_L", "Elbow_L"],
        "hierarchy": [
            {
                "name": "Root",
                "transform": [1.0, 0.0, 0.0, -5e-06, 0.0, 0.0, -1.0, 0.000946, 0.0, 1.0, 0.0, 0.763972, 0.0, 0.0, 0.0, 1.0],
                "children": [
                    {
                        "name": "Thigh_R",
                        "transform": [1.0, -0.0, -0.0, 0.124994, -0.0, -1.0, 0.0, -0.002831, -0.0, -0.0, -1.0, -1.2e-05, 0.0, 0.0, 0.0, 1.0],
                        "children": [
                            {
                                "name": "Leg_R",
                                "transform": [1.0, 0.0, 1e-06, 0.0, -0.0, 1.0, 0.0, 0.37472, -1e-06, -0.0, 1.0, -0.0, 0.0, 0.0, 0.0, 1.0],
                                "children": []
                            },
                            {
                                "name": "Knee_R",
                                "transform": [1.0, 0.0, -0.0, 0.0, -0.0, 0.0, -1.0, 0.37472, -0.0, 1.0, 0.0, -0.0, 0.0, 0.0, 0.0, 1.0],
                                "children": []
                            }
                        ]
                    },
                    {
                        "name": "Thigh_L",
                        "transform": [1.0, -0.0, -0.0, -0.125006, -0.0, -1.0, 0.0, -0.002831, -0.0, -0.0, -1.0, -1.2e-05, 0.0, 0.0, 0.0, 1.0],
                        "children": [
                            {
                                "name": "Leg_L",
                                "transform": [1.0, 0.0, 1e-06, -0.0, -0.0, 1.0, 0.0, 0.37472, -1e-06, -0.0, 1.0, 0.0, 0.0, 0.0, 0.0, 1.0],
                                "children": []
                            },
                            {
                                "name": "Knee_L",
                                "transform": [1.0, 0.0, -0.0, -0.0, -0.0, 0.0, -1.0, 0.37472, -0.0, 1.0, 0.0, 0.0, 0.0, 0.0, 0.0, 1.0],
                                "children": []
                            }
                        ]
                    },
                    {
                        "name": "Torso",
                        "transform": [1.0, 0.0, 0.0, 0.0, 0.0, 1.0, 0.0, 0.05, 0.0, 0.0, 1.0, 0.0, 0.0, 0.0, 0.0, 1.0],
                        "children": [
                            {
                                "name": "Chest",
                                "transform": [1.0, 0.0, 0.0, 0.0, 0.0, 1.0, 0.0, 0.3, 0.0, 0.0, 1.0, 0.0, 0.0, 0.0, 0.0, 1.0],
                                "children": [
                                    {
                                        "name": "Head",
                                        "transform": [1.0, 0.0, 0.0, 0.0, 0.0, 1.0, 0.0, 0.4, 0.0, 0.0, 1.0, 0.0, 0.0, 0.0, 0.0, 1.0],
                                        "children": []
                                    },
                                    {
                                        "name": "Shoulder_R",
                                        "transform": [0.0, 0.952114, 0.305743, 0.0, 0.0, -0.305743, 0.952114, 0.4, 1.0, 0.0, -0.0, 0.0, 0.0, 0.0, 0.0, 1.0],
                                        "children": [
                                            {
                                                "name": "Arm_R",
                                                "transform": [0.0, -0.0, -1.0, -0.0, 0.952114, 0.305743, 0.0, 0.39386, 0.305743, -0.952114, 0.0, 0.0, 0.0, 0.0, 0.0, 1.0],
                                                "children": [
                                                    {
                                                        "name": "Hand_R",
                                                        "transform": [1.0, 0.0, 0.0, 0.0, -0.0, 0.993938, 0.109947, 0.3, -0.0, -0.109947, 0.993937, 0.0, 0.0, 0.0, 0.0, 1.0],
                                                        "children": [
                                                            {
                                                                "name": "Tool_R",
                                                                "transform": [1.0, 0.0, 0.0, -0.0, 0.0, -0.999836, 0.018122, 0.272858, 0.0, -0.018122, -0.999836, 0.0, 0.0, 0.0, 0.0, 1.0],
                                                                "children": []
                                                            }
                                                        ]
                                                    },
                                                    {
                                                        "name": "Elbow_R",
                                                        "transform": [-1.0, 0.0, -0.0, 0.0, 0.0, 0.0, -1.0, 0.3, -0.0, -1.0, -0.0, 0.0, 0.0, 0.0, 0.0, 1.0],
                                                        "children": []
                                                    }
                                                ]
                                            }
                                        ]
                                    },
                                    {
                                        "name": "Shoulder_L",
                                        "transform": [-0.0, -0.952114, -0.305743, 0.0, 0.0, -0.305743, 0.952114, 0.4, -1.0, 0.0, 0.0, 0.0, 0.0, 0.0, 0.0, 1.0],
                                        "children": [
                                            {
                                                "name": "Arm_L",
                                                "transform": [-0.0, -0.0, 1.0, -0.0, -0.952114, 0.305743, -0.0, 0.39386, -0.305743, -0.952114, -0.0, 0.0, 0.0, 0.0, 0.0, 1.0],
                                                "children": [
                                                    {
                                                        "name": "Hand_L",
                                                        "transform": [1.0, -0.0, 0.0, -0.0, 0.0, 0.993937, 0.109947, 0.3, -0.0, -0.109947, 0.993937, 0.0, 0.0, 0.0, 0.0, 1.0],
                                                        "children": [
                                                            {
                                                                "name": "Tool_L",
                                                                "transform": [1.0, 0.0, 0.0, -0.0, -0.0, -0.999836, 0.018122, 0.272858, 0.0, -0.018122, -0.999836, -0.0, 0.0, 0.0, 0.0, 1.0],
                                                                "children": []
                                                            }
                                                        ]
                                                    },
                                                    {
                                                        "name": "Elbow_L",
                                                        "transform": [-1.0, 0.0, -0.0, -0.0, 0.0, -0.0, -1.0, 0.3, -0.0, -1.0, 0.0, 0.0, 0.0, 0.0, 0.0, 1.0],
                                                        "children": []
                                                    }
                                                ]
                                            }
                                        ]
                                    }
                                ]
                            }
                        ]
                    }
                ]
            }
        ]
    },
    "animation": [
        {
            "name": "Root",
            "time": [0.0, 0.0667, 0.1333, 0.2667, 0.4667, 0.5667, 0.7, 0.8333],
            "transform": [
                [0.897986, 0.024941, 0.439317, -5e-06, 0.438132, -0.14319, -0.887433, 0.282204, 0.040772, 0.989381, -0.13951, 0.328369, 0.0, 0.0, 0.0, 1.0],
                [0.659802, 0.078449, 0.747333, -5e-06, 0.750347, -0.122405, -0.649613, 0.531055, 0.040516, 0.989375, -0.139627, 0.404745, 0.0, 0.0, 0.0, 1.0],
                [0.434079, 0.108914, 0.894267, -5e-06, 0.899978, -0.096702, -0.425074, 0.683591, 0.040181, 0.989336, -0.139996, 0.452337, 0.0, 0.0, 0.0, 1.0],
                [-0.957591, 0.078541, 0.277219, -5e-06, 0.285236, 0.122361, 0.950615, 1.673956, 0.040742, 0.989373, -0.139575, 0.749762, 0.0, 0.0, 0.0, 1.0],
                [-0.957591, 0.078541, 0.277219, -5e-06, 0.285236, 0.122361, 0.950615, 1.673956, 0.040742, 0.989373, -0.139575, 0.749762, 0.0, 0.0, 0.0, 1.0],
                [-0.957591, 0.078541, 0.277219, -5e-06, 0.285236, 0.122361, 0.950615, 1.673956, 0.040742, 0.989373, -0.139575, 0.749762, 0.0, 0.0, 0.0, 1.0],
                [-0.905151, -0.022611, -0.424487, -5e-06, -0.423132, 0.14363, 0.894611, 1.735731, 0.040742, 0.989373, -0.139575, 0.728285, 0.0, 0.0, 0.0, 1.0],
                [0.048612, -0.141488, -0.988746, -5e-06, -0.985026, 0.157148, -0.070916, 1.735731, 0.165413, 0.977387, -0.13173, 0.484408, 0.0, 0.0, 0.0, 1.0]
            ]
        },
        {
            "name": "Thigh_R",
            "time": [0.0, 0.0667, 0.1333, 0.2667, 0.4667, 0.5667, 0.7, 0.8333],
            "transform": [
                [0.962388, 0.249982, 0.106385, 0.124994, -0.019359, -0.327486, 0.944657, -0.002831, 0.270988, -0.911184, -0.31033, -1.2e-05, 0.0, 0.0, 0.0, 1.0],
                [0.957593, 0.235569, 0.165898, 0.124994, -0.006819, -0.557097, 0.830418, -0.002831, 0.288043, -0.796332, -0.531867, -1.2e-05, 0.0, 0.0, 0.0, 1.0],
                [0.954725, 0.218572, 0.201808, 0.124994, 0.004073, -0.687907, 0.725785, -0.002831, 0.297462, -0.692102, -0.657654, -1.2e-05, 0.0, 0.0, 0.0, 1.0],
                [0.947929, 0.010124, 0.31832, 0.124994, 0.083372, -0.972525, -0.217344, -0.002831, 0.307374, 0.232565, -0.922732, -1.2e-05, 0.0, 0.0, 0.0, 1.0],
                [0.947929, 0.010124, 0.31832, 0.124994, 0.083372, -0.972525, -0.217344, -0.002831, 0.307374, 0.232565, -0.922732, -1.2e-05, 0.0, 0.0, 0.0, 1.0],
                [0.947929, 0.010124, 0.31832, 0.124994, 0.083372, -0.972525, -0.217344, -0.002831, 0.307374, 0.232565, -0.922732, -1.2e-05, 0.0, 0.0, 0.0, 1.0],
                [0.954217, 0.031064, 0.297497, 0.124994, 0.032051, -0.999482, 0.001563, -0.002831, 0.297392, 0.008043, -0.954721, -1.2e-05, 0.0, 0.0, 0.0, 1.0],
                [-0.021777, 0.863043, 0.504657, 0.124994, 0.220248, -0.488233, 0.844463, -0.002831, 0.975201, 0.129539, -0.179452, -1.2e-05, 0.0, 0.0, 0.0, 1.0]
            ]
        },
        {
            "name": "Leg_R",
            "time": [0.0, 0.0667, 0.1333, 0.2667, 0.4667, 0.5667, 0.7, 0.8333],
            "transform": [
                [0.999649, -0.002873, 0.026341, -0.0, -0.015997, 0.727075, 0.686371, 0.37472, -0.021124, -0.686553, 0.726773, 0.0, 0.0, 0.0, 0.0, 1.0],
                [0.997642, -0.030272, 0.061602, -0.0, -0.013586, 0.792641, 0.609538, 0.37472, -0.06728, -0.608938, 0.790359, 0.0, 0.0, 0.0, 0.0, 1.0],
                [0.995333, -0.045628, 0.085031, -0.0, -0.009738, 0.82917, 0.558912, 0.37472, -0.096007, -0.557132, 0.824855, -0.0, 0.0, 0.0, 0.0, 1.0],
                [0.963847, -0.102631, 0.245898, -0.0, 0.054924, 0.979552, 0.193551, 0.37472, -0.260735, -0.173048, 0.949774, -0.0, 0.0, 0.0, 0.0, 1.0],
                [0.963847, -0.102631, 0.245898, -0.0, 0.054924, 0.979552, 0.193551, 0.37472, -0.260735, -0.173048, 0.949774, -0.0, 0.0, 0.0, 0.0, 1.0],
                [0.963847, -0.102631, 0.245898, -0.0, 0.054924, 0.979552, 0.193551, 0.37472, -0.260735, -0.173048, 0.949774, -0.0, 0.0, 0.0, 0.0, 1.0],
                [0.990989, -0.048949, 0.124681, -0.0, 0.02744, 0.985284, 0.168713, 0.37472, -0.131104, -0.163772, 0.977747, -0.0, 0.0, 0.0, 0.0, 1.0],
                [0.99219, -0.095351, 0.080419, -0.0, -0.01001, 0.581769, 0.813292, 0.37472, -0.124334, -0.807746, 0.57627, -0.0, 0.0, 0.0, 0.0, 1.0]
            ]
        },
        {
            "name": "Knee_R",
            "time": [0.0, 0.0667, 0.1333, 0.2667, 0.4667, 0.5667, 0.7, 0.8333],
            "transform": [
                [1.0, 0.0, -0.0, -0.0, -0.0, 0.0, -1.0, 0.37472, -0.0, 1.0, 0.0, 0.0, 0.0, 0.0, 0.0, 1.0],
                [1.0, 0.0, -0.0, -0.0, -0.0, 0.0, -1.0, 0.37472, -0.0, 1.0, 0.0, 0.0, 0.0, 0.0, 0.0, 1.0],
                [1.0, 0.0, -1e-06, -0.0, -0.0, 0.0, -1.0, 0.37472, -0.0, 1.0, 0.0, -0.0, 0.0, 0.0, 0.0, 1.0],
                [1.0, 0.0, -0.0, -0.0, -0.0, 0.0, -1.0, 0.37472, -0.0, 1.0, 0.0, -0.0, 0.0, 0.0, 0.0, 1.0],
                [1.0, 0.0, -0.0, -0.0, -0.0, 0.0, -1.0, 0.37472, -0.0, 1.0, 0.0, -0.0, 0.0, 0.0, 0.0, 1.0],
                [1.0, 0.0, -0.0, -0.0, -0.0, 0.0, -1.0, 0.37472, -0.0, 1.0, 0.0, -0.0, 0.0, 0.0, 0.0, 1.0],
                [1.0, 0.0, -0.0, -0.0, -0.0, 0.0, -1.0, 0.37472, -0.0, 1.0, 0.0, -0.0, 0.0, 0.0, 0.0, 1.0],
                [1.0, 0.0, -0.0, -0.0, -0.0, 0.0, -1.0, 0.37472, -0.0, 1.0, 0.0, -0.0, 0.0, 0.0, 0.0, 1.0]
            ]
        },
        {
            "name": "Thigh_L",
            "time": [0.0, 0.0667, 0.1333, 0.2667, 0.4667, 0.5667, 0.7, 0.8333],
            "transform": [
                [0.960069, -0.232271, 0.155943, -0.125006, -0.001318, -0.561157, -0.827708, -0.002831, 0.279761, 0.794451, -0.539055, -1.2e-05, 0.0, 0.0, 0.0, 1.0],
                [0.946851, -0.185083, 0.263091, -0.125006, -0.01491, -0.84226, -0.538864, -0.002831, 0.321325, 0.506302, -0.800255, -1.2e-05, 0.0, 0.0, 0.0, 1.0],
                [0.937634, -0.126386, 0.323835, -0.125006, -0.03486, -0.961055, -0.274148, -0.002831, 0.345872, 0.245762, -0.905524, -1.2e-05, 0.0, 0.0, 0.0, 1.0],
                [0.931377, 0.305642, 0.197789, -0.125006, -0.149541, -0.174154, 0.973297, -0.002831, 0.331926, -0.936084, -0.116497, -1.2e-05, 0.0, 0.0, 0.0, 1.0],
                [0.928878, 0.312016, 0.199578, -0.125006, -0.15774, -0.15428, 0.975354, -0.002831, 0.335117, -0.937466, -0.09409, -1.2e-05, 0.0, 0.0, 0.0, 1.0],
                [0.923956, 0.309288, 0.225046, -0.125006, -0.205998, -0.09338, 0.974087, -0.002831, 0.322288, -0.946373, -0.022567, -1.2e-05, 0.0, 0.0, 0.0, 1.0],
                [0.933598, 0.111192, 0.340632, -0.125006, -0.097333, -0.836194, 0.539727, -0.002831, 0.344848, -0.537043, -0.769847, -1.2e-05, 0.0, 0.0, 0.0, 1.0],
                [0.694903, -0.275845, 0.664092, -0.125006, -0.714241, -0.371973, 0.592871, -0.002831, 0.083483, -0.88631, -0.455505, -1.2e-05, 0.0, 0.0, 0.0, 1.0]
            ]
        },
        {
            "name": "Leg_L",
            "time": [0.0, 0.0667, 0.1333, 0.2667, 0.4667, 0.5667, 0.7, 0.8333],
            "transform": [
                [0.99953, -0.019801, -0.023407, 0.0, 0.027458, 0.917778, 0.396144, 0.37472, 0.013638, -0.3966, 0.917891, 0.0, 0.0, 0.0, 0.0, 1.0],
                [0.998634, -0.028703, -0.043656, -0.0, 0.048867, 0.808785, 0.586071, 0.37472, 0.018486, -0.587403, 0.809083, 0.0, 0.0, 0.0, 0.0, 1.0],
                [0.998824, -0.019038, -0.044587, 0.0, 0.045489, 0.686114, 0.726071, 0.37472, 0.016769, -0.727245, 0.686173, 0.0, 0.0, 0.0, 0.0, 1.0],
                [0.999261, 0.038176, 0.004622, -0.0, 0.015383, -0.506992, 0.861814, 0.37472, 0.035244, -0.861105, -0.507205, -0.0, 0.0, 0.0, 0.0, 1.0],
                [0.99926, 0.038176, 0.004622, -0.0, 0.015383, -0.506992, 0.861814, 0.37472, 0.035244, -0.861104, -0.507205, -0.0, 0.0, 0.0, 0.0, 1.0],
                [0.99926, 0.038176, 0.004622, -0.0, 0.015383, -0.506992, 0.861814, 0.37472, 0.035244, -0.861104, -0.507205, -0.0, 0.0, 0.0, 0.0, 1.0],
                [0.96442, -0.236547, -0.118071, 0.0, -0.015659, -0.496927, 0.867651, 0.37472, -0.263913, -0.83493, -0.482951, 0.0, 0.0, 0.0, 0.0, 1.0],
                [0.927211, 0.084744, 0.364826, -0.0, -0.374533, 0.215272, 0.901877, 0.37472, -0.002108, -0.97287, 0.231342, 0.0, 0.0, 0.0, 0.0, 1.0]
            ]
        },
        {
            "name": "Knee_L",
            "time": [0.0, 0.0667, 0.1333, 0.2667, 0.4667, 0.5667, 0.7, 0.8333],
            "transform": [
                [1.0, 0.0, -0.0, -6e-05, -0.0, 0.0, -1.0, 0.44725, -0.0, 1.0, 0.0, 0.002145, 0.0, 0.0, 0.0, 1.0],
                [1.0, 0.0, -0.0, -6e-05, -0.0, 0.0, -1.0, 0.44725, -0.0, 1.0, 0.0, 0.002145, 0.0, 0.0, 0.0, 1.0],
                [1.0, 0.0, -0.0, -6e-05, -0.0, 0.0, -1.0, 0.44725, -0.0, 1.0, 0.0, 0.002145, 0.0, 0.0, 0.0, 1.0],
                [1.0, 0.0, -1e-06, -6e-05, -0.0, 0.0, -1.0, 0.44725, -0.0, 1.0, 0.0, 0.002145, 0.0, 0.0, 0.0, 1.0],
                [1.0, 0.0, -0.0, -6e-05, -1e-06, 0.0, -1.0, 0.44725, -0.0, 1.0, 0.0, 0.002145, 0.0, 0.0, 0.0, 1.0],
                [1.0, 0.0, -0.0, -6e-05, -1e-06, 0.0, -1.0, 0.44725, -0.0, 1.0, 0.0, 0.002145, 0.0, 0.0, 0.0, 1.0],
                [1.0, 0.0, -0.0, -6e-05, -0.0, 0.0, -1.0, 0.44725, -0.0, 1.0, 0.0, 0.002145, 0.0, 0.0, 0.0, 1.0],
                [1.0, 0.0, -0.0, -6e-05, -0.0, 0.0, -1.0, 0.44725, -0.0, 1.0, 0.0, 0.002145, 0.0, 0.0, 0.0, 1.0]
            ]
        },
        {
            "name": "Torso",
            "time": [0.0, 0.0667, 0.1333, 0.2667, 0.4667, 0.5667, 0.7, 0.8333],
            "transform": [
                [0.998614, 0.051709, 0.009791, -0.0, -0.052526, 0.967669, 0.246695, 0.05, 0.003282, -0.246868, 0.969044, -0.0, 0.0, 0.0, 0.0, 1.0],
                [0.998172, 0.059691, 0.009481, -0.0, -0.060309, 0.973373, 0.221154, 0.05, 0.003972, -0.221321, 0.975193, -0.0, 0.0, 0.0, 0.0, 1.0],
                [0.997865, 0.06466, 0.009192, -0.0, -0.065167, 0.976498, 0.205438, 0.05, 0.004308, -0.205599, 0.978627, 0.0, 0.0, 0.0, 0.0, 1.0],
                [0.876432, 0.074856, -0.475672, 0.0, -0.078709, 0.996827, 0.011847, 0.05, 0.47505, 0.027056, 0.879543, -0.0, 0.0, 0.0, 0.0, 1.0],
                [0.876477, 0.07439, -0.475662, 0.0, -0.078023, 0.996878, 0.012136, 0.05, 0.47508, 0.026476, 0.879544, -0.0, 0.0, 0.0, 0.0, 1.0],
                [0.879413, 0.059519, -0.472324, 0.0, -0.039989, 0.997883, 0.051292, 0.05, 0.474377, -0.026219, 0.879931, -0.0, 0.0, 0.0, 0.0, 1.0],
                [0.998823, 0.048402, 0.002984, -0.0, -0.04847, 0.994501, 0.092837, 0.05, 0.001526, -0.092872, 0.995677, 0.0, 0.0, 0.0, 0.0, 1.0],
                [0.960387, 0.272744, 0.057162, -0.0, -0.278338, 0.928859, 0.244435, 0.05, 0.013573, -0.250663, 0.967979, -0.0, 0.0, 0.0, 0.0, 1.0]
            ]
        },
        {
            "name": "Chest",
            "time": [0.0, 0.0667, 0.1333, 0.2667, 0.4667, 0.5667, 0.7, 0.8333],
            "transform": [
                [0.999952, 0.009633, 0.001505, 0.0, -0.009615, 0.999893, -0.011032, 0.3, -0.001611, 0.011017, 0.999938, -0.0, 0.0, 0.0, 0.0, 1.0],
                [0.999644, 0.02648, 0.003358, -0.0, -0.026187, 0.99729, -0.068752, 0.3, -0.005169, 0.068639, 0.997628, 0.0, 0.0, 0.0, 0.0, 1.0],
                [0.999306, 0.037044, 0.00402, -0.0, -0.03642, 0.993836, -0.104712, 0.3, -0.007874, 0.104493, 0.994494, 0.0, 0.0, 0.0, 0.0, 1.0],
                [0.930519, 0.331263, -0.156201, 0.0, -0.346727, 0.659432, -0.66703, 0.3, -0.117958, 0.674844, 0.728472, 0.0, 0.0, 0.0, 0.0, 1.0],
                [0.931925, 0.328562, -0.1535, 0.0, -0.343073, 0.661557, -0.666815, 0.3, -0.117542, 0.674084, 0.729243, 0.0, 0.0, 0.0, 0.0, 1.0],
                [0.987717, 0.155483, -0.015503, -0.0, -0.142648, 0.856771, -0.495575, 0.3, -0.063771, 0.491699, 0.868427, -0.0, 0.0, 0.0, 0.0, 1.0],
                [0.998667, 0.051435, 0.004307, -0.0, -0.050167, 0.986886, -0.153425, 0.3, -0.012142, 0.153005, 0.988151, 0.0, 0.0, 0.0, 0.0, 1.0],
                [0.998667, 0.051435, 0.004307, 0.0, -0.050167, 0.986886, -0.153425, 0.3, -0.012142, 0.153005, 0.988151, -0.0, 0.0, 0.0, 0.0, 1.0]
            ]
        },
        {
            "name": "Head",
            "time": [0.0, 0.0667, 0.1333, 0.2667, 0.4667, 0.5667, 0.7, 0.8333],
            "transform": [
                [0.964449, 0.080581, -0.251683, 0.0, -0.048302, 0.990085, 0.131904, 0.4, 0.259816, -0.115058, 0.958779, 0.0, 0.0, 0.0, 0.0, 1.0],
                [0.963538, 0.097549, -0.249157, -0.0, -0.055998, 0.984071, 0.168725, 0.4, 0.261647, -0.148621, 0.953652, 0.0, 0.0, 0.0, 0.0, 1.0],
                [0.96331, 0.101301, -0.248542, 0.0, -0.058125, 0.9828, 0.175289, 0.4, 0.262024, -0.154411, 0.952628, -0.0, 0.0, 0.0, 0.0, 1.0],
                [0.96221, 0.11728, -0.245758, -0.0, -0.068154, 0.977497, 0.199637, 0.4, 0.263641, -0.175343, 0.948551, 0.0, 0.0, 0.0, 0.0, 1.0],
                [0.96221, 0.11728, -0.245758, 0.0, -0.068154, 0.977497, 0.199637, 0.4, 0.263641, -0.175343, 0.948551, -0.0, 0.0, 0.0, 0.0, 1.0],
                [0.96221, 0.11728, -0.245758, -0.0, -0.068154, 0.977497, 0.199637, 0.4, 0.263641, -0.175343, 0.948551, 0.0, 0.0, 0.0, 0.0, 1.0],
                [0.957959, 0.171562, -0.229958, 0.0, -0.087725, 0.938279, 0.334568, 0.4, 0.273164, -0.30033, 0.913884, -0.0, 0.0, 0.0, 0.0, 1.0],
                [0.752884, -0.1595, 0.638533, 0.0, -0.136234, 0.91141, 0.388294, 0.4, -0.643899, -0.37933, 0.664457, 0.0, 0.0, 0.0, 0.0, 1.0]
            ]
        },
        {
            "name": "Shoulder_R",
            "time": [0.0, 0.0667, 0.1333, 0.2667, 0.4667, 0.5667, 0.7, 0.8333],
            "transform": [
                [0.722384, 0.457723, 0.518315, 0.0, -0.464232, -0.234512, 0.854104, 0.4, 0.512494, -0.857609, 0.043082, 0.0, 0.0, 0.0, 0.0, 1.0],
                [0.767844, 0.405335, 0.496104, -0.0, -0.435491, -0.237703, 0.868242, 0.4, 0.469855, -0.882723, -0.005999, 0.0, 0.0, 0.0, 0.0, 1.0],
                [0.714025, 0.506397, 0.483456, 0.0, -0.419117, -0.243963, 0.874541, 0.4, 0.560811, -0.827069, 0.038044, -0.0, 0.0, 0.0, 0.0, 1.0],
                [0.250396, 0.909308, 0.332356, -0.0, 0.024264, -0.349078, 0.936779, 0.4, 0.967839, -0.226501, -0.109472, 0.0, 0.0, 0.0, 0.0, 1.0],
                [0.250396, 0.909308, 0.332356, 0.0, 0.024264, -0.349078, 0.936779, 0.4, 0.967839, -0.226501, -0.109472, -0.0, 0.0, 0.0, 0.0, 1.0],
                [0.250396, 0.909308, 0.332356, -0.0, 0.024264, -0.349078, 0.936779, 0.4, 0.967839, -0.226501, -0.109472, 0.0, 0.0, 0.0, 0.0, 1.0],
                [-0.133424, 0.991012, 0.009634, 0.0, -0.164556, -0.031739, 0.985857, 0.4, 0.977302, 0.129951, 0.167312, -0.0, 0.0, 0.0, 0.0, 1.0],
                [-0.133424, 0.991012, 0.009634, 0.0, -0.164556, -0.031739, 0.985857, 0.4, 0.977302, 0.129952, 0.167312, 0.0, 0.0, 0.0, 0.0, 1.0]
            ]
        },
        {
            "name": "Arm_R",
            "time": [0.0, 0.0667, 0.1333, 0.2667, 0.4667, 0.5667, 0.7, 0.8333],
            "transform": [
                [0.698457, -0.580874, -0.418022, -0.0, 0.69219, 0.399996, 0.600729, 0.39386, -0.181741, -0.708935, 0.681455, -0.0, 0.0, 0.0, 0.0, 1.0],
                [0.864989, -0.450264, 0.221487, -0.0, 0.102113, 0.590105, 0.800842, 0.39386, -0.491292, -0.670103, 0.556413, -0.0, 0.0, 0.0, 0.0, 1.0],
                [0.710894, -0.576092, 0.403419, 0.0, 0.137953, 0.676689, 0.72323, 0.39386, -0.689636, -0.458487, 0.560528, -0.0, 0.0, 0.0, 0.0, 1.0],
                [-0.490971, -0.276267, 0.82621, 0.0, 0.870211, -0.110907, 0.480033, 0.393861, -0.040985, 0.95466, 0.294863, 0.0, 0.0, 0.0, 0.0, 1.0],
                [-0.506835, -0.190003, 0.840843, 0.0, 0.86179, -0.088034, 0.499568, 0.39386, -0.020897, 0.977828, 0.208361, -0.0, 0.0, 0.0, 0.0, 1.0],
                [-0.529966, 0.107337, 0.841198, -0.0, 0.84799, 0.058824, 0.526738, 0.393861, 0.007056, 0.992481, -0.122195, -0.0, 0.0, 0.0, 0.0, 1.0],
                [-0.591966, 0.201402, 0.780393, 0.0, 0.763308, -0.170728, 0.623067, 0.39386, 0.258722, 0.964515, -0.052667, 0.0, 0.0, 0.0, 0.0, 1.0],
                [-0.798301, -0.395328, 0.454346, 0.0, 0.266308, 0.444935, 0.855051, 0.39386, -0.540181, 0.803584, -0.249913, -0.0, 0.0, 0.0, 0.0, 1.0]
            ]
        },
        {
            "name": "Hand_R",
            "time": [0.0, 0.0667, 0.1333, 0.2667, 0.4667, 0.5667, 0.7, 0.8333],
            "transform": [
                [0.671058, -0.287153, -0.683537, 0.0, 0.560853, 0.79959, 0.214707, 0.3, 0.484896, -0.527446, 0.697623, -0.0, 0.0, 0.0, 0.0, 1.0],
                [0.448291, -0.086257, -0.889716, 0.0, 0.816243, 0.445249, 0.368104, 0.3, 0.364394, -0.891243, 0.270007, -0.0, 0.0, 0.0, 0.0, 1.0],
                [0.506993, -0.129551, -0.852159, -0.0, 0.759102, 0.535439, 0.370228, 0.3, 0.408315, -0.834579, 0.369807, -0.0, 0.0, 0.0, 0.0, 1.0],
                [0.958531, -0.099311, -0.267126, -0.0, 0.064309, 0.988517, -0.136747, 0.3, 0.277639, 0.113898, 0.95391, -0.0, 0.0, 0.0, 0.0, 1.0],
                [0.958554, -0.099271, -0.267056, 0.0, 0.064304, 0.98853, -0.136653, 0.3, 0.277558, 0.113817, 0.953943, -0.0, 0.0, 0.0, 0.0, 1.0],
                [0.958138, -0.096946, -0.269395, 0.0, 0.067648, 0.990942, -0.116007, 0.3, 0.278201, 0.092927, 0.956017, -0.0, 0.0, 0.0, 0.0, 1.0],
                [0.70201, -0.38166, -0.601263, 0.0, 0.490156, 0.871425, 0.019138, 0.3, 0.516651, -0.308148, 0.798822, 0.0, 0.0, 0.0, 0.0, 1.0],
                [0.621399, 0.074549, -0.779939, -0.0, -0.033907, 0.997089, 0.06829, 0.3, 0.78276, -0.01599, 0.622118, 0.0, 0.0, 0.0, 0.0, 1.0]
            ]
        },
        {
            "name": "Tool_R",
            "time": [0.0, 0.0667, 0.1333, 0.2667, 0.4667, 0.5667, 0.8333],
            "transform": [
                [0.580755, 0.493839, -0.647184, 0.0, 0.701441, -0.70703, 0.089937, 0.272858, -0.413164, -0.506193, -0.75701, 0.0, 0.0, 0.0, 0.0, 1.0],
                [0.851985, -0.076534, -0.517942, 0.0, 0.431383, -0.457989, 0.777274, 0.272858, -0.2967, -0.885657, -0.357185, -0.0, 0.0, 0.0, 0.0, 1.0],
                [0.820347, -0.033879, -0.570862, -0.0, 0.442217, -0.59536, 0.670813, 0.272858, -0.362595, -0.802745, -0.47342, -0.0, 0.0, 0.0, 0.0, 1.0],
                [0.985597, 0.157061, -0.062689, 0.0, 0.023714, -0.495399, -0.868342, 0.272858, -0.167438, 0.854349, -0.491988, -0.0, 0.0, 0.0, 0.0, 1.0],
                [0.985598, 0.157061, -0.062689, 0.0, 0.023714, -0.495399, -0.868342, 0.272858, -0.167438, 0.854349, -0.491988, 0.0, 0.0, 0.0, 0.0, 1.0],
                [0.985597, 0.157061, -0.062689, 0.0, 0.023714, -0.495399, -0.868342, 0.272858, -0.167438, 0.854349, -0.491988, 0.0, 0.0, 0.0, 0.0, 1.0],
                [0.009644, -0.202797, 0.979173, 0.0, 0.175901, -0.963605, -0.201306, 0.272858, 0.984361, 0.174179, 0.026379, 0.0, 0.0, 0.0, 0.0, 1.0]
            ]
        },
        {
            "name": "Elbow_R",
            "time": [0.0, 0.0667, 0.1333, 0.2667, 0.4667, 0.5667, 0.7, 0.8333],
            "transform": [
                [-1.0, 0.0, -0.0, 0.0, 0.0, 0.0, -1.0, 0.359146, -0.0, -1.0, -0.0, -0.0, 0.0, 0.0, 0.0, 1.0],
                [-1.0, 0.0, -0.0, 0.0, -0.0, 0.0, -1.0, 0.359146, -0.0, -1.0, -0.0, -0.0, 0.0, 0.0, 0.0, 1.0],
                [-1.0, 0.0, 0.0, -0.0, 0.0, 0.0, -1.0, 0.359146, -0.0, -1.0, -0.0, 0.0, 0.0, 0.0, 0.0, 1.0],
                [-1.0, 0.0, -0.0, -0.0, 0.0, -0.0, -1.0, 0.359146, -0.0, -1.0, -0.0, -0.0, 0.0, 0.0, 0.0, 1.0],
                [-1.0, 0.0, -0.0, 0.0, 0.0, 0.0, -1.0, 0.359146, -0.0, -1.0, 0.0, -0.0, 0.0, 0.0, 0.0, 1.0],
                [-1.0, 0.0, -0.0, 0.0, 0.0, 0.0, -1.0, 0.359145, -0.0, -1.0, 0.0, -0.0, 0.0, 0.0, 0.0, 1.0],
                [-1.0, 0.0, -0.0, 0.0, 0.0, 0.0, -1.0, 0.359146, -0.0, -1.0, -0.0, 0.0, 0.0, 0.0, 0.0, 1.0],
                [-1.0, 0.0, -0.0, -0.0, 0.0, 0.0, -1.0, 0.359146, -0.0, -1.0, -0.0, 0.0, 0.0, 0.0, 0.0, 1.0]
            ]
        },
        {
            "name": "Shoulder_L",
            "time": [0.0, 0.0667, 0.1333, 0.2667, 0.4667, 0.5667, 0.7, 0.8333],
            "transform": [
                [0.420694, -0.907087, -0.014472, 0.0, 0.051173, 0.0078, 0.998659, 0.4, -0.905758, -0.420871, 0.0497, 0.0, 0.0, 0.0, 0.0, 1.0],
                [0.377438, -0.918388, -0.118759, -0.0, 0.082853, -0.094239, 0.992096, 0.4, -0.922321, -0.384294, 0.040522, 0.0, 0.0, 0.0, 0.0, 1.0],
                [0.33468, -0.918059, -0.212501, 0.0, 0.119595, -0.1823, 0.975942, 0.4, -0.934712, -0.352042, 0.048783, -0.0, 0.0, 0.0, 0.0, 1.0],
                [-0.089186, -0.623245, -0.776924, -0.0, 0.1816, -0.777133, 0.602566, 0.4, -0.97932, -0.087349, 0.18249, 0.0, 0.0, 0.0, 0.0, 1.0],
                [-0.097024, -0.623844, -0.775503, 0.0, 0.192956, -0.776186, 0.600253, 0.4, -0.976399, -0.091399, 0.195683, -0.0, 0.0, 0.0, 0.0, 1.0],
                [-0.046103, -0.672108, -0.739016, -0.0, 0.269843, -0.720679, 0.638597, 0.4, -0.9618, -0.169977, 0.214589, 0.0, 0.0, 0.0, 0.0, 1.0],
                [0.335511, -0.919711, -0.203873, 0.0, 0.093539, -0.182823, 0.978686, 0.4, -0.937381, -0.34743, 0.02469, -0.0, 0.0, 0.0, 0.0, 1.0],
                [0.271551, -0.814879, -0.512087, 0.0, 0.130217, -0.496079, 0.858457, 0.4, -0.953574, -0.299797, -0.0286, 0.0, 0.0, 0.0, 0.0, 1.0]
            ]
        },
        {
            "name": "Arm_L",
            "time": [0.0, 0.0667, 0.1333, 0.2667, 0.4667, 0.5667, 0.7, 0.8333],
            "transform": [
                [-0.220556, 0.336829, 0.91537, 0.0, -0.938926, 0.180837, -0.292774, 0.39386, -0.264147, -0.924037, 0.276373, -0.0, 0.0, 0.0, 0.0, 1.0],
                [-0.551254, 0.12212, 0.825352, 0.0, -0.812487, 0.146338, -0.564314, 0.39386, -0.189694, -0.981668, 0.018552, -0.0, 0.0, 0.0, 0.0, 1.0],
                [-0.573844, 0.031575, 0.818356, 0.0, -0.797065, 0.208005, -0.56694, 0.39386, -0.188123, -0.977618, -0.094195, -0.0, 0.0, 0.0, 0.0, 1.0],
                [-0.680881, -0.425721, 0.595955, 0.0, -0.699384, 0.619479, -0.356522, 0.39386, -0.217403, -0.65955, -0.719534, -0.0, 0.0, 0.0, 0.0, 1.0],
                [-0.680881, -0.425721, 0.595955, -0.0, -0.699384, 0.619479, -0.356522, 0.39386, -0.217403, -0.65955, -0.719534, -0.0, 0.0, 0.0, 0.0, 1.0],
                [-0.680881, -0.425721, 0.595955, 0.0, -0.699384, 0.619479, -0.356522, 0.393861, -0.217403, -0.65955, -0.719534, 0.0, 0.0, 0.0, 0.0, 1.0],
                [-0.190287, 0.550831, 0.812635, -0.0, -0.870798, 0.287524, -0.398799, 0.39386, -0.453323, -0.783527, 0.424951, -0.0, 0.0, 0.0, 0.0, 1.0],
                [0.016064, 0.717017, 0.696871, -0.0, -0.888078, 0.330466, -0.319547, 0.39386, -0.459413, -0.613742, 0.642075, 0.0, 0.0, 0.0, 0.0, 1.0]
            ]
        },
        {
            "name": "Hand_L",
            "time": [0.0, 0.0667, 0.1333, 0.2667, 0.4667, 0.5667, 0.7, 0.8333],
            "transform": [
                [0.979545, 0.053008, -0.194116, 0.0, -0.200537, 0.336769, -0.919985, 0.3, 0.016606, 0.940094, 0.340511, 0.0, 0.0, 0.0, 0.0, 1.0],
                [0.998058, 0.041022, 0.046875, 0.0, 0.023673, 0.44626, -0.89459, 0.3, -0.057617, 0.893963, 0.444422, 0.0, 0.0, 0.0, 0.0, 1.0],
                [0.97146, -0.025114, 0.235869, 0.0, 0.219573, 0.471396, -0.854151, 0.3, -0.089736, 0.881564, 0.463456, -0.0, 0.0, 0.0, 0.0, 1.0],
                [-0.020111, -0.407487, 0.912989, -0.0, 0.973224, 0.201158, 0.111219, 0.3, -0.228975, 0.890781, 0.392531, 0.0, 0.0, 0.0, 0.0, 1.0],
                [-0.020111, -0.407487, 0.912989, -0.0, 0.973225, 0.201158, 0.111219, 0.3, -0.228975, 0.890781, 0.392531, 0.0, 0.0, 0.0, 0.0, 1.0],
                [-0.020111, -0.407487, 0.912989, -0.0, 0.973225, 0.201158, 0.111219, 0.3, -0.228975, 0.890781, 0.392531, -0.0, 0.0, 0.0, 0.0, 1.0],
                [0.937417, 0.077736, 0.33942, -0.0, 0.203478, 0.668725, -0.715125, 0.3, -0.282569, 0.739435, 0.611057, -0.0, 0.0, 0.0, 0.0, 1.0],
                [0.753329, 0.657632, -0.003935, 0.0, -0.127956, 0.140701, -0.981749, 0.3, -0.645076, 0.740083, 0.190142, -0.0, 0.0, 0.0, 0.0, 1.0]
            ]
        },
        {
            "name": "Tool_L",
            "time": [0.0, 0.0667, 0.1333, 0.2667, 0.4667, 0.5667, 0.7, 0.8333],
            "transform": [
                [1.0, -0.0, 0.0, 0.0, -0.0, -0.999836, 0.018122, 0.272858, 0.0, -0.018122, -0.999836, -0.0, 0.0, 0.0, 0.0, 1.0],
                [1.0, -0.0, 0.0, 0.0, -0.0, -0.999836, 0.018122, 0.272858, 0.0, -0.018122, -0.999836, 0.0, 0.0, 0.0, 0.0, 1.0],
                [1.0, -0.0, 0.0, 0.0, -0.0, -0.999836, 0.018122, 0.272858, 0.0, -0.018122, -0.999836, 0.0, 0.0, 0.0, 0.0, 1.0],
                [1.0, -0.0, 0.0, 0.0, -0.0, -0.999836, 0.018122, 0.272858, 0.0, -0.018122, -0.999836, 0.0, 0.0, 0.0, 0.0, 1.0],
                [1.0, -0.0, 0.0, -0.0, -0.0, -0.999836, 0.018122, 0.272858, 0.0, -0.018122, -0.999836, 0.0, 0.0, 0.0, 0.0, 1.0],
                [1.0, -0.0, 0.0, -0.0, -0.0, -0.999836, 0.018122, 0.272858, 0.0, -0.018122, -0.999836, 0.0, 0.0, 0.0, 0.0, 1.0],
                [1.0, -0.0, 0.0, 0.0, -0.0, -0.999836, 0.018122, 0.272858, 0.0, -0.018122, -0.999836, 0.0, 0.0, 0.0, 0.0, 1.0],
                [1.0, -0.0, 0.0, -0.0, -0.0, -0.999836, 0.018122, 0.272858, 0.0, -0.018122, -0.999836, 0.0, 0.0, 0.0, 0.0, 1.0]
            ]
        },
        {
            "name": "Elbow_L",
            "time": [0.0, 0.0667, 0.1333, 0.2667, 0.4667, 0.5667, 0.7, 0.8333],
            "transform": [
                [-1.0, 0.0, -0.0, 0.0, 0.0, -0.0, -1.0, 0.380395, -0.0, -1.0, 0.0, 0.0, 0.0, 0.0, 0.0, 1.0],
                [-1.0, 0.0, -0.0, 0.0, 0.0, -0.0, -1.0, 0.380396, -0.0, -1.0, 0.0, 0.0, 0.0, 0.0, 0.0, 1.0],
                [-1.0, 0.0, -0.0, 0.0, 0.0, -0.0, -1.0, 0.380395, -0.0, -1.0, 0.0, -0.0, 0.0, 0.0, 0.0, 1.0],
                [-1.0, 0.0, -0.0, -0.0, 0.0, -0.0, -1.0, 0.380395, -0.0, -1.0, 0.0, 0.0, 0.0, 0.0, 0.0, 1.0],
                [-1.0, 0.0, -0.0, -0.0, 0.0, -0.0, -1.0, 0.380396, -0.0, -1.0, 0.0, -0.0, 0.0, 0.0, 0.0, 1.0],
                [-1.0, 0.0, -0.0, -0.0, 0.0, -0.0, -1.0, 0.380396, -0.0, -1.0, 0.0, 0.0, 0.0, 0.0, 0.0, 1.0],
                [-1.0, 0.0, -0.0, -0.0, 0.0, -0.0, -1.0, 0.380395, -0.0, -1.0, -0.0, -0.0, 0.0, 0.0, 0.0, 1.0],
                [-1.0, 0.0, -0.0, 0.0, 0.0, -0.0, -1.0, 0.380396, -0.0, -1.0, 0.0, -0.0, 0.0, 0.0, 0.0, 1.0]
            ]
        }
    ]
}