{
    "animation": [
        {
            "name": "Root",
            "time": [0.0, 0.1, 0.1667, 0.3, 0.4, 0.5, 0.8333],
            "transform": [
                [-0.513653, 0.138371, 0.846767, -5e-06, 0.85771, 0.057215, 0.510941, 0.052838, 0.022251, 0.988726, -0.148071, 0.502896, 0.0, 0.0, 0.0, 1.0],
                [-0.513653, 0.138371, 0.846767, -5e-06, 0.85771, 0.057215, 0.510941, 0.052838, 0.022251, 0.988726, -0.148071, 0.502896, 0.0, 0.0, 0.0, 1.0],
                [-0.309754, 0.110121, 0.944418, -5e-06, 0.94943, -0.017808, 0.313474, 0.515294, 0.051338, 0.993759, -0.099036, 0.520029, 0.0, 0.0, 0.0, 1.0],
                [-0.10149, 0.071351, 0.992274, -5e-06, 0.986591, 0.135367, 0.091175, 1.121462, -0.127816, 0.988223, -0.084133, 0.592223, 0.0, 0.0, 0.0, 1.0],
                [0.671738, -0.122879, 0.730527, -5e-06, 0.738907, 0.181396, -0.648932, 1.968386, -0.052775, 0.975703, 0.212647, 0.606536, 0.0, 0.0, 0.0, 1.0],
                [0.671738, -0.122879, 0.730526, -5e-06, 0.734836, -0.014232, -0.678095, 2.03452, 0.09372, 0.99232, 0.080736, 0.576776, 0.0, 0.0, 0.0, 1.0],
                [0.738325, -0.03427, -0.673574, -5e-06, -0.67368, -0.085032, -0.734115, 1.935209, -0.032117, 0.995789, -0.085868, 0.65439, 0.0, 0.0, 0.0, 1.0]
            ]
        },
        {
            "name": "Thigh_R",
            "time": [0.0, 0.1, 0.1667, 0.3, 0.4, 0.5, 0.8333],
            "transform": [
                [-0.5448, 0.509201, 0.666263, 0.124994, 0.526802, -0.410344, 0.744376, -0.002831, 0.652435, 0.756523, -0.044693, -1.2e-05, 0.0, 0.0, 0.0, 1.0],
                [-0.5448, 0.509201, 0.666263, 0.095042, 0.526802, -0.410344, 0.744376, 0.005238, 0.652435, 0.756523, -0.044693, 0.049364, 0.0, 0.0, 0.0, 1.0],
                [-0.538733, 0.501411, 0.677017, 0.124994, 0.528919, -0.424194, 0.735053, -0.002831, 0.655752, 0.754083, -0.036678, -1.2e-05, 0.0, 0.0, 0.0, 1.0],
                [-0.446604, 0.543523, 0.710722, 0.124994, 0.532083, -0.477279, 0.69935, -0.002831, 0.719328, 0.690494, -0.076045, -1.2e-05, 0.0, 0.0, 0.0, 1.0],
                [0.325632, 0.762073, 0.559648, 0.124994, 0.245005, -0.6397, 0.728528, -0.002831, 0.913201, -0.100116, -0.39502, -1.2e-05, 0.0, 0.0, 0.0, 1.0],
                [0.325632, 0.762073, 0.559648, 0.124994, 0.245005, -0.639701, 0.728528, -0.002831, 0.913201, -0.100116, -0.39502, -1.2e-05, 0.0, 0.0, 0.0, 1.0],
                [0.901995, 0.375509, 0.213067, 0.124994, 0.227833, -0.833176, 0.503891, -0.002831, 0.366739, -0.405963, -0.837076, -1.2e-05, 0.0, 0.0, 0.0, 1.0]
            ]
        },
        {
            "name": "Leg_R",
            "time": [0.0, 0.1, 0.1667, 0.3, 0.4, 0.5, 0.8333],
            "transform": [
                [0.980192, -0.193416, -0.042602, -0.0, 0.194562, 0.900166, 0.389678, 0.37472, -0.037021, -0.390248, 0.919965, 0.0, 0.0, 0.0, 0.0, 1.0],
                [0.963269, -0.211721, -0.165187, 0.0, 0.268477, 0.74619, 0.609197, 0.37472, -0.005719, -0.631171, 0.775622, 0.0, 0.0, 0.0, 0.0, 1.0],
                [0.963269, -0.211721, -0.165187, 0.0, 0.268477, 0.74619, 0.609197, 0.37472, -0.005719, -0.631171, 0.775623, 0.0, 0.0, 0.0, 0.0, 1.0],
                [0.963269, -0.211721, -0.165187, 0.0, 0.268477, 0.74619, 0.609197, 0.37472, -0.005719, -0.631171, 0.775623, -0.0, 0.0, 0.0, 0.0, 1.0],
                [0.962, -0.247613, -0.115084, 0.0, 0.270443, 0.805945, 0.526606, 0.37472, -0.037643, -0.53772, 0.842283, -0.0, 0.0, 0.0, 0.0, 1.0],
                [0.956723, -0.087323, -0.277589, 0.0, 0.279663, 0.539576, 0.794132, 0.37472, 0.080434, -0.837397, 0.540645, -0.0, 0.0, 0.0, 0.0, 1.0],
                [1.0, -1e-06, 1e-06, -0.0, -1e-06, 0.543373, 0.839491, 0.37472, -1e-06, -0.839492, 0.543372, -0.0, 0.0, 0.0, 0.0, 1.0]
            ]
        },
        {
            "name": "Knee_R",
            "time": [0.0, 0.1, 0.1667, 0.3, 0.4, 0.5, 0.8333],
            "transform": [
                [1.0, 0.0, -0.0, 0.0, -0.0, 0.0, -1.0, 0.420355, -0.0, 1.0, 0.0, -0.0, 0.0, 0.0, 0.0, 1.0],
                [1.0, 0.0, -0.0, 0.0, -0.0, 0.0, -1.0, 0.420355, -0.0, 1.0, 0.0, -0.0, 0.0, 0.0, 0.0, 1.0],
                [1.0, 0.0, -1e-06, 0.0, -1e-06, 0.0, -1.0, 0.420355, -0.0, 1.0, 0.0, 0.0, 0.0, 0.0, 0.0, 1.0],
                [1.0, 0.0, -0.0, 0.0, -1e-06, 0.0, -1.0, 0.420355, -0.0, 1.0, 0.0, -0.0, 0.0, 0.0, 0.0, 1.0],
                [1.0, 0.0, -0.0, 0.0, -0.0, 0.0, -1.0, 0.420355, -0.0, 1.0, 0.0, -0.0, 0.0, 0.0, 0.0, 1.0],
                [1.0, 0.0, -1e-06, 0.0, -0.0, 0.0, -1.0, 0.420355, -0.0, 1.0, 0.0, 0.0, 0.0, 0.0, 0.0, 1.0],
                [1.0, 0.0, -0.0, -0.0, -0.0, 0.0, -1.0, 0.420355, -0.0, 1.0, 0.0, -0.0, 0.0, 0.0, 0.0, 1.0]
            ]
        },
        {
            "name": "Thigh_L",
            "time": [0.0, 0.1, 0.1667, 0.3, 0.4, 0.5, 0.8333],
            "transform": [
                [0.723587, -0.643505, 0.249647, -0.125006, -0.648224, -0.50929, 0.566064, -0.002831, -0.237122, -0.571424, -0.785651, -1.2e-05, 0.0, 0.0, 0.0, 1.0],
                [0.723587, -0.643505, 0.249647, -0.125006, -0.648224, -0.50929, 0.566064, -0.002831, -0.237122, -0.571424, -0.785651, -1.2e-05, 0.0, 0.0, 0.0, 1.0],
                [0.723587, -0.643505, 0.249647, -0.125006, -0.648224, -0.50929, 0.566064, -0.002831, -0.237122, -0.571424, -0.785651, -1.2e-05, 0.0, 0.0, 0.0, 1.0],
                [0.982194, -0.04953, 0.181225, -0.125006, -0.159921, -0.726649, 0.668137, -0.002831, 0.098594, -0.685221, -0.721631, -1.2e-05, 0.0, 0.0, 0.0, 1.0],
                [0.68615, -0.27259, 0.674458, -0.144248, -0.151573, -0.960363, -0.233942, -0.003027, 0.711495, 0.05829, -0.70027, -0.120893, 0.0, 0.0, 0.0, 1.0],
                [0.676969, -0.501094, 0.53909, -0.144248, -0.157948, -0.814291, -0.558553, -0.003027, 0.718864, 0.292975, -0.630397, -0.120893, 0.0, 0.0, 0.0, 1.0],
                [0.695374, -0.572695, -0.434138, -0.125006, -0.463835, -0.819089, 0.337564, -0.002831, -0.548919, -0.033365, -0.835209, -1.2e-05, 0.0, 0.0, 0.0, 1.0]
            ]
        },
        {
            "name": "Leg_L",
            "time": [0.0, 0.1, 0.1667, 0.3, 0.4, 0.5, 0.8333],
            "transform": [
                [0.980262, 0.087225, 0.177424, 0.0, -0.191008, 0.649428, 0.736043, 0.37472, -0.051023, -0.755403, 0.653271, 0.0, 0.0, 0.0, 0.0, 1.0],
                [0.993002, -0.059193, 0.102198, 0.0, -0.02248, 0.754778, 0.655595, 0.37472, -0.115943, -0.653304, 0.748166, 0.0, 0.0, 0.0, 0.0, 1.0],
                [0.993002, -0.059192, 0.102198, 0.0, -0.02248, 0.754778, 0.655595, 0.37472, -0.115943, -0.653304, 0.748166, 0.0, 0.0, 0.0, 0.0, 1.0],
                [0.993001, -0.059192, 0.102198, -0.0, -0.02248, 0.754778, 0.655595, 0.37472, -0.115943, -0.653303, 0.748166, 0.0, 0.0, 0.0, 0.0, 1.0],
                [0.952283, -0.190774, -0.238248, -0.0, 0.239849, 0.950489, 0.197592, 0.37472, 0.188757, -0.245307, 0.950892, 0.0, 0.0, 0.0, 0.0, 1.0],
                [0.952283, -0.190774, -0.238248, -0.0, 0.239849, 0.950489, 0.197592, 0.37472, 0.188757, -0.245307, 0.950892, 0.0, 0.0, 0.0, 0.0, 1.0],
                [0.985054, 0.072423, 0.156281, -0.0, -0.125585, 0.922947, 0.363865, 0.37472, -0.117887, -0.378053, 0.918248, -0.0, 0.0, 0.0, 0.0, 1.0]
            ]
        },
        {
            "name": "Knee_L",
            "time": [0.0, 0.1, 0.1667, 0.3, 0.4, 0.5, 0.8333],
            "transform": [
                [1.0, 0.0, -0.0, -1e-06, -0.0, 0.0, -1.0, 0.374871, -0.0, 1.0, 0.0, -0.000824, 0.0, 0.0, 0.0, 1.0],
                [1.0, 0.0, -0.0, -1e-06, -0.0, 0.0, -1.0, 0.374871, -0.0, 1.0, 0.0, -0.000824, 0.0, 0.0, 0.0, 1.0],
                [1.0, 0.0, -0.0, -1e-06, -0.0, 0.0, -1.0, 0.374871, -0.0, 1.0, 0.0, -0.000824, 0.0, 0.0, 0.0, 1.0],
                [1.0, 0.0, -0.0, -1e-06, -0.0, 0.0, -1.0, 0.374871, -0.0, 1.0, 0.0, -0.000824, 0.0, 0.0, 0.0, 1.0],
                [1.0, 0.0, -0.0, -1e-06, -0.0, 0.0, -1.0, 0.374871, -0.0, 1.0, 0.0, -0.000824, 0.0, 0.0, 0.0, 1.0],
                [1.0, 0.0, -0.0, -1e-06, -0.0, 0.0, -1.0, 0.374871, -0.0, 1.0, 0.0, -0.000824, 0.0, 0.0, 0.0, 1.0],
                [1.0, 0.0, -0.0, -1e-06, -0.0, 0.0, -1.0, 0.374871, -0.0, 1.0, 0.0, -0.000824, 0.0, 0.0, 0.0, 1.0]
            ]
        },
        {
            "name": "Torso",
            "time": [0.0, 0.1, 0.1667, 0.3, 0.4, 0.5, 0.8333],
            "transform": [
                [0.874979, 0.177199, -0.450569, -0.0, 0.159205, 0.773564, 0.613394, 0.05, 0.457237, -0.60844, 0.648641, -0.0, 0.0, 0.0, 0.0, 1.0],
                [0.345441, 0.512285, -0.786279, -0.0, -0.055376, 0.847525, 0.52786, 0.05, 0.936806, -0.138804, 0.321138, -0.0, 0.0, 0.0, 0.0, 1.0],
                [0.345441, 0.512285, -0.786279, 0.0, -0.055376, 0.847525, 0.52786, 0.05, 0.936805, -0.138804, 0.321137, -0.0, 0.0, 0.0, 0.0, 1.0],
                [0.241787, 0.032394, -0.969788, -0.0, 0.014025, 0.999222, 0.036874, 0.05, 0.970228, -0.022517, 0.241145, -0.0, 0.0, 0.0, 0.0, 1.0],
                [0.923248, 0.010094, -0.384072, 0.0, -0.115524, 0.960688, -0.252452, 0.05, 0.366425, 0.277446, 0.88812, 0.0, 0.0, 0.0, 0.0, 1.0],
                [0.923248, 0.010094, -0.384072, -0.0, -0.115524, 0.960688, -0.252453, 0.05, 0.366425, 0.277446, 0.88812, 0.0, 0.0, 0.0, 0.0, 1.0],
                [0.997465, -0.071158, 0.000841, -0.0, 0.070876, 0.994433, 0.077973, 0.05, -0.006385, -0.077715, 0.996955, 0.0, 0.0, 0.0, 0.0, 1.0]
            ]
        },
        {
            "name": "Chest",
            "time": [0.0, 0.1, 0.1667, 0.3, 0.4, 0.5, 0.8333],
            "transform": [
                [0.952523, -0.130811, 0.274935, -0.0, 0.051321, 0.959061, 0.27851, 0.3, -0.300111, -0.251177, 0.920241, -0.0, 0.0, 0.0, 0.0, 1.0],
                [0.938776, -0.027499, 0.343428, -0.0, -0.093784, 0.938771, 0.331532, 0.3, -0.331517, -0.343442, 0.878717, 0.0, 0.0, 0.0, 0.0, 1.0],
                [0.961827, -0.026875, 0.272336, -0.0, -0.059154, 0.95122, 0.302789, 0.3, -0.267189, -0.30734, 0.913319, -0.0, 0.0, 0.0, 0.0, 1.0],
                [0.99319, -0.035376, 0.11101, 0.0, 0.009109, 0.973451, 0.228715, 0.3, -0.116154, -0.226147, 0.967143, -0.0, 0.0, 0.0, 0.0, 1.0],
                [0.860387, -0.185897, -0.474527, 0.0, 0.135777, 0.98106, -0.138149, 0.3, 0.491221, 0.054432, 0.869332, -0.0, 0.0, 0.0, 0.0, 1.0],
                [0.860387, -0.185897, -0.474527, -0.0, 0.135777, 0.981061, -0.138149, 0.3, 0.491221, 0.054432, 0.869332, -0.0, 0.0, 0.0, 0.0, 1.0],
                [1.0, 0.0, 0.0, 0.0, 0.0, 1.0, 0.0, 0.3, -0.0, -0.0, 1.0, -0.0, 0.0, 0.0, 0.0, 1.0]
            ]
        },
        {
            "name": "Head",
            "time": [0.0, 0.1, 0.1667, 0.3, 0.4, 0.5, 0.8333],
            "transform": [
                [0.970938, -0.031872, -0.2372, -0.0, 0.039619, 0.998823, 0.027964, 0.4, 0.236029, -0.036549, 0.971058, 0.0, 0.0, 0.0, 0.0, 1.0],
                [0.970938, -0.031872, -0.2372, 0.0, 0.039619, 0.998824, 0.027964, 0.4, 0.236029, -0.036549, 0.971058, 0.0, 0.0, 0.0, 0.0, 1.0],
                [0.970974, -0.029764, -0.237328, -0.0, 0.037435, 0.99891, 0.027881, 0.4, 0.23624, -0.035956, 0.971029, 0.0, 0.0, 0.0, 0.0, 1.0],
                [0.971041, -0.02198, -0.237902, -0.0, 0.029321, 0.999195, 0.027364, 0.4, 0.237109, -0.033548, 0.970904, -0.0, 0.0, 0.0, 0.0, 1.0],
                [0.970103, 0.028881, -0.240969, -0.0, -0.023368, 0.999396, 0.025704, 0.4, 0.241566, -0.019305, 0.970192, 0.0, 0.0, 0.0, 0.0, 1.0],
                [0.970103, 0.028881, -0.240969, -0.0, -0.023368, 0.999396, 0.025704, 0.4, 0.241566, -0.019305, 0.970192, -0.0, 0.0, 0.0, 0.0, 1.0],
                [0.72612, 0.022659, 0.687194, 0.0, -0.06335, 0.99741, 0.034051, 0.4, -0.684643, -0.068259, 0.725675, -0.0, 0.0, 0.0, 0.0, 1.0]
            ]
        },
        {
            "name": "Shoulder_R",
            "time": [0.0, 0.1, 0.1667, 0.3, 0.4, 0.5, 0.8333],
            "transform": [
                [0.86295, 0.493333, -0.109266, -0.0, 0.113025, 0.022305, 0.993342, 0.4, 0.492486, -0.869554, -0.036511, 0.0, 0.0, 0.0, 0.0, 1.0],
                [0.894467, 0.445204, 0.041497, 0.0, 0.082433, -0.255407, 0.963313, 0.4, 0.439469, -0.858231, -0.265153, 0.0, 0.0, 0.0, 0.0, 1.0],
                [0.867387, 0.487986, 0.097521, -0.0, 0.053628, -0.286489, 0.956581, 0.4, 0.494737, -0.824496, -0.274667, 0.0, 0.0, 0.0, 0.0, 1.0],
                [0.688061, 0.704932, 0.172169, -0.0, 0.028094, -0.26296, 0.964397, 0.4, 0.725109, -0.658727, -0.200737, -0.0, 0.0, 0.0, 0.0, 1.0],
                [-0.844521, 0.534497, 0.03312, -0.0, -0.152972, -0.300044, 0.94158, 0.4, 0.513209, 0.790118, 0.335157, 0.0, 0.0, 0.0, 0.0, 1.0],
                [-0.844521, 0.534497, 0.03312, -0.0, -0.152972, -0.300044, 0.94158, 0.4, 0.513209, 0.790118, 0.335157, -0.0, 0.0, 0.0, 0.0, 1.0],
                [0.304021, 0.903952, 0.300735, 0.0, -0.00494, -0.314177, 0.949351, 0.4, 0.952652, -0.290108, -0.091051, -0.0, 0.0, 0.0, 0.0, 1.0]
            ]
        },
        {
            "name": "Arm_R",
            "time": [0.0, 0.1, 0.1667, 0.3, 0.4, 0.5, 0.8333],
            "transform": [
                [-0.234725, -0.934753, 0.266724, -0.0, -0.833943, 0.334625, 0.438822, 0.393861, -0.499443, -0.11943, -0.858075, -0.0, 0.0, 0.0, 0.0, 1.0],
                [-0.198359, -0.704193, 0.681738, 0.0, -0.723801, 0.574246, 0.382563, 0.39386, -0.660883, -0.417557, -0.623602, 0.0, 0.0, 0.0, 0.0, 1.0],
                [-0.248728, -0.651143, 0.71704, 0.0, -0.688772, 0.639395, 0.341711, 0.39386, -0.680975, -0.408885, -0.607525, 0.0, 0.0, 0.0, 0.0, 1.0],
                [-0.3704, -0.589226, 0.718064, 0.0, -0.873426, 0.484023, -0.053363, 0.39386, -0.316117, -0.646942, -0.693928, -0.0, 0.0, 0.0, 0.0, 1.0],
                [-0.973525, 0.210641, -0.088773, -0.0, 0.225113, 0.950903, -0.212385, 0.39386, 0.039677, -0.226746, -0.973146, 0.0, 0.0, 0.0, 0.0, 1.0],
                [-0.973525, 0.210641, -0.088773, -0.0, 0.225113, 0.950903, -0.212385, 0.39386, 0.039677, -0.226745, -0.973146, -0.0, 0.0, 0.0, 0.0, 1.0],
                [-0.280133, -0.278761, -0.918595, -0.0, 0.746481, 0.538389, -0.391027, 0.393861, 0.603565, -0.795254, 0.057269, 0.0, 0.0, 0.0, 0.0, 1.0]
            ]
        },
        {
            "name": "Hand_R",
            "time": [0.0, 0.1, 0.1667, 0.3, 0.4, 0.5, 0.8333],
            "transform": [
                [0.751797, 0.5332, 0.387942, -0.0, -0.649227, 0.495632, 0.576934, 0.3, 0.115345, -0.6856, 0.718783, 0.0, 0.0, 0.0, 0.0, 1.0],
                [0.676588, 0.600055, 0.426806, -0.0, -0.638248, 0.188814, 0.746317, 0.3, 0.367243, -0.777357, 0.510733, 0.0, 0.0, 0.0, 0.0, 1.0],
                [0.677584, 0.60924, 0.411955, 0.0, -0.638257, 0.208838, 0.740956, 0.3, 0.365388, -0.764993, 0.530357, 0.0, 0.0, 0.0, 0.0, 1.0],
                [0.997092, 0.074117, -0.01771, -0.0, 0.022817, -0.068635, 0.997381, 0.3, 0.072707, -0.994885, -0.070126, -0.0, 0.0, 0.0, 0.0, 1.0],
                [0.131913, 0.958964, -0.250972, 0.0, -0.976723, 0.168946, 0.132168, 0.3, 0.169145, 0.227696, 0.958929, 0.0, 0.0, 0.0, 0.0, 1.0],
                [0.933423, 0.221024, 0.282611, -0.0, -0.330483, 0.836289, 0.437495, 0.3, -0.139648, -0.501766, 0.853657, -0.0, 0.0, 0.0, 0.0, 1.0],
                [0.955628, -0.169327, -0.241047, 0.0, 0.056927, 0.909012, -0.412865, 0.3, 0.289023, 0.380823, 0.878316, 0.0, 0.0, 0.0, 0.0, 1.0]
            ]
        },
        {
            "name": "Tool_R",
            "time": [0.0, 0.1, 0.1667, 0.3, 0.4, 0.5, 0.8333],
            "transform": [
                [-0.979455, -0.201264, -0.01267, -0.0, 0.020331, -0.036043, -0.999144, 0.272858, 0.200635, -0.978874, 0.039395, -0.0, 0.0, 0.0, 0.0, 1.0],
                [0.00446, 0.991766, -0.127985, 0.0, 0.351433, -0.121377, -0.928312, 0.272858, -0.936203, -0.040838, -0.349081, 0.0, 0.0, 0.0, 0.0, 1.0],
                [0.00446, 0.991766, -0.127985, 0.0, 0.351433, -0.121377, -0.928312, 0.272858, -0.936203, -0.040838, -0.349081, -0.0, 0.0, 0.0, 0.0, 1.0],
                [-0.070096, 0.441063, -0.894735, -0.0, 0.462003, -0.78059, -0.42099, 0.272858, -0.884104, -0.44288, -0.149057, 0.0, 0.0, 0.0, 0.0, 1.0],
                [-0.034105, 0.974704, -0.220882, -0.0, 0.086658, -0.217294, -0.972252, 0.272858, -0.995655, -0.052299, -0.077055, -0.0, 0.0, 0.0, 0.0, 1.0],
                [-0.034105, 0.974704, -0.220882, 0.0, 0.086658, -0.217294, -0.972252, 0.272858, -0.995655, -0.052299, -0.077055, 0.0, 0.0, 0.0, 0.0, 1.0],
                [0.903817, 0.419353, -0.085194, 0.0, 0.401204, -0.89967, -0.172135, 0.272858, -0.148832, 0.121398, -0.981383, -0.0, 0.0, 0.0, 0.0, 1.0]
            ]
        },
        {
            "name": "Elbow_R",
            "time": [0.0, 0.1, 0.1667, 0.3, 0.4, 0.5, 0.8333],
            "transform": [
                [-1.0, 0.0, -0.0, -0.0, 0.0, 0.0, -1.0, 0.3, -0.0, -1.0, -0.0, 0.0, 0.0, 0.0, 0.0, 1.0],
                [-1.0, 0.0, -0.0, -0.0, -0.0, 0.0, -1.0, 0.3, -0.0, -1.0, -0.0, 0.0, 0.0, 0.0, 0.0, 1.0],
                [-1.0, 0.0, 0.0, 0.0, 0.0, -0.0, -1.0, 0.3, -0.0, -1.0, -0.0, 0.0, 0.0, 0.0, 0.0, 1.0],
                [-1.0, 0.0, -0.0, -0.0, 0.0, -0.0, -1.0, 0.3, -0.0, -1.0, -0.0, -0.0, 0.0, 0.0, 0.0, 1.0],
                [-1.0, 0.0, -0.0, 0.0, 0.0, -0.0, -1.0, 0.3, -0.0, -1.0, 0.0, 0.0, 0.0, 0.0, 0.0, 1.0],
                [-1.0, 0.0, -0.0, -0.0, 0.0, -0.0, -1.0, 0.3, -0.0, -1.0, -0.0, -0.0, 0.0, 0.0, 0.0, 1.0],
                [-1.0, 0.0, -0.0, 0.0, 0.0, 0.0, -1.0, 0.3, -0.0, -1.0, -0.0, 0.0, 0.0, 0.0, 0.0, 1.0]
            ]
        },
        {
            "name": "Shoulder_L",
            "time": [0.0, 0.1, 0.1667, 0.3, 0.4, 0.5, 0.8333],
            "transform": [
                [-0.149245, -0.96493, 0.215955, -0.0, 0.764206, 0.02603, 0.644446, 0.4, -0.627467, 0.261214, 0.733521, 0.0, 0.0, 0.0, 0.0, 1.0],
                [-0.172791, -0.982772, -0.065591, 0.0, 0.793039, -0.178308, 0.582491, 0.4, -0.584152, 0.048633, 0.810186, 0.0, 0.0, 0.0, 0.0, 1.0],
                [0.260831, -0.818234, -0.512309, -0.0, 0.952986, 0.133455, 0.272043, 0.4, -0.154225, -0.559181, 0.814574, 0.0, 0.0, 0.0, 0.0, 1.0],
                [0.504149, -0.821158, -0.267458, -0.0, 0.855281, 0.431812, 0.286413, 0.4, -0.119699, -0.373146, 0.920018, -0.0, 0.0, 0.0, 0.0, 1.0],
                [0.112355, -0.916129, -0.384818, -0.0, 0.469373, -0.29241, 0.833178, 0.4, -0.875823, -0.274235, 0.397152, 0.0, 0.0, 0.0, 0.0, 1.0],
                [-0.404963, -0.914201, 0.015517, -0.0, 0.508133, -0.210914, 0.835055, 0.4, -0.760136, 0.346051, 0.549948, -0.0, 0.0, 0.0, 0.0, 1.0],
                [0.054864, -0.768557, -0.637425, 0.0, 0.061844, -0.634545, 0.770407, 0.4, -0.996577, -0.081688, 0.012717, -0.0, 0.0, 0.0, 0.0, 1.0]
            ]
        },
        {
            "name": "Arm_L",
            "time": [0.0, 0.1, 0.1667, 0.3, 0.4, 0.5, 0.8333],
            "transform": [
                [0.622349, 0.454415, 0.637329, 0.0, -0.655408, 0.74767, 0.106914, 0.39386, -0.427929, -0.484248, 0.763139, 0.0, 0.0, 0.0, 0.0, 1.0],
                [0.069057, 0.666671, 0.742146, -0.0, -0.994165, 0.107782, -0.004313, 0.39386, -0.082865, -0.737518, 0.670224, -0.0, 0.0, 0.0, 0.0, 1.0],
                [-0.2999, 0.577612, 0.759227, 0.0, -0.859702, 0.181316, -0.477532, 0.39386, -0.413488, -0.79592, 0.442197, -0.0, 0.0, 0.0, 0.0, 1.0],
                [-0.387478, 0.483332, 0.785017, 0.0, -0.8983, -0.006595, -0.439333, 0.39386, -0.207166, -0.875412, 0.436733, -0.0, 0.0, 0.0, 0.0, 1.0],
                [0.048463, 0.602231, 0.796849, 0.0, -0.260071, 0.777877, -0.572076, 0.39386, -0.964373, -0.179513, 0.194321, 0.0, 0.0, 0.0, 0.0, 1.0],
                [-0.01673, -0.301586, 0.953292, -0.0, -0.123403, 0.946759, 0.297353, 0.39386, -0.992216, -0.112665, -0.053056, 0.0, 0.0, 0.0, 0.0, 1.0],
                [-0.447662, 0.409447, 0.794954, 0.0, -0.635081, 0.480263, -0.604996, 0.39386, -0.629501, -0.775693, 0.045037, -0.0, 0.0, 0.0, 0.0, 1.0]
            ]
        },
        {
            "name": "Hand_L",
            "time": [0.0, 0.1, 0.1667, 0.3, 0.4, 0.5, 0.8333],
            "transform": [
                [0.264177, 0.885502, -0.382227, 0.0, -0.147339, -0.354601, -0.923336, 0.3, -0.953154, 0.300242, 0.036791, -0.0, 0.0, 0.0, 0.0, 1.0],
                [-0.114914, 0.714196, 0.690449, -0.0, -0.027915, 0.692457, -0.720919, 0.3, -0.992983, -0.102118, -0.059636, -0.0, 0.0, 0.0, 0.0, 1.0],
                [-0.041539, 0.48164, 0.875384, -0.0, 0.249571, 0.85337, -0.457685, 0.3, -0.967465, 0.199459, -0.155651, -0.0, 0.0, 0.0, 0.0, 1.0],
                [0.047752, 0.41279, 0.909573, -0.0, 0.243606, 0.878303, -0.411388, 0.3, -0.968698, 0.241222, -0.058617, 0.0, 0.0, 0.0, 0.0, 1.0],
                [-0.107164, 0.232469, 0.966682, 0.0, 0.27237, 0.94195, -0.196327, 0.300001, -0.956206, 0.242256, -0.164261, -0.0, 0.0, 0.0, 0.0, 1.0],
                [-0.107164, 0.232469, 0.966682, -0.0, 0.27237, 0.94195, -0.196327, 0.3, -0.956206, 0.242256, -0.164261, 0.0, 0.0, 0.0, 0.0, 1.0],
                [0.778491, 0.627026, -0.028127, -0.0, -0.292706, 0.323042, -0.899982, 0.3, -0.555225, 0.70886, 0.43502, 0.0, 0.0, 0.0, 0.0, 1.0]
            ]
        },
        {
            "name": "Tool_L",
            "time": [0.0, 0.1, 0.1667, 0.3, 0.4, 0.5, 0.8333],
            "transform": [
                [1.0, -0.0, 0.0, 0.0, -0.0, -0.999836, 0.018122, 0.272858, 0.0, -0.018122, -0.999836, -0.0, 0.0, 0.0, 0.0, 1.0],
                [1.0, -0.0, 0.0, 0.0, -0.0, -0.999835, 0.018122, 0.272858, 0.0, -0.018122, -0.999836, -0.0, 0.0, 0.0, 0.0, 1.0],
                [1.0, -0.0, 0.0, -0.0, -0.0, -0.999836, 0.018122, 0.272858, 0.0, -0.018122, -0.999836, 0.0, 0.0, 0.0, 0.0, 1.0],
                [1.0, -0.0, 0.0, 0.0, -0.0, -0.999836, 0.018122, 0.272858, 0.0, -0.018122, -0.999836, 0.0, 0.0, 0.0, 0.0, 1.0],
                [1.0, -0.0, 0.0, -0.0, -0.0, -0.999836, 0.018122, 0.272858, 0.0, -0.018122, -0.999836, -0.0, 0.0, 0.0, 0.0, 1.0],
                [1.0, -0.0, 0.0, 0.0, -0.0, -0.999836, 0.018122, 0.272858, 0.0, -0.018122, -0.999836, -0.0, 0.0, 0.0, 0.0, 1.0],
                [1.0, -0.0, 0.0, -0.0, -0.0, -0.999836, 0.018122, 0.272858, 0.0, -0.018122, -0.999836, -0.0, 0.0, 0.0, 0.0, 1.0]
            ]
        },
        {
            "name": "Elbow_L",
            "time": [0.0, 0.1, 0.1667, 0.3, 0.4, 0.5, 0.8333],
            "transform": [
                [-1.0, 0.0, -0.0, 0.0, 0.0, -0.0, -1.0, 0.402564, -0.0, -1.0, 0.0, -0.0, 0.0, 0.0, 0.0, 1.0],
                [-1.0, 0.0, -0.0, -0.0, 0.0, -0.0, -1.0, 0.402563, -0.0, -1.0, 0.0, -0.0, 0.0, 0.0, 0.0, 1.0],
                [-1.0, 0.0, -0.0, -0.0, 0.0, -0.0, -1.0, 0.402563, -0.0, -1.0, 0.0, -0.0, 0.0, 0.0, 0.0, 1.0],
                [-1.0, 0.0, -0.0, -0.0, 0.0, -0.0, -1.0, 0.402564, -0.0, -1.0, 0.0, -0.0, 0.0, 0.0, 0.0, 1.0],
                [-1.0, 0.0, -0.0, 0.0, 0.0, -0.0, -1.0, 0.402564, -0.0, -1.0, 0.0, 0.0, 0.0, 0.0, 0.0, 1.0],
                [-1.0, 0.0, -0.0, -0.0, 0.0, -0.0, -1.0, 0.402564, -0.0, -1.0, 0.0, 0.0, 0.0, 0.0, 0.0, 1.0],
                [-1.0, 0.0, -0.0, 0.0, 0.0, -0.0, -1.0, 0.402564, -0.0, -1.0, 0.0, 0.0, 0.0, 0.0, 0.0, 1.0]
            ]
        }
    ]
}