{
    "animation": [
        {
            "name": "Root",
            "time": [0.0, 0.2, 0.2667, 0.3667, 0.5667, 0.8333, 1.0667],
            "transform": [
                [0.96852, 0.035458, -0.246399, -5e-06, -0.202817, -0.461532, -0.863628, 0.000946, -0.144344, 0.886415, -0.439811, 0.503533, 0.0, 0.0, 0.0, 1.0],
                [0.96852, 0.035458, -0.246399, -5e-06, -0.202817, -0.461532, -0.863628, -0.094257, -0.144344, 0.886415, -0.439811, 0.503533, 0.0, 0.0, 0.0, 1.0],
                [0.970532, 0.037999, -0.237959, -5e-06, -0.194543, -0.459174, -0.866782, 0.016444, -0.142201, 0.887533, -0.438251, 0.502334, 0.0, 0.0, 0.0, 1.0],
                [0.931681, 0.238574, 0.27396, -5e-06, 0.345963, -0.352646, -0.869454, 1.746778, -0.110818, 0.904833, -0.411091, 0.483577, 0.0, 0.0, 0.0, 1.0],
                [0.861741, 0.29248, 0.414557, -5e-06, 0.495292, -0.307909, -0.812328, 1.798631, -0.109944, 0.905344, -0.410201, 0.483015, 0.0, 0.0, 0.0, 1.0],
                [0.861741, 0.29248, 0.414557, -5e-06, 0.495292, -0.307909, -0.812328, 1.798631, -0.109944, 0.905344, -0.410201, 0.483015, 0.0, 0.0, 0.0, 1.0],
                [0.96852, 0.035458, -0.246399, -5e-06, -0.202817, -0.461532, -0.863628, 1.645765, -0.144344, 0.886415, -0.439811, 0.503533, 0.0, 0.0, 0.0, 1.0]
            ]
        },
        {
            "name": "Thigh_R",
            "time": [0.0, 0.2, 0.2667, 0.3667, 0.5667, 0.8333, 1.0667],
            "transform": [
                [0.601115, 0.780008, 0.173913, 0.122406, 0.497948, -0.535781, 0.681897, 0.020697, 0.625066, -0.323298, -0.710471, -0.009318, 0.0, 0.0, 0.0, 1.0],
                [0.601115, 0.780008, 0.173913, 0.122406, 0.497948, -0.535781, 0.681897, 0.020697, 0.625066, -0.323298, -0.710471, -0.009318, 0.0, 0.0, 0.0, 1.0],
                [0.677893, 0.723604, 0.129827, 0.122406, 0.493645, -0.578899, 0.64899, 0.020697, 0.54477, -0.375857, -0.749638, -0.009318, 0.0, 0.0, 0.0, 1.0],
                [0.156333, -0.538202, -0.828189, 0.122406, -0.317481, -0.821382, 0.473851, 0.020697, -0.935289, 0.188856, -0.299278, -0.009318, 0.0, 0.0, 0.0, 1.0],
                [0.108546, -0.54401, -0.832027, 0.122407, -0.335705, -0.807861, 0.484416, 0.020697, -0.935692, 0.226733, -0.270318, -0.009318, 0.0, 0.0, 0.0, 1.0],
                [0.108546, -0.54401, -0.832027, 0.122407, -0.335705, -0.807861, 0.484416, 0.020697, -0.935692, 0.226733, -0.270318, -0.009318, 0.0, 0.0, 0.0, 1.0],
                [0.601115, 0.780008, 0.173913, 0.122406, 0.497948, -0.535781, 0.681897, 0.020697, 0.625066, -0.323298, -0.710471, -0.009318, 0.0, 0.0, 0.0, 1.0]
            ]
        },
        {
            "name": "Leg_R",
            "time": [0.0, 0.2, 0.2667, 0.3667, 0.5667, 0.8333, 1.0667],
            "transform": [
                [0.968166, -0.047675, 0.245725, -0.0, -0.171969, 0.586639, 0.79138, 0.37472, -0.181881, -0.808445, 0.559764, -0.0, 0.0, 0.0, 0.0, 1.0],
                [0.916922, 0.011968, 0.398887, -0.0, -0.225737, 0.839822, 0.493702, 0.37472, -0.329086, -0.542731, 0.772752, -0.0, 0.0, 0.0, 0.0, 1.0],
                [0.919007, -0.011043, 0.394085, 0.0, -0.224537, 0.806978, 0.546232, 0.37472, -0.324051, -0.590479, 0.739138, -0.0, 0.0, 0.0, 0.0, 1.0],
                [0.949298, -0.280562, 0.14184, -0.0, -0.164566, -0.059049, 0.984596, 0.37472, -0.267865, -0.958019, -0.102226, 0.0, 0.0, 0.0, 0.0, 1.0],
                [0.949878, -0.283706, 0.131309, 0.0, -0.162089, -0.087788, 0.982863, 0.37472, -0.267317, -0.954885, -0.129374, 0.0, 0.0, 0.0, 0.0, 1.0],
                [0.949878, -0.283706, 0.131309, 0.0, -0.162089, -0.087788, 0.982863, 0.37472, -0.267317, -0.954885, -0.129374, 0.0, 0.0, 0.0, 0.0, 1.0],
                [0.968166, -0.047675, 0.245725, 0.0, -0.171969, 0.586639, 0.79138, 0.37472, -0.181881, -0.808445, 0.559764, 0.0, 0.0, 0.0, 0.0, 1.0]
            ]
        },
        {
            "name": "Knee_R",
            "time": [0.0, 0.2, 0.2667, 0.3667, 0.5667, 0.8333, 1.0667],
            "transform": [
                [1.0, 0.0, -0.0, -0.0, -0.0, 0.0, -1.0, 0.37472, -0.0, 1.0, 0.0, -0.0, 0.0, 0.0, 0.0, 1.0],
                [1.0, 0.0, -0.0, -0.0, -0.0, 0.0, -1.0, 0.37472, -0.0, 1.0, 0.0, -0.0, 0.0, 0.0, 0.0, 1.0],
                [1.0, 0.0, -0.0, 0.0, -1e-06, 0.0, -1.0, 0.37472, -0.0, 1.0, 0.0, -0.0, 0.0, 0.0, 0.0, 1.0],
                [1.0, 0.0, -0.0, -0.0, -0.0, 0.0, -1.0, 0.37472, -0.0, 1.0, 0.0, 0.0, 0.0, 0.0, 0.0, 1.0],
                [1.0, 0.0, -0.0, 0.0, -0.0, 0.0, -1.0, 0.37472, -0.0, 1.0, 0.0, 0.0, 0.0, 0.0, 0.0, 1.0],
                [1.0, 0.0, -0.0, 0.0, -0.0, 0.0, -1.0, 0.37472, -0.0, 1.0, 0.0, 0.0, 0.0, 0.0, 0.0, 1.0],
                [1.0, 0.0, -0.0, 0.0, -0.0, 0.0, -1.0, 0.37472, -0.0, 1.0, 0.0, 0.0, 0.0, 0.0, 0.0, 1.0]
            ]
        },
        {
            "name": "Thigh_L",
            "time": [0.0, 0.2, 0.2667, 0.3667, 0.5667, 0.8333, 1.0667],
            "transform": [
                [0.868147, -0.468732, -0.163127, -0.122419, -0.269272, -0.720945, 0.638538, -0.026358, -0.416909, -0.51042, -0.752103, 0.009295, 0.0, 0.0, 0.0, 1.0],
                [0.868147, -0.468732, -0.163127, -0.122419, -0.269272, -0.720945, 0.638538, -0.026358, -0.416909, -0.51042, -0.752103, 0.009295, 0.0, 0.0, 0.0, 1.0],
                [0.82616, -0.528959, -0.194069, -0.122419, -0.304477, -0.708947, 0.636151, -0.026358, -0.474082, -0.466472, -0.746759, 0.009295, 0.0, 0.0, 0.0, 1.0],
                [-0.359851, -0.774951, -0.519575, -0.122419, -0.611865, -0.224399, 0.758463, -0.026358, -0.704364, 0.590843, -0.393416, 0.009295, 0.0, 0.0, 0.0, 1.0],
                [-0.393012, -0.758469, -0.51987, -0.122419, -0.609431, -0.208512, 0.764929, -0.026358, -0.688574, 0.617452, -0.380287, 0.009294, 0.0, 0.0, 0.0, 1.0],
                [-0.393012, -0.758469, -0.51987, -0.122419, -0.609431, -0.208512, 0.764929, -0.026358, -0.688574, 0.617452, -0.380287, 0.009294, 0.0, 0.0, 0.0, 1.0],
                [0.868147, -0.468732, -0.163127, -0.122419, -0.269272, -0.720945, 0.638538, -0.026358, -0.416909, -0.51042, -0.752103, 0.009295, 0.0, 0.0, 0.0, 1.0]
            ]
        },
        {
            "name": "Leg_L",
            "time": [0.0, 0.2, 0.2667, 0.3667, 0.5667, 0.8333, 1.0667],
            "transform": [
                [0.999983, 0.004947, -0.002979, 0.0, 0.001528, 0.270694, 0.962664, 0.37472, 0.005568, -0.962652, 0.270682, 0.0, 0.0, 0.0, 0.0, 1.0],
                [0.980631, 0.154197, -0.120778, 0.0, -0.022876, 0.702576, 0.711241, 0.37472, 0.194527, -0.694701, 0.692495, 0.0, 0.0, 0.0, 0.0, 1.0],
                [0.980631, 0.154197, -0.120778, 0.0, -0.022876, 0.702576, 0.711241, 0.37472, 0.194527, -0.694701, 0.692495, 0.0, 0.0, 0.0, 0.0, 1.0],
                [0.980631, 0.154197, -0.120778, -0.0, -0.022876, 0.702576, 0.711241, 0.37472, 0.194527, -0.694701, 0.692495, 0.0, 0.0, 0.0, 0.0, 1.0],
                [0.980631, 0.154197, -0.120778, 0.0, -0.022876, 0.702576, 0.711241, 0.37472, 0.194527, -0.694701, 0.692495, -0.0, 0.0, 0.0, 0.0, 1.0],
                [0.980631, 0.154197, -0.120778, 0.0, -0.022876, 0.702576, 0.711241, 0.37472, 0.194527, -0.694701, 0.692495, -0.0, 0.0, 0.0, 0.0, 1.0],
                [0.999983, 0.004947, -0.002979, 0.0, 0.001528, 0.270694, 0.962664, 0.37472, 0.005568, -0.962652, 0.270682, 0.0, 0.0, 0.0, 0.0, 1.0]
            ]
        },
        {
            "name": "Knee_L",
            "time": [0.0, 0.2, 0.2667, 0.3667, 0.5667, 0.8333, 1.0667],
            "transform": [
                [1.0, 0.0, -0.0, 0.0, -0.0, 0.0, -1.0, 0.398608, -0.0, 1.0, 0.0, -0.0, 0.0, 0.0, 0.0, 1.0],
                [1.0, 0.0, -0.0, 0.0, -0.0, 0.0, -1.0, 0.398608, -0.0, 1.0, 0.0, 0.0, 0.0, 0.0, 0.0, 1.0],
                [1.0, 0.0, -0.0, 0.0, -0.0, 0.0, -1.0, 0.398608, -0.0, 1.0, 0.0, -0.0, 0.0, 0.0, 0.0, 1.0],
                [1.0, 0.0, -0.0, -0.0, -0.0, 0.0, -1.0, 0.398608, -0.0, 1.0, 0.0, 0.0, 0.0, 0.0, 0.0, 1.0],
                [1.0, 0.0, -0.0, 0.0, -0.0, 0.0, -1.0, 0.398608, -0.0, 1.0, 0.0, -0.0, 0.0, 0.0, 0.0, 1.0],
                [1.0, 0.0, -0.0, 0.0, -0.0, 0.0, -1.0, 0.398608, -0.0, 1.0, 0.0, -0.0, 0.0, 0.0, 0.0, 1.0],
                [1.0, 0.0, -0.0, -0.0, -0.0, 0.0, -1.0, 0.398608, -0.0, 1.0, 0.0, -0.0, 0.0, 0.0, 0.0, 1.0]
            ]
        },
        {
            "name": "Torso",
            "time": [0.0, 0.2, 0.2667, 0.3667, 0.5667, 0.8333, 1.0667],
            "transform": [
                [0.837282, -0.143055, -0.527725, -0.0, 0.344613, 0.887401, 0.306204, 0.05, 0.4245, -0.43824, 0.792304, -0.0, 0.0, 0.0, 0.0, 1.0],
                [0.765757, -0.451899, -0.457605, -0.0, 0.551604, 0.827339, 0.106033, 0.05, 0.330679, -0.333612, 0.882811, -0.0, 0.0, 0.0, 0.0, 1.0],
                [0.792796, -0.458448, -0.401622, 0.0, 0.550485, 0.821445, 0.148976, 0.05, 0.261613, -0.339194, 0.903607, 0.0, 0.0, 0.0, 0.0, 1.0],
                [0.843484, -0.515445, 0.15117, -0.0, 0.301357, 0.687054, 0.661167, 0.05, -0.444656, -0.512127, 0.734851, -0.0, 0.0, 0.0, 0.0, 1.0],
                [0.83371, -0.529316, 0.15733, 0.0, 0.278087, 0.648599, 0.70851, 0.05, -0.477069, -0.546941, 0.68794, -0.0, 0.0, 0.0, 0.0, 1.0],
                [0.83371, -0.529316, 0.15733, 0.0, 0.278087, 0.648599, 0.70851, 0.05, -0.477069, -0.546941, 0.68794, -0.0, 0.0, 0.0, 0.0, 1.0],
                [0.837282, -0.143055, -0.527725, 0.0, 0.344613, 0.887401, 0.306204, 0.05, 0.4245, -0.43824, 0.792304, -0.0, 0.0, 0.0, 0.0, 1.0]
            ]
        },
        {
            "name": "Chest",
            "time": [0.0, 0.2, 0.2667, 0.3667, 0.5667, 0.8333, 1.0667],
            "transform": [
                [0.982182, -0.068211, 0.175115, -0.0, 0.014876, 0.9571, 0.289376, 0.3, -0.187341, -0.281615, 0.941061, 0.0, 0.0, 0.0, 0.0, 1.0],
                [0.923106, -0.364042, 0.123892, 0.0, 0.361486, 0.93137, 0.043326, 0.3, -0.131162, 0.004791, 0.99135, 0.0, 0.0, 0.0, 0.0, 1.0],
                [0.927615, -0.348534, 0.134365, -0.0, 0.341538, 0.937047, 0.072759, 0.3, -0.151265, -0.021601, 0.988257, -0.0, 0.0, 0.0, 0.0, 1.0],
                [0.908337, -0.170267, 0.382011, 0.0, -0.092258, 0.809312, 0.580088, 0.3, -0.407936, -0.562159, 0.71942, -0.0, 0.0, 0.0, 0.0, 1.0],
                [0.882891, -0.219806, 0.414958, 0.0, -0.147746, 0.708771, 0.689794, 0.3, -0.44573, -0.67032, 0.593292, 0.0, 0.0, 0.0, 0.0, 1.0],
                [0.882891, -0.219806, 0.414958, 0.0, -0.147746, 0.708771, 0.689794, 0.3, -0.44573, -0.67032, 0.593292, 0.0, 0.0, 0.0, 0.0, 1.0],
                [0.982182, -0.068211, 0.175115, 0.0, 0.014876, 0.9571, 0.289376, 0.3, -0.187341, -0.281615, 0.941061, 0.0, 0.0, 0.0, 0.0, 1.0]
            ]
        },
        {
            "name": "Head",
            "time": [0.0, 0.2, 0.2667, 0.3667, 0.5667, 0.8333, 1.0667],
            "transform": [
                [0.997384, 0.029526, 0.065977, -0.0, -0.017289, 0.983718, -0.178886, 0.4, -0.070185, 0.177277, 0.981655, 0.0, 0.0, 0.0, 0.0, 1.0],
                [0.997384, 0.029526, 0.065977, -0.0, -0.017289, 0.983718, -0.178886, 0.4, -0.070185, 0.177277, 0.981655, 0.0, 0.0, 0.0, 0.0, 1.0],
                [0.997384, 0.029526, 0.065977, -0.0, -0.017289, 0.983718, -0.178886, 0.4, -0.070185, 0.177277, 0.981655, 0.0, 0.0, 0.0, 0.0, 1.0],
                [0.997384, 0.029526, 0.065977, 0.0, -0.017289, 0.983718, -0.178886, 0.4, -0.070185, 0.177277, 0.981655, 0.0, 0.0, 0.0, 0.0, 1.0],
                [0.997384, 0.029526, 0.065977, 0.0, -0.017288, 0.983718, -0.178886, 0.4, -0.070185, 0.177277, 0.981655, 0.0, 0.0, 0.0, 0.0, 1.0],
                [0.997384, 0.029526, 0.065977, 0.0, -0.017288, 0.983718, -0.178886, 0.4, -0.070185, 0.177277, 0.981655, 0.0, 0.0, 0.0, 0.0, 1.0],
                [0.997384, 0.029526, 0.065977, -0.0, -0.017289, 0.983718, -0.178886, 0.4, -0.070185, 0.177277, 0.981655, -0.0, 0.0, 0.0, 0.0, 1.0]
            ]
        },
        {
            "name": "Shoulder_R",
            "time": [0.0, 0.2, 0.2667, 0.3, 0.3333, 0.3667, 0.5667, 0.8333, 1.0667],
            "transform": [
                [0.35348, 0.923525, 0.148836, -0.0, 0.156258, -0.215166, 0.963995, 0.4, 0.922299, -0.317496, -0.220365, 0.0, 0.0, 0.0, 0.0, 1.0],
                [0.046489, 0.922887, 0.382255, -0.0, 0.320151, -0.376248, 0.869449, 0.4, 0.946225, 0.081959, -0.312954, 0.0, 0.0, 0.0, 0.0, 1.0],
                [0.08998, 0.892494, 0.441993, -0.0, 0.303601, -0.447251, 0.841304, 0.4, 0.948541, 0.058489, -0.311205, 0.0, 0.0, 0.0, 0.0, 1.0],
                [0.08998, 0.892494, 0.441993, -0.0, 0.303601, -0.447251, 0.841304, 0.4, 0.948541, 0.058489, -0.311205, 0.0, 0.0, 0.0, 0.0, 1.0],
                [0.08998, 0.892494, 0.441993, 0.0, 0.303601, -0.447251, 0.841305, 0.4, 0.948541, 0.058489, -0.311206, -0.0, 0.0, 0.0, 0.0, 1.0],
                [0.542593, 0.50482, 0.671378, 0.0, -0.069532, -0.769528, 0.634815, 0.4, 0.837113, -0.391129, -0.382439, 0.0, 0.0, 0.0, 0.0, 1.0],
                [0.514583, 0.530622, 0.673531, 0.0, -0.092536, -0.746558, 0.658853, 0.4, 0.852433, -0.40136, -0.335064, 0.0, 0.0, 0.0, 0.0, 1.0],
                [0.514583, 0.530622, 0.673531, 0.0, -0.092536, -0.746558, 0.658853, 0.4, 0.852433, -0.40136, -0.335064, 0.0, 0.0, 0.0, 0.0, 1.0],
                [0.35348, 0.923525, 0.148836, -0.0, 0.156258, -0.215166, 0.963995, 0.4, 0.922299, -0.317496, -0.220365, -0.0, 0.0, 0.0, 0.0, 1.0]
            ]
        },
        {
            "name": "Arm_R",
            "time": [0.0, 0.2, 0.2667, 0.3, 0.3333, 0.3667, 0.5667, 0.8333, 1.0667],
            "transform": [
                [0.293187, -0.942077, 0.162888, -0.0, 0.726837, 0.108954, -0.678113, 0.393861, 0.621087, 0.317206, 0.71668, 0.0, 0.0, 0.0, 0.0, 1.0],
                [-0.274, -0.95396, 0.121998, -0.0, 0.956443, -0.25701, 0.138427, 0.39386, -0.100699, 0.154613, 0.98283, -0.0, 0.0, 0.0, 0.0, 1.0],
                [-0.239978, -0.966171, 0.094467, 0.0, 0.964689, -0.226458, 0.134506, 0.39386, -0.108563, 0.123409, 0.9864, 0.0, 0.0, 0.0, 0.0, 1.0],
                [-0.239978, -0.966171, 0.094467, -0.0, 0.964689, -0.226458, 0.134506, 0.393861, -0.108563, 0.12341, 0.9864, 0.0, 0.0, 0.0, 0.0, 1.0],
                [-0.239978, -0.966171, 0.094467, -0.0, 0.964689, -0.226458, 0.134506, 0.39386, -0.108563, 0.12341, 0.9864, 0.0, 0.0, 0.0, 0.0, 1.0],
                [0.112605, -0.993631, 0.004193, -0.0, 0.978735, 0.111643, 0.172083, 0.39386, -0.171456, -0.015274, 0.985073, -0.0, 0.0, 0.0, 0.0, 1.0],
                [0.118693, -0.992931, -0.000775, 0.0, 0.945306, 0.112761, 0.306073, 0.39386, -0.303822, -0.037061, 0.952007, 0.0, 0.0, 0.0, 0.0, 1.0],
                [0.118693, -0.992931, -0.000775, 0.0, 0.945306, 0.112761, 0.306073, 0.39386, -0.303822, -0.037061, 0.952007, 0.0, 0.0, 0.0, 0.0, 1.0],
                [0.293187, -0.942077, 0.162888, -0.0, 0.726837, 0.108954, -0.678113, 0.393861, 0.621087, 0.317206, 0.71668, 0.0, 0.0, 0.0, 0.0, 1.0]
            ]
        },
        {
            "name": "Hand_R",
            "time": [0.0, 0.2, 0.2667, 0.3, 0.3333, 0.3667, 0.5667, 0.8333, 1.0667],
            "transform": [
                [-0.931231, 0.271135, -0.243507, 0.0, -0.275994, -0.088356, 0.95709, 0.3, 0.237985, 0.958478, 0.157111, 0.0, 0.0, 0.0, 0.0, 1.0],
                [-0.861997, 0.502382, 0.067626, -0.0, -0.374977, -0.721714, 0.581827, 0.3, 0.341106, 0.476175, 0.810497, 0.0, 0.0, 0.0, 0.0, 1.0],
                [-0.870336, 0.492026, 0.020625, 0.0, -0.355714, -0.657075, 0.66462, 0.3, 0.340562, 0.571106, 0.746897, 0.0, 0.0, 0.0, 0.0, 1.0],
                [-0.870336, 0.492026, 0.020625, 0.0, -0.355714, -0.657075, 0.66462, 0.3, 0.340562, 0.571106, 0.746897, 0.0, 0.0, 0.0, 0.0, 1.0],
                [-0.870336, 0.492026, 0.020625, -0.0, -0.355714, -0.657075, 0.66462, 0.3, 0.340562, 0.571106, 0.746897, 0.0, 0.0, 0.0, 0.0, 1.0],
                [-0.959005, -0.27646, -0.062285, 0.0, -0.282139, 0.95205, 0.118315, 0.3, 0.026589, 0.131038, -0.991021, -0.0, 0.0, 0.0, 0.0, 1.0],
                [-0.956982, -0.287001, -0.042616, 0.0, -0.289415, 0.954645, 0.069942, 0.3, 0.02061, 0.079267, -0.996641, -0.0, 0.0, 0.0, 0.0, 1.0],
                [-0.956982, -0.287001, -0.042616, 0.0, -0.289415, 0.954645, 0.069942, 0.3, 0.02061, 0.079267, -0.996641, -0.0, 0.0, 0.0, 0.0, 1.0],
                [-0.931231, 0.271135, -0.243507, 0.0, -0.275994, -0.088356, 0.95709, 0.3, 0.237985, 0.958478, 0.157111, -0.0, 0.0, 0.0, 0.0, 1.0]
            ]
        },
        {
            "name": "Tool_R",
            "time": [0.0, 0.2, 0.2667, 0.3667, 0.5667, 0.8333, 1.0667],
            "transform": [
                [-0.994687, -0.016007, -0.101693, -0.0, 0.041962, -0.965091, -0.258534, 0.272858, -0.094004, -0.261428, 0.960635, 0.0, 0.0, 0.0, 0.0, 1.0],
                [-0.994687, -0.016007, -0.101693, 0.0, 0.041963, -0.96509, -0.258534, 0.272858, -0.094004, -0.261428, 0.960635, 0.0, 0.0, 0.0, 0.0, 1.0],
                [-0.994687, -0.016007, -0.101693, 0.0, 0.041962, -0.965091, -0.258534, 0.272858, -0.094004, -0.261428, 0.960635, -0.0, 0.0, 0.0, 0.0, 1.0],
                [-0.994687, -0.016007, -0.101693, -0.0, 0.041962, -0.965091, -0.258534, 0.272858, -0.094004, -0.261428, 0.960635, -0.0, 0.0, 0.0, 0.0, 1.0],
                [-0.994687, -0.016007, -0.101693, -0.0, 0.041963, -0.96509, -0.258534, 0.272858, -0.094004, -0.261428, 0.960635, -0.0, 0.0, 0.0, 0.0, 1.0],
                [-0.994687, -0.016007, -0.101693, -0.0, 0.041963, -0.96509, -0.258534, 0.272858, -0.094004, -0.261428, 0.960635, -0.0, 0.0, 0.0, 0.0, 1.0],
                [-0.994687, -0.016007, -0.101693, -0.0, 0.041962, -0.965091, -0.258534, 0.272858, -0.094004, -0.261428, 0.960635, -0.0, 0.0, 0.0, 0.0, 1.0]
            ]
        },
        {
            "name": "Elbow_R",
            "time": [0.0, 0.2, 0.2667, 0.3667, 0.5667, 0.8333, 1.0667],
            "transform": [
                [-1.0, 0.0, -0.0, 0.0, 0.0, 0.0, -1.0, 0.42341, -0.0, -1.0, 0.0, 0.0, 0.0, 0.0, 0.0, 1.0],
                [-1.0, 0.0, -0.0, 0.0, 0.0, 0.0, -1.0, 0.42341, -0.0, -1.0, -0.0, 0.0, 0.0, 0.0, 0.0, 1.0],
                [-1.0, 0.0, 0.0, 0.0, 0.0, 0.0, -1.0, 0.42341, -0.0, -1.0, -0.0, -0.0, 0.0, 0.0, 0.0, 1.0],
                [-1.0, 0.0, -0.0, 0.0, 0.0, 0.0, -1.0, 0.42341, -0.0, -1.0, -0.0, -0.0, 0.0, 0.0, 0.0, 1.0],
                [-1.0, 0.0, -0.0, 0.0, 0.0, 0.0, -1.0, 0.42341, -0.0, -1.0, -0.0, 0.0, 0.0, 0.0, 0.0, 1.0],
                [-1.0, 0.0, -0.0, 0.0, 0.0, 0.0, -1.0, 0.42341, -0.0, -1.0, -0.0, 0.0, 0.0, 0.0, 0.0, 1.0],
                [-1.0, 0.0, -0.0, 0.0, 0.0, 0.0, -1.0, 0.42341, -0.0, -1.0, 0.0, -0.0, 0.0, 0.0, 0.0, 1.0]
            ]
        },
        {
            "name": "Shoulder_L",
            "time": [0.0, 0.2, 0.2667, 0.3, 0.3333, 0.3667, 0.5667, 0.8333, 1.0667],
            "transform": [
                [0.781177, -0.207716, 0.588741, -0.0, -0.621657, -0.34564, 0.702905, 0.4, 0.057488, -0.915088, -0.399135, 0.0, 0.0, 0.0, 0.0, 1.0],
                [0.613937, 0.139817, 0.776873, -0.0, -0.783618, 0.226394, 0.578522, 0.4, -0.094993, -0.963948, 0.248555, 0.0, 0.0, 0.0, 0.0, 1.0],
                [0.58066, 0.078118, 0.810389, -0.0, -0.805867, 0.196739, 0.558455, 0.4, -0.11581, -0.977339, 0.177191, 0.0, 0.0, 0.0, 0.0, 1.0],
                [0.58066, 0.078118, 0.810389, -0.0, -0.805867, 0.196739, 0.558455, 0.4, -0.11581, -0.977339, 0.177191, 0.0, 0.0, 0.0, 0.0, 1.0],
                [0.58066, 0.078118, 0.810389, 0.0, -0.805867, 0.196739, 0.558455, 0.4, -0.11581, -0.977339, 0.177191, -0.0, 0.0, 0.0, 0.0, 1.0],
                [-0.088, -0.87218, 0.481204, 0.0, -0.996097, 0.07372, -0.048543, 0.4, 0.006864, -0.483597, -0.875264, 0.0, 0.0, 0.0, 0.0, 1.0],
                [-0.112359, -0.877482, 0.466262, 0.0, -0.99365, 0.096391, -0.058044, 0.4, 0.005989, -0.469823, -0.88274, 0.0, 0.0, 0.0, 0.0, 1.0],
                [-0.112359, -0.877482, 0.466262, 0.0, -0.99365, 0.096391, -0.058044, 0.4, 0.005989, -0.469823, -0.88274, 0.0, 0.0, 0.0, 0.0, 1.0],
                [0.781177, -0.207716, 0.588741, -0.0, -0.621657, -0.34564, 0.702905, 0.4, 0.057488, -0.915088, -0.399135, -0.0, 0.0, 0.0, 0.0, 1.0]
            ]
        },
        {
            "name": "Arm_L",
            "time": [0.0, 0.2, 0.2667, 0.3, 0.3333, 0.3667, 0.5667, 0.8333, 1.0667],
            "transform": [
                [0.496079, 0.348401, -0.795313, 0.0, -0.86043, 0.320126, -0.39646, 0.39386, 0.116473, 0.880986, 0.458582, 0.0, 0.0, 0.0, 0.0, 1.0],
                [0.463432, 0.644252, -0.608416, 0.0, -0.802936, 0.014845, -0.59588, 0.39386, -0.374865, 0.764669, 0.524173, 0.0, 0.0, 0.0, 0.0, 1.0],
                [0.535763, 0.641495, -0.549036, -0.0, -0.745399, 0.053867, -0.664439, 0.39386, -0.39666, 0.765233, 0.50703, -0.0, 0.0, 0.0, 0.0, 1.0],
                [0.535763, 0.641495, -0.549036, 0.0, -0.745398, 0.053867, -0.664439, 0.39386, -0.39666, 0.765233, 0.507029, -0.0, 0.0, 0.0, 0.0, 1.0],
                [0.535763, 0.641495, -0.549036, -0.0, -0.745398, 0.053867, -0.664439, 0.39386, -0.39666, 0.765233, 0.50703, 0.0, 0.0, 0.0, 0.0, 1.0],
                [0.693624, 0.453833, 0.559394, 0.0, 0.469397, 0.304289, -0.8289, 0.39386, -0.546399, 0.837523, -0.001966, 0.0, 0.0, 0.0, 0.0, 1.0],
                [0.569153, 0.485379, 0.663681, -0.0, 0.545002, 0.381683, -0.746519, 0.39386, -0.61566, 0.786591, -0.047296, -0.0, 0.0, 0.0, 0.0, 1.0],
                [0.569153, 0.485379, 0.663681, -0.0, 0.545002, 0.381683, -0.746519, 0.39386, -0.61566, 0.786591, -0.047296, -0.0, 0.0, 0.0, 0.0, 1.0],
                [0.496079, 0.348401, -0.795313, 0.0, -0.86043, 0.320126, -0.39646, 0.39386, 0.116473, 0.880986, 0.458582, -0.0, 0.0, 0.0, 0.0, 1.0]
            ]
        },
        {
            "name": "Hand_L",
            "time": [0.0, 0.2, 0.2667, 0.3, 0.3333, 0.3667, 0.5667, 0.8333, 1.0667],
            "transform": [
                [0.703925, 0.029618, -0.709657, -0.0, -0.613949, 0.527769, -0.586964, 0.3, 0.35715, 0.848872, 0.389693, 0.0, 0.0, 0.0, 0.0, 1.0],
                [0.879607, 0.456717, -0.133045, -0.0, -0.464757, 0.884722, -0.035601, 0.3, 0.101449, 0.093148, 0.99047, -0.0, 0.0, 0.0, 0.0, 1.0],
                [0.889422, 0.429067, -0.157571, -0.0, -0.440256, 0.896845, -0.042941, 0.3, 0.122892, 0.107564, 0.986574, -0.0, 0.0, 0.0, 0.0, 1.0],
                [0.889423, 0.429067, -0.157571, -0.0, -0.440256, 0.896845, -0.042941, 0.3, 0.122892, 0.107564, 0.986574, -0.0, 0.0, 0.0, 0.0, 1.0],
                [0.889422, 0.429068, -0.157571, 0.0, -0.440256, 0.896845, -0.042941, 0.3, 0.122892, 0.107564, 0.986574, 0.0, 0.0, 0.0, 0.0, 1.0],
                [0.878583, -0.057819, -0.474077, 0.0, -0.061244, 0.97081, -0.231901, 0.3, 0.473647, 0.232779, 0.849396, 0.0, 0.0, 0.0, 0.0, 1.0],
                [0.878583, -0.057819, -0.474077, -0.0, -0.061244, 0.97081, -0.231901, 0.3, 0.473647, 0.232779, 0.849396, -0.0, 0.0, 0.0, 0.0, 1.0],
                [0.878583, -0.057819, -0.474077, -0.0, -0.061244, 0.97081, -0.231901, 0.3, 0.473647, 0.232779, 0.849396, -0.0, 0.0, 0.0, 0.0, 1.0],
                [0.703925, 0.029618, -0.709657, -0.0, -0.613949, 0.527769, -0.586964, 0.3, 0.35715, 0.848872, 0.389693, -0.0, 0.0, 0.0, 0.0, 1.0]
            ]
        },
        {
            "name": "Tool_L",
            "time": [0.0, 0.2, 0.2667, 0.3667, 0.5667, 0.8333, 1.0667],
            "transform": [
                [1.0, -0.0, 0.0, 0.0, 0.0, -0.999836, 0.018122, 0.272858, 0.0, -0.018122, -0.999836, -0.0, 0.0, 0.0, 0.0, 1.0],
                [1.0, -0.0, 0.0, -0.0, -0.0, -0.999836, 0.018122, 0.272858, 0.0, -0.018122, -0.999836, -0.0, 0.0, 0.0, 0.0, 1.0],
                [1.0, 0.0, 0.0, -0.0, 0.0, -0.999836, 0.018122, 0.272858, 0.0, -0.018122, -0.999836, 0.0, 0.0, 0.0, 0.0, 1.0],
                [1.0, 0.0, 0.0, -0.0, -0.0, -0.999836, 0.018122, 0.272858, 0.0, -0.018122, -0.999836, 0.0, 0.0, 0.0, 0.0, 1.0],
                [1.0, 0.0, 0.0, -0.0, 0.0, -0.999836, 0.018122, 0.272858, 0.0, -0.018122, -0.999836, -0.0, 0.0, 0.0, 0.0, 1.0],
                [1.0, 0.0, 0.0, -0.0, 0.0, -0.999836, 0.018122, 0.272858, 0.0, -0.018122, -0.999836, -0.0, 0.0, 0.0, 0.0, 1.0],
                [1.0, -0.0, 0.0, 0.0, 0.0, -0.999836, 0.018122, 0.272858, 0.0, -0.018122, -0.999836, -0.0, 0.0, 0.0, 0.0, 1.0]
            ]
        },
        {
            "name": "Elbow_L",
            "time": [0.0, 0.2, 0.2667, 0.3667, 0.5667, 0.8333, 1.0667],
            "transform": [
                [-1.0, 0.0, -0.0, -0.0, 0.0, -0.0, -1.0, 0.35261, -0.0, -1.0, 0.0, -0.0, 0.0, 0.0, 0.0, 1.0],
                [-1.0, 0.0, -0.0, -0.0, 0.0, -0.0, -1.0, 0.35261, -0.0, -1.0, -0.0, 0.0, 0.0, 0.0, 0.0, 1.0],
                [-1.0, 0.0, -0.0, 0.0, 0.0, -0.0, -1.0, 0.35261, -0.0, -1.0, 0.0, -0.0, 0.0, 0.0, 0.0, 1.0],
                [-1.0, 0.0, -0.0, 0.0, 0.0, -0.0, -1.0, 0.35261, -0.0, -1.0, 0.0, -0.0, 0.0, 0.0, 0.0, 1.0],
                [-1.0, 0.0, -0.0, -0.0, 0.0, -0.0, -1.0, 0.35261, -0.0, -1.0, 0.0, 0.0, 0.0, 0.0, 0.0, 1.0],
                [-1.0, 0.0, -0.0, -0.0, 0.0, -0.0, -1.0, 0.35261, -0.0, -1.0, 0.0, 0.0, 0.0, 0.0, 0.0, 1.0],
                [-1.0, 0.0, -0.0, -0.0, 0.0, -0.0, -1.0, 0.35261, -0.0, -1.0, 0.0, -0.0, 0.0, 0.0, 0.0, 1.0]
            ]
        }
    ]
}