{
    "animation": [
        {
            "name": "Root",
            "time": [0.0, 0.5667, 0.7, 0.7667, 0.8667, 1.0, 1.2667],
            "transform": [
                [0.703213, -0.22081, -0.675821, -5e-06, -0.696173, -0.406831, -0.591466, 0.155911, -0.144344, 0.886415, -0.439811, 0.503533, 0.0, 0.0, 0.0, 1.0],
                [0.950895, 0.001274, -0.309512, -5e-06, -0.273796, -0.46289, -0.843071, 0.223283, -0.144344, 0.886415, -0.439811, 0.503533, 0.0, 0.0, 0.0, 1.0],
                [-0.294923, -0.462332, -0.836223, -5e-06, -0.944634, 0.009341, 0.327993, 1.476495, -0.14383, 0.886658, -0.43949, 0.503533, 0.0, 0.0, 0.0, 1.0],
                [-0.826045, -0.35249, -0.439774, -5e-06, -0.544859, 0.299874, 0.783073, 1.869077, -0.144148, 0.886468, -0.439767, 0.503533, 0.0, 0.0, 0.0, 1.0],
                [-0.892618, -0.308404, -0.328816, -5e-06, -0.42711, 0.345136, 0.835738, 1.869077, -0.144259, 0.886435, -0.439797, 0.503533, 0.0, 0.0, 0.0, 1.0],
                [-0.909205, -0.294219, -0.294586, -5e-06, -0.390526, 0.357356, 0.848402, 1.869077, -0.144344, 0.886415, -0.439811, 0.503533, 0.0, 0.0, 0.0, 1.0],
                [-0.275835, -0.462873, -0.842416, -5e-06, -0.950315, -0.000229, 0.31129, 1.869077, -0.14428, 0.886425, -0.439812, 0.503533, 0.0, 0.0, 0.0, 1.0]
            ]
        },
        {
            "name": "Thigh_R",
            "time": [0.0, 0.5667, 0.7, 0.7667, 0.8667, 1.0, 1.2667],
            "transform": [
                [0.108546, -0.54401, -0.832027, 0.122406, -0.335705, -0.807861, 0.484416, 0.020697, -0.935692, 0.226733, -0.270318, -0.009318, 0.0, 0.0, 0.0, 1.0],
                [0.108546, -0.54401, -0.832027, 0.114022, -0.335705, -0.807861, 0.484416, -0.04264, -0.935692, 0.226733, -0.270318, -0.119739, 0.0, 0.0, 0.0, 1.0],
                [0.108546, -0.54401, -0.832027, 0.114022, -0.335705, -0.807861, 0.484416, -0.04264, -0.935692, 0.226733, -0.270318, -0.119739, 0.0, 0.0, 0.0, 1.0],
                [0.108546, -0.54401, -0.832027, 0.114023, -0.335705, -0.807861, 0.484416, -0.04264, -0.935692, 0.226733, -0.270318, -0.119739, 0.0, 0.0, 0.0, 1.0],
                [0.108546, -0.54401, -0.832027, 0.114022, -0.335705, -0.807861, 0.484416, -0.04264, -0.935692, 0.226733, -0.270318, -0.119739, 0.0, 0.0, 0.0, 1.0],
                [0.108546, -0.54401, -0.832027, 0.114022, -0.335705, -0.807861, 0.484416, -0.04264, -0.935692, 0.226733, -0.270318, -0.119739, 0.0, 0.0, 0.0, 1.0],
                [0.241423, -0.516693, -0.821427, 0.114022, -0.306641, -0.843711, 0.440588, -0.04264, -0.920698, 0.145515, -0.362131, -0.119739, 0.0, 0.0, 0.0, 1.0]
            ]
        },
        {
            "name": "Leg_R",
            "time": [0.0, 0.5667, 0.7, 0.7667, 0.8667, 1.0, 1.2667],
            "transform": [
                [0.949878, -0.283706, 0.131309, 0.0, -0.162089, -0.087788, 0.982863, 0.37472, -0.267317, -0.954885, -0.129374, 0.0, 0.0, 0.0, 0.0, 1.0],
                [0.949878, -0.283706, 0.131309, -0.0, -0.162089, -0.087788, 0.982863, 0.37472, -0.267317, -0.954885, -0.129374, 0.0, 0.0, 0.0, 0.0, 1.0],
                [0.949878, -0.283707, 0.131309, 0.0, -0.162089, -0.087789, 0.982863, 0.37472, -0.267317, -0.954885, -0.129374, -0.0, 0.0, 0.0, 0.0, 1.0],
                [0.949878, -0.283706, 0.131309, -0.0, -0.162089, -0.087788, 0.982863, 0.37472, -0.267317, -0.954885, -0.129374, -0.0, 0.0, 0.0, 0.0, 1.0],
                [0.949878, -0.283706, 0.131309, -0.0, -0.162089, -0.087788, 0.982863, 0.37472, -0.267317, -0.954885, -0.129374, -0.0, 0.0, 0.0, 0.0, 1.0],
                [0.949878, -0.283706, 0.131309, -0.0, -0.162089, -0.087788, 0.982863, 0.37472, -0.267317, -0.954885, -0.129374, -0.0, 0.0, 0.0, 0.0, 1.0],
                [0.949878, -0.283706, 0.131309, -0.0, -0.162089, -0.087788, 0.982863, 0.37472, -0.267317, -0.954885, -0.129374, 0.0, 0.0, 0.0, 0.0, 1.0]
            ]
        },
        {
            "name": "Knee_R",
            "time": [0.0, 0.5667, 0.7, 0.7667, 0.8667, 1.0, 1.2667],
            "transform": [
                [1.0, 0.0, -0.0, 0.0, -0.0, 0.0, -1.0, 0.37472, -0.0, 1.0, 0.0, 0.0, 0.0, 0.0, 0.0, 1.0],
                [1.0, 0.0, -0.0, -0.0, -1e-06, 0.0, -1.0, 0.37472, -0.0, 1.0, 0.0, 0.0, 0.0, 0.0, 0.0, 1.0],
                [1.0, 0.0, -1e-06, 0.0, -1e-06, 0.0, -1.0, 0.37472, -0.0, 1.0, 0.0, -0.0, 0.0, 0.0, 0.0, 1.0],
                [1.0, 0.0, -0.0, -0.0, -0.0, 0.0, -1.0, 0.37472, -0.0, 1.0, 0.0, -0.0, 0.0, 0.0, 0.0, 1.0],
                [1.0, 0.0, -0.0, -0.0, -0.0, 0.0, -1.0, 0.37472, -0.0, 1.0, 0.0, -0.0, 0.0, 0.0, 0.0, 1.0],
                [1.0, 0.0, -0.0, -0.0, -0.0, 0.0, -1.0, 0.37472, -0.0, 1.0, 0.0, -0.0, 0.0, 0.0, 0.0, 1.0],
                [1.0, 0.0, -0.0, -0.0, -0.0, 0.0, -1.0, 0.37472, -0.0, 1.0, 0.0, 0.0, 0.0, 0.0, 0.0, 1.0]
            ]
        },
        {
            "name": "Thigh_L",
            "time": [0.0, 0.5667, 0.7, 0.7667, 0.8667, 1.0, 1.2667],
            "transform": [
                [-0.393012, -0.758469, -0.51987, -0.122419, -0.609431, -0.208512, 0.764929, -0.026358, -0.688574, 0.617452, -0.380287, 0.009295, 0.0, 0.0, 0.0, 1.0],
                [-0.393012, -0.758469, -0.51987, -0.110622, -0.609431, -0.208512, 0.764929, 0.023853, -0.688574, 0.617452, -0.380287, 0.082915, 0.0, 0.0, 0.0, 1.0],
                [-0.393012, -0.758469, -0.519871, -0.110622, -0.609431, -0.208512, 0.764929, 0.023853, -0.688574, 0.617452, -0.380287, 0.082915, 0.0, 0.0, 0.0, 1.0],
                [-0.393012, -0.758469, -0.51987, -0.110622, -0.609431, -0.208512, 0.764929, 0.023853, -0.688574, 0.617452, -0.380287, 0.082915, 0.0, 0.0, 0.0, 1.0],
                [-0.393012, -0.758469, -0.51987, -0.110622, -0.609431, -0.208512, 0.764929, 0.023853, -0.688574, 0.617452, -0.380287, 0.082915, 0.0, 0.0, 0.0, 1.0],
                [-0.393012, -0.758469, -0.51987, -0.110622, -0.609431, -0.208512, 0.764929, 0.023853, -0.688574, 0.617452, -0.380287, 0.082915, 0.0, 0.0, 0.0, 1.0],
                [-0.393012, -0.758469, -0.51987, -0.110622, -0.609431, -0.208512, 0.764929, 0.023853, -0.688574, 0.617452, -0.380287, 0.082915, 0.0, 0.0, 0.0, 1.0]
            ]
        },
        {
            "name": "Leg_L",
            "time": [0.0, 0.5667, 0.7, 0.7667, 0.8667, 1.0, 1.2667],
            "transform": [
                [0.999973, 0.006778, -0.002967, -0.0, -0.000173, 0.422352, 0.906432, 0.37472, 0.007397, -0.906406, 0.422342, 0.0, 0.0, 0.0, 0.0, 1.0],
                [0.999973, 0.006778, -0.002967, 0.0, -0.000173, 0.422352, 0.906432, 0.37472, 0.007397, -0.906406, 0.422342, 0.0, 0.0, 0.0, 0.0, 1.0],
                [0.999973, 0.006778, -0.002967, 0.0, -0.000173, 0.422352, 0.906432, 0.37472, 0.007397, -0.906406, 0.422342, 0.0, 0.0, 0.0, 0.0, 1.0],
                [0.999973, 0.006778, -0.002967, -0.0, -0.000173, 0.422352, 0.906432, 0.37472, 0.007397, -0.906406, 0.422342, -0.0, 0.0, 0.0, 0.0, 1.0],
                [0.999973, 0.006778, -0.002967, 0.0, -0.000173, 0.422352, 0.906432, 0.37472, 0.007397, -0.906406, 0.422342, -0.0, 0.0, 0.0, 0.0, 1.0],
                [0.999973, 0.006778, -0.002967, 0.0, -0.000173, 0.422352, 0.906432, 0.37472, 0.007397, -0.906406, 0.422342, 0.0, 0.0, 0.0, 0.0, 1.0],
                [0.999973, 0.006778, -0.002967, -0.0, -0.000173, 0.422352, 0.906432, 0.37472, 0.007397, -0.906406, 0.422342, -0.0, 0.0, 0.0, 0.0, 1.0]
            ]
        },
        {
            "name": "Knee_L",
            "time": [0.0, 0.5667, 0.7, 0.7667, 0.8667, 1.0, 1.2667],
            "transform": [
                [1.0, 0.0, -1e-06, 0.0, -0.0, 0.0, -1.0, 0.398608, -0.0, 1.0, 0.0, -0.0, 0.0, 0.0, 0.0, 1.0],
                [1.0, 0.0, -0.0, 0.0, -0.0, 0.0, -1.0, 0.398608, -0.0, 1.0, 0.0, -0.0, 0.0, 0.0, 0.0, 1.0],
                [1.0, 0.0, -0.0, 0.0, -0.0, 0.0, -1.0, 0.398608, -0.0, 1.0, 0.0, 0.0, 0.0, 0.0, 0.0, 1.0],
                [1.0, 0.0, -0.0, -0.0, -1e-06, 0.0, -1.0, 0.398608, -0.0, 1.0, 0.0, -0.0, 0.0, 0.0, 0.0, 1.0],
                [1.0, 0.0, -0.0, 0.0, -0.0, 0.0, -1.0, 0.398607, -0.0, 1.0, 0.0, -0.0, 0.0, 0.0, 0.0, 1.0],
                [1.0, 0.0, -1e-06, 0.0, -0.0, 0.0, -1.0, 0.398608, -0.0, 1.0, 0.0, -0.0, 0.0, 0.0, 0.0, 1.0],
                [1.0, 0.0, -0.0, 0.0, -0.0, 0.0, -1.0, 0.398608, -0.0, 1.0, 0.0, 0.0, 0.0, 0.0, 0.0, 1.0]
            ]
        },
        {
            "name": "Torso",
            "time": [0.0, 0.5667, 0.7, 0.7667, 0.8667, 1.0, 1.2667],
            "transform": [
                [0.792169, -0.600088, 0.111186, -0.0, 0.312832, 0.555687, 0.770291, 0.05, -0.524027, -0.575419, 0.627924, -0.0, 0.0, 0.0, 0.0, 1.0],
                [-0.218577, -0.319616, 0.921992, -0.0, -0.157827, 0.943978, 0.289821, 0.05, -0.962972, -0.082167, -0.256776, -0.0, 0.0, 0.0, 0.0, 1.0],
                [0.562114, -0.265209, 0.783385, -0.0, -0.137442, 0.904068, 0.404687, 0.05, -0.81556, -0.33515, 0.471738, -0.0, 0.0, 0.0, 0.0, 1.0],
                [0.816971, -0.19698, 0.541994, 0.0, -0.082742, 0.89009, 0.448212, 0.05, -0.570712, -0.411022, 0.710879, 0.0, 0.0, 0.0, 0.0, 1.0],
                [0.861617, -0.178657, 0.475076, -0.0, -0.067155, 0.887646, 0.455604, 0.05, -0.503096, -0.42446, 0.752813, 0.0, 0.0, 0.0, 0.0, 1.0],
                [0.874234, -0.173002, 0.453636, -0.0, -0.061978, 0.886947, 0.457694, 0.05, -0.481533, -0.428247, 0.764676, 0.0, 0.0, 0.0, 0.0, 1.0],
                [0.611718, -0.128417, 0.780583, -0.0, -0.328832, 0.856172, 0.398547, 0.05, -0.719493, -0.500479, 0.481508, -0.0, 0.0, 0.0, 0.0, 1.0]
            ]
        },
        {
            "name": "Chest",
            "time": [0.0, 0.5667, 0.7, 0.7667, 0.8667, 1.0, 1.2667],
            "transform": [
                [0.901891, -0.219566, 0.372, -0.0, -0.090632, 0.74583, 0.659942, 0.3, -0.422349, -0.628911, 0.652757, 0.0, 0.0, 0.0, 0.0, 1.0],
                [0.903931, -0.147624, 0.401392, 0.0, -0.107103, 0.830494, 0.546634, 0.3, -0.41405, -0.53711, 0.734898, -0.0, 0.0, 0.0, 0.0, 1.0],
                [0.985989, -0.037422, -0.162557, -0.0, 0.075112, 0.969726, 0.232355, 0.3, 0.14894, -0.241309, 0.958951, -0.0, 0.0, 0.0, 0.0, 1.0],
                [0.909765, -0.048829, -0.412242, 0.0, 0.088918, 0.992931, 0.078621, 0.3, 0.40549, -0.108182, 0.907676, -0.0, 0.0, 0.0, 0.0, 1.0],
                [0.882686, -0.056343, -0.466574, -0.0, 0.086285, 0.99534, 0.04304, 0.3, 0.461975, -0.078249, 0.883434, 0.0, 0.0, 0.0, 0.0, 1.0],
                [0.836192, -0.238562, -0.493834, 0.0, 0.346574, 0.927714, 0.138681, 0.3, 0.425053, -0.287114, 0.858426, 0.0, 0.0, 0.0, 0.0, 1.0],
                [0.986553, -0.152155, -0.059687, -0.0, 0.156389, 0.984906, 0.074178, 0.3, 0.0475, -0.082515, 0.995457, 0.0, 0.0, 0.0, 0.0, 1.0]
            ]
        },
        {
            "name": "Head",
            "time": [0.0, 0.5667, 0.7, 0.7667, 0.8667, 1.0, 1.2667],
            "transform": [
                [0.997384, 0.029526, 0.065977, 0.0, -0.017289, 0.983718, -0.178886, 0.4, -0.070185, 0.177277, 0.981655, -0.0, 0.0, 0.0, 0.0, 1.0],
                [0.997384, 0.029526, 0.065977, 0.0, -0.017289, 0.983718, -0.178886, 0.4, -0.070185, 0.177277, 0.981655, 0.0, 0.0, 0.0, 0.0, 1.0],
                [-0.295929, 0.185035, 0.937117, 0.0, 0.261218, 0.959339, -0.106933, 0.4, -0.918799, 0.213147, -0.33223, 0.0, 0.0, 0.0, 0.0, 1.0],
                [-0.713993, 0.215907, 0.666032, 0.0, 0.275605, 0.961136, -0.016119, 0.4, -0.643627, 0.172053, -0.745749, 0.0, 0.0, 0.0, 0.0, 1.0],
                [-0.713993, 0.215907, 0.666032, -0.0, 0.275605, 0.961136, -0.016119, 0.4, -0.643627, 0.172053, -0.745749, 0.0, 0.0, 0.0, 0.0, 1.0],
                [-0.713993, 0.215907, 0.666032, -0.0, 0.275605, 0.961136, -0.016119, 0.4, -0.643627, 0.172053, -0.745749, -0.0, 0.0, 0.0, 0.0, 1.0],
                [0.652784, 0.095361, 0.751518, 0.0, 0.056531, 0.983147, -0.173857, 0.4, -0.755432, 0.155975, 0.636392, -0.0, 0.0, 0.0, 0.0, 1.0]
            ]
        },
        {
            "name": "Shoulder_R",
            "time": [0.0, 0.5667, 0.7, 0.7667, 0.8667, 1.0, 1.2667],
            "transform": [
                [0.550269, 0.480188, 0.683098, 0.0, -0.185059, -0.727613, 0.660555, 0.4, 0.814222, -0.489896, -0.31152, -0.0, 0.0, 0.0, 0.0, 1.0],
                [0.899121, 0.276865, 0.339008, 0.0, -0.318713, -0.116738, 0.940635, 0.4, 0.300004, -0.953791, -0.016721, 0.0, 0.0, 0.0, 0.0, 1.0],
                [0.175679, 0.516973, 0.83778, 0.0, -0.939933, -0.164927, 0.298873, 0.4, 0.292682, -0.839963, 0.456946, 0.0, 0.0, 0.0, 0.0, 1.0],
                [-0.100187, 0.558165, 0.823658, 0.0, -0.971438, -0.233846, 0.040307, 0.4, 0.215108, -0.796095, 0.565652, 0.0, 0.0, 0.0, 0.0, 1.0],
                [0.376077, 0.692962, 0.615117, -0.0, -0.754454, -0.156389, 0.637449, 0.4, 0.537926, -0.703807, 0.463994, 0.0, 0.0, 0.0, 0.0, 1.0],
                [-0.262813, 0.930014, 0.256908, -0.0, -0.346813, -0.339529, 0.874323, 0.4, 0.900361, 0.140685, 0.411774, -0.0, 0.0, 0.0, 0.0, 1.0],
                [-0.029401, 0.949383, 0.312741, 0.0, -0.619701, -0.262803, 0.73953, 0.4, 0.784287, -0.172063, 0.59606, -0.0, 0.0, 0.0, 0.0, 1.0]
            ]
        },
        {
            "name": "Arm_R",
            "time": [0.0, 0.5667, 0.7, 0.7667, 0.8667, 1.0, 1.2667],
            "transform": [
                [0.002954, -0.827017, -0.562169, -0.0, 0.81892, 0.324632, -0.473269, 0.39386, 0.5739, -0.458973, 0.67822, -0.0, 0.0, 0.0, 0.0, 1.0],
                [-0.64112, -0.731192, -0.233075, 0.0, -0.26677, 0.497098, -0.825667, 0.39386, 0.719582, -0.467174, -0.51376, 0.0, 0.0, 0.0, 0.0, 1.0],
                [-0.523043, -0.851586, -0.035037, 0.0, -0.61758, 0.407007, -0.673008, 0.393861, 0.587384, -0.330374, -0.738805, -0.0, 0.0, 0.0, 0.0, 1.0],
                [-0.676587, -0.598665, -0.428754, 0.0, -0.115302, 0.661209, -0.741288, 0.39386, 0.727279, -0.45211, -0.516393, -0.0, 0.0, 0.0, 0.0, 1.0],
                [-0.313032, 0.096314, -0.944846, -0.0, -0.026133, 0.993594, 0.109942, 0.393861, 0.949383, 0.059107, -0.308509, 0.0, 0.0, 0.0, 0.0, 1.0],
                [-0.604304, 0.118699, -0.787863, -0.0, 0.270817, 0.960567, -0.063003, 0.39386, 0.749317, -0.25144, -0.61262, -0.0, 0.0, 0.0, 0.0, 1.0],
                [-0.275448, 0.664773, -0.69441, -0.0, 0.869226, 0.480749, 0.115439, 0.39386, 0.410578, -0.571802, -0.710259, 0.0, 0.0, 0.0, 0.0, 1.0]
            ]
        },
        {
            "name": "Hand_R",
            "time": [0.0, 0.5667, 0.7, 0.7667, 0.8667, 1.0, 1.2667],
            "transform": [
                [-0.956982, -0.287001, -0.042616, -0.0, -0.289415, 0.954645, 0.069942, 0.3, 0.02061, 0.079267, -0.996641, 0.0, 0.0, 0.0, 0.0, 1.0],
                [-0.994554, 0.037366, 0.097289, 0.0, 0.074182, 0.909507, 0.409016, 0.3, -0.073201, 0.414006, -0.907326, -0.0, 0.0, 0.0, 0.0, 1.0],
                [-0.993408, -0.090124, 0.070833, 0.0, -0.053764, 0.912084, 0.406463, 0.3, -0.101237, 0.399976, -0.910918, -0.0, 0.0, 0.0, 0.0, 1.0],
                [-0.987736, -0.145657, 0.056222, -0.0, -0.110904, 0.908008, 0.404009, 0.3, -0.109897, 0.392819, -0.913026, 0.0, 0.0, 0.0, 0.0, 1.0],
                [-0.985873, -0.158987, 0.052697, -0.0, -0.124637, 0.906545, 0.403288, 0.3, -0.11189, 0.391023, -0.913554, 0.0, 0.0, 0.0, 0.0, 1.0],
                [-0.985249, -0.163169, 0.051584, -0.0, -0.12895, 0.906047, 0.403051, 0.3, -0.112503, 0.390454, -0.913723, -0.0, 0.0, 0.0, 0.0, 1.0],
                [-0.985687, -0.160247, 0.052362, 0.0, -0.125937, 0.906397, 0.403217, 0.3, -0.112075, 0.390852, -0.913605, -0.0, 0.0, 0.0, 0.0, 1.0]
            ]
        },
        {
            "name": "Tool_R",
            "time": [0.0, 0.5667, 0.7, 0.7667, 0.8667, 1.0, 1.2667],
            "transform": [
                [-0.994687, -0.016007, -0.101693, 0.0, 0.041963, -0.965091, -0.258534, 0.272858, -0.094004, -0.261428, 0.960635, -0.0, 0.0, 0.0, 0.0, 1.0],
                [-0.994687, -0.016007, -0.101693, 0.0, 0.041962, -0.965091, -0.258534, 0.272858, -0.094004, -0.261428, 0.960635, 0.0, 0.0, 0.0, 0.0, 1.0],
                [-0.986555, -0.064102, 0.150331, -0.0, -0.00832, -0.898974, -0.437923, 0.272858, 0.163216, -0.433286, 0.886354, 0.0, 0.0, 0.0, 0.0, 1.0],
                [-0.96996, -0.088766, 0.22649, -0.0, -0.034273, -0.871896, -0.488492, 0.272858, 0.240837, -0.48158, 0.842662, -0.0, 0.0, 0.0, 0.0, 1.0],
                [-0.986884, 0.013753, -0.160844, -0.0, 0.0493, -0.923087, -0.381418, 0.272858, -0.153719, -0.384345, 0.910302, 0.0, 0.0, 0.0, 0.0, 1.0],
                [-0.994687, -0.016007, -0.101693, 0.0, 0.041962, -0.96509, -0.258534, 0.272858, -0.094004, -0.261428, 0.960635, -0.0, 0.0, 0.0, 0.0, 1.0],
                [-0.989648, 0.003957, -0.143464, -0.0, 0.046262, -0.93747, -0.344978, 0.272858, -0.135858, -0.348044, 0.927582, 0.0, 0.0, 0.0, 0.0, 1.0]
            ]
        },
        {
            "name": "Elbow_R",
            "time": [0.0, 0.5667, 0.7, 0.7667, 0.8667, 1.0, 1.2667],
            "transform": [
                [-1.0, 0.0, -0.0, -0.0, -0.0, 0.0, -1.0, 0.42341, -0.0, -1.0, -0.0, 0.0, 0.0, 0.0, 0.0, 1.0],
                [-1.0, 0.0, 0.0, -0.0, 0.0, 0.0, -1.0, 0.42341, -0.0, -1.0, -0.0, 0.0, 0.0, 0.0, 0.0, 1.0],
                [-1.0, 0.0, -0.0, 0.0, 0.0, 0.0, -1.0, 0.42341, -0.0, -1.0, 0.0, 0.0, 0.0, 0.0, 0.0, 1.0],
                [-1.0, 0.0, -0.0, -0.0, 0.0, -0.0, -1.0, 0.42341, -0.0, -1.0, -0.0, 0.0, 0.0, 0.0, 0.0, 1.0],
                [-1.0, 0.0, -0.0, -0.0, 0.0, 0.0, -1.0, 0.42341, -0.0, -1.0, -0.0, -0.0, 0.0, 0.0, 0.0, 1.0],
                [-1.0, 0.0, -0.0, -0.0, 0.0, -0.0, -1.0, 0.42341, -0.0, -1.0, -0.0, -0.0, 0.0, 0.0, 0.0, 1.0],
                [-1.0, 0.0, -0.0, 0.0, 0.0, 0.0, -1.0, 0.42341, -0.0, -1.0, -0.0, -0.0, 0.0, 0.0, 0.0, 1.0]
            ]
        },
        {
            "name": "Shoulder_L",
            "time": [0.0, 0.5667, 0.7, 0.7667, 0.8667, 1.0, 1.2667],
            "transform": [
                [-0.204852, -0.915454, 0.34638, 0.0, -0.919217, 0.301513, 0.253241, 0.4, -0.336269, -0.266521, -0.903266, -0.0, 0.0, 0.0, 0.0, 1.0],
                [0.443869, -0.843179, -0.303362, 0.0, -0.895235, -0.432059, -0.10899, 0.4, -0.039173, 0.319958, -0.946622, 0.0, 0.0, 0.0, 0.0, 1.0],
                [-0.17915, -0.924675, 0.335979, 0.0, -0.963755, 0.233567, 0.128927, 0.4, -0.197689, -0.300705, -0.933003, 0.0, 0.0, 0.0, 0.0, 1.0],
                [-0.324107, -0.774732, 0.542904, 0.0, -0.894105, 0.438355, 0.09177, 0.4, -0.309082, -0.45567, -0.834765, 0.0, 0.0, 0.0, 0.0, 1.0],
                [0.087547, -0.905317, 0.415615, -0.0, -0.99526, -0.097229, -0.002146, 0.4, 0.042353, -0.413457, -0.909538, 0.0, 0.0, 0.0, 0.0, 1.0],
                [-0.439141, -0.396383, 0.806248, -0.0, -0.846166, -0.119104, -0.519439, 0.4, 0.301925, -0.910327, -0.283102, -0.0, 0.0, 0.0, 0.0, 1.0],
                [0.028928, -0.990544, 0.13411, 0.0, -0.892988, -0.085896, -0.441808, 0.4, 0.44915, -0.106977, -0.887029, -0.0, 0.0, 0.0, 0.0, 1.0]
            ]
        },
        {
            "name": "Arm_L",
            "time": [0.0, 0.5667, 0.7, 0.7667, 0.8667, 1.0, 1.2667],
            "transform": [
                [0.781749, 0.573506, -0.244868, 0.0, -0.456421, 0.258657, -0.851338, 0.39386, -0.42491, 0.777295, 0.463965, -0.0, 0.0, 0.0, 0.0, 1.0],
                [0.901087, 0.373345, -0.220577, -0.0, -0.38115, 0.439321, -0.813462, 0.39386, -0.206798, 0.817074, 0.538168, -0.0, 0.0, 0.0, 0.0, 1.0],
                [0.663227, -0.077989, 0.744344, 0.0, 0.673368, 0.496271, -0.547988, 0.39386, -0.326659, 0.864658, 0.381656, 0.0, 0.0, 0.0, 0.0, 1.0],
                [0.727612, -0.464726, 0.504589, -0.0, 0.672947, 0.340804, -0.656502, 0.39386, 0.133128, 0.817241, 0.560709, 0.0, 0.0, 0.0, 0.0, 1.0],
                [0.856837, -0.050114, 0.513146, 0.0, 0.510734, 0.218733, -0.831449, 0.39386, -0.070575, 0.974497, 0.213013, 0.0, 0.0, 0.0, 0.0, 1.0],
                [0.900132, 0.172139, -0.400163, 0.0, -0.32666, 0.87446, -0.358625, 0.39386, 0.288193, 0.453527, 0.843361, -0.0, 0.0, 0.0, 0.0, 1.0],
                [0.550274, 0.814095, -0.185601, -0.0, -0.834626, 0.542788, -0.093702, 0.393861, 0.02446, 0.206469, 0.978148, 0.0, 0.0, 0.0, 0.0, 1.0]
            ]
        },
        {
            "name": "Hand_L",
            "time": [0.0, 0.5667, 0.7, 0.7667, 0.8667, 1.0, 1.2667],
            "transform": [
                [0.878583, -0.057819, -0.474077, 0.0, -0.061244, 0.97081, -0.231901, 0.3, 0.473647, 0.232779, 0.849396, -0.0, 0.0, 0.0, 0.0, 1.0],
                [0.894872, -0.097536, -0.435534, 0.0, -0.224492, 0.745043, -0.628104, 0.3, 0.385755, 0.659847, 0.644822, 0.0, 0.0, 0.0, 0.0, 1.0],
                [0.836114, -0.069579, -0.544124, -0.0, -0.140844, 0.931441, -0.33553, 0.3, 0.530166, 0.357179, 0.768992, -0.0, 0.0, 0.0, 0.0, 1.0],
                [0.809021, -0.043524, -0.586166, 0.0, -0.087296, 0.977298, -0.193052, 0.3, 0.581261, 0.207353, 0.786855, -0.0, 0.0, 0.0, 0.0, 1.0],
                [0.802578, -0.036158, -0.595451, 0.0, -0.073229, 0.984641, -0.158493, 0.3, 0.592036, 0.170807, 0.787603, 0.0, 0.0, 0.0, 0.0, 1.0],
                [0.932742, 0.356484, -0.053962, 0.0, -0.267778, 0.584729, -0.765759, 0.3, -0.241428, 0.728706, 0.64086, -0.0, 0.0, 0.0, 0.0, 1.0],
                [0.843433, 0.374225, -0.385457, -0.0, -0.526353, 0.71929, -0.453404, 0.3, 0.107581, 0.585302, 0.803646, 0.0, 0.0, 0.0, 0.0, 1.0]
            ]
        },
        {
            "name": "Tool_L",
            "time": [0.0, 0.5667, 0.7, 0.7667, 0.8667, 1.0, 1.2667],
            "transform": [
                [1.0, -0.0, 0.0, 0.0, -0.0, -0.999836, 0.018122, 0.272858, 0.0, -0.018122, -0.999836, 0.0, 0.0, 0.0, 0.0, 1.0],
                [1.0, 0.0, 0.0, -0.0, -0.0, -0.999836, 0.018122, 0.272858, 0.0, -0.018122, -0.999836, 0.0, 0.0, 0.0, 0.0, 1.0],
                [1.0, 0.0, 0.0, -0.0, 0.0, -0.999836, 0.018122, 0.272858, 0.0, -0.018122, -0.999836, -0.0, 0.0, 0.0, 0.0, 1.0],
                [1.0, 0.0, 0.0, 0.0, 0.0, -0.999836, 0.018122, 0.272858, 0.0, -0.018122, -0.999836, -0.0, 0.0, 0.0, 0.0, 1.0],
                [1.0, -0.0, 0.0, -0.0, -0.0, -0.999835, 0.018122, 0.272858, 0.0, -0.018122, -0.999836, -0.0, 0.0, 0.0, 0.0, 1.0],
                [1.0, 0.0, 0.0, 0.0, -0.0, -0.999836, 0.018122, 0.272858, 0.0, -0.018122, -0.999836, -0.0, 0.0, 0.0, 0.0, 1.0],
                [1.0, -0.0, 0.0, 0.0, -0.0, -0.999836, 0.018122, 0.272858, 0.0, -0.018122, -0.999836, -0.0, 0.0, 0.0, 0.0, 1.0]
            ]
        },
        {
            "name": "Elbow_L",
            "time": [0.0, 0.5667, 0.7, 0.7667, 0.8667, 1.0, 1.2667],
            "transform": [
                [-1.0, 0.0, -0.0, 0.0, 0.0, -0.0, -1.0, 0.35261, -0.0, -1.0, 0.0, -0.0, 0.0, 0.0, 0.0, 1.0],
                [-1.0, 0.0, -0.0, 0.0, 0.0, -0.0, -1.0, 0.35261, -0.0, -1.0, 0.0, 0.0, 0.0, 0.0, 0.0, 1.0],
                [-1.0, 0.0, -0.0, -0.0, -0.0, -0.0, -1.0, 0.352609, -0.0, -1.0, -0.0, -0.0, 0.0, 0.0, 0.0, 1.0],
                [-1.0, 0.0, -0.0, 0.0, 0.0, -0.0, -1.0, 0.35261, -0.0, -1.0, -0.0, -0.0, 0.0, 0.0, 0.0, 1.0],
                [-1.0, 0.0, -0.0, 0.0, 0.0, -0.0, -1.0, 0.35261, -0.0, -1.0, 0.0, 0.0, 0.0, 0.0, 0.0, 1.0],
                [-1.0, 0.0, -0.0, 0.0, 0.0, -0.0, -1.0, 0.35261, -0.0, -1.0, 0.0, -0.0, 0.0, 0.0, 0.0, 1.0],
                [-1.0, 0.0, -0.0, -0.0, 0.0, -0.0, -1.0, 0.35261, -0.0, -1.0, 0.0, 0.0, 0.0, 0.0, 0.0, 1.0]
            ]
        }
    ]
}