{
    "animation": [
        {
            "name": "Root",
            "time": [0.0, 0.1333, 0.2333, 0.3, 0.3333, 0.3667, 0.4667, 0.5333, 0.6, 0.6333, 0.6667, 0.7333, 0.9333, 1.2333, 1.6],
            "transform": [
                [0.883605, -0.08541, -0.460377, -5e-06, -0.43694, 0.203003, -0.876284, 0.000946, 0.168301, 0.975446, 0.142055, 0.366259, 0.0, 0.0, 0.0, 1.0],
                [0.883605, -0.08541, -0.460377, -5e-06, -0.43694, 0.203003, -0.876284, 0.000946, 0.168301, 0.975446, 0.142055, 0.584722, 0.0, 0.0, 0.0, 1.0],
                [0.742952, 0.36718, 0.559644, -5e-06, 0.309809, 0.552514, -0.773787, 1.307963, -0.59333, 0.74827, 0.296735, 1.919669, 0.0, 0.0, 0.0, 1.0],
                [-0.851746, 0.483571, 0.201712, -5e-06, 0.319443, 0.78442, -0.531641, 1.785746, -0.415312, -0.388388, -0.8226, 2.685102, 0.0, 0.0, 0.0, 1.0],
                [-0.851746, 0.483571, 0.201712, -5e-06, 0.319443, 0.78442, -0.531641, 1.785746, -0.415312, -0.388388, -0.8226, 2.685102, 0.0, 0.0, 0.0, 1.0],
                [-0.955022, 0.29194, -0.052015, -5e-06, 0.274524, 0.804096, -0.52732, 1.895571, -0.112121, -0.517882, -0.848073, 2.81291, 0.0, 0.0, 0.0, 1.0],
                [-0.903703, -0.081844, -0.420264, -5e-06, 0.1714, 0.830326, -0.530266, 2.150506, 0.392355, -0.551236, -0.73634, 2.940718, 0.0, 0.0, 0.0, 1.0],
                [-0.710605, -0.447416, -0.54301, -5e-06, 0.15179, 0.65611, -0.739243, 2.463708, 0.687023, -0.607733, -0.398322, 2.710957, 0.0, 0.0, 0.0, 1.0],
                [0.43849, -0.87908, -0.186935, -5e-06, 0.292021, 0.336072, -0.895421, 3.192567, 0.849971, 0.338044, 0.404074, 1.646402, 0.0, 0.0, 0.0, 1.0],
                [0.803337, -0.545667, 0.238529, -5e-06, 0.458442, 0.310995, -0.832534, 3.491271, 0.380105, 0.778158, 0.499991, 0.878911, 0.0, 0.0, 0.0, 1.0],
                [0.826459, -0.212489, 0.521358, -5e-06, 0.561308, 0.382668, -0.733824, 3.654098, -0.043577, 0.899118, 0.435531, 0.520419, 0.0, 0.0, 0.0, 1.0],
                [0.681138, 0.083564, 0.72737, -5e-06, 0.594541, 0.516655, -0.616108, 3.750797, -0.427284, 0.852106, 0.302231, 0.355908, 0.0, 0.0, 0.0, 1.0],
                [0.681138, 0.083564, 0.72737, -5e-06, 0.594541, 0.516655, -0.616108, 3.750797, -0.427284, 0.852106, 0.302231, 0.355908, 0.0, 0.0, 0.0, 1.0],
                [0.681138, 0.083564, 0.72737, -5e-06, 0.594541, 0.516655, -0.616108, 3.750797, -0.427284, 0.852106, 0.302231, 0.355908, 0.0, 0.0, 0.0, 1.0],
                [0.985203, 0.109099, -0.132183, -5e-06, -0.059876, -0.503553, -0.861887, 3.287836, -0.160592, 0.857048, -0.48957, 0.650277, 0.0, 0.0, 0.0, 1.0]
            ]
        },
        {
            "name": "Thigh_R",
            "time": [0.0, 0.1333, 0.2333, 0.3, 0.3333, 0.3667, 0.4667, 0.5333, 0.6333, 0.6667, 0.7333, 0.9333, 1.2333, 1.6],
            "transform": [
                [0.828272, -0.406235, -0.385924, 0.124994, 0.097847, -0.573303, 0.813478, -0.002831, -0.551716, -0.711542, -0.435104, -1.2e-05, 0.0, 0.0, 0.0, 1.0],
                [0.9156, -0.398381, -0.054487, 0.124994, -0.330629, -0.823045, 0.46182, -0.002831, -0.228826, -0.404827, -0.885298, -1.2e-05, 0.0, 0.0, 0.0, 1.0],
                [0.590338, 0.036611, 0.806325, 0.124994, 0.078573, -0.99683, -0.012265, -0.002831, 0.803323, 0.070596, -0.591345, -1.2e-05, 0.0, 0.0, 0.0, 1.0],
                [0.590338, 0.036611, 0.806326, 0.124994, 0.078573, -0.99683, -0.012265, -0.002831, 0.803323, 0.070596, -0.591345, -1.2e-05, 0.0, 0.0, 0.0, 1.0],
                [0.590338, 0.036611, 0.806326, 0.124994, 0.078573, -0.99683, -0.012265, -0.002831, 0.803323, 0.070596, -0.591345, -1.2e-05, 0.0, 0.0, 0.0, 1.0],
                [0.590338, 0.036611, 0.806325, 0.124994, 0.078573, -0.99683, -0.012265, -0.002831, 0.803323, 0.070596, -0.591344, -1.2e-05, 0.0, 0.0, 0.0, 1.0],
                [0.590338, 0.036611, 0.806326, 0.124994, 0.078573, -0.99683, -0.012265, -0.002831, 0.803323, 0.070596, -0.591345, -1.2e-05, 0.0, 0.0, 0.0, 1.0],
                [0.590338, 0.036611, 0.806326, 0.124994, 0.078573, -0.99683, -0.012265, -0.002831, 0.803323, 0.070596, -0.591345, -1.2e-05, 0.0, 0.0, 0.0, 1.0],
                [0.590337, 0.036611, 0.806325, 0.124994, 0.078573, -0.99683, -0.012265, -0.002831, 0.803323, 0.070596, -0.591344, -1.2e-05, 0.0, 0.0, 0.0, 1.0],
                [0.554426, 0.101311, 0.826043, 0.124994, 0.135515, -0.990303, 0.030502, -0.002831, 0.821126, 0.09503, -0.562781, -1.2e-05, 0.0, 0.0, 0.0, 1.0],
                [0.414038, 0.293236, 0.861733, 0.124994, 0.298592, -0.938058, 0.175745, -0.002831, 0.859892, 0.184541, -0.475951, -1.2e-05, 0.0, 0.0, 0.0, 1.0],
                [0.414038, 0.293236, 0.861733, 0.124994, 0.298592, -0.938058, 0.175745, -0.002831, 0.859892, 0.184541, -0.475951, -1.2e-05, 0.0, 0.0, 0.0, 1.0],
                [0.411667, 0.289873, 0.864004, 0.124994, 0.31823, -0.934107, 0.161769, -0.002831, 0.853967, 0.208356, -0.476789, -1.2e-05, 0.0, 0.0, 0.0, 1.0],
                [0.38588, 0.230156, 0.893378, 0.124994, 0.593649, -0.803198, -0.049493, -0.002831, 0.706171, 0.549451, -0.446571, -1.2e-05, 0.0, 0.0, 0.0, 1.0]
            ]
        },
        {
            "name": "Leg_R",
            "time": [0.0, 0.1333, 0.2333, 0.3, 0.3333, 0.3667, 0.4667, 0.5333, 0.6333, 0.6667, 0.7333, 0.9333, 1.2333, 1.6],
            "transform": [
                [0.918743, 0.283463, 0.274881, 0.0, -0.249716, -0.122139, 0.960585, 0.37472, 0.305864, -0.951174, -0.041429, -0.0, 0.0, 0.0, 0.0, 1.0],
                [0.942229, 0.309228, 0.128776, 0.0, -0.23149, 0.323245, 0.917564, 0.37472, 0.24211, -0.894367, 0.376154, 0.0, 0.0, 0.0, 0.0, 1.0],
                [0.545208, 0.828685, 0.126611, 0.0, -0.819166, 0.494567, 0.290466, 0.37472, 0.178087, -0.262081, 0.948471, -0.0, 0.0, 0.0, 0.0, 1.0],
                [0.545208, 0.828685, 0.126611, -0.0, -0.819166, 0.494567, 0.290466, 0.37472, 0.178087, -0.262081, 0.948471, -0.0, 0.0, 0.0, 0.0, 1.0],
                [0.545208, 0.828685, 0.126611, -0.0, -0.819166, 0.494567, 0.290466, 0.37472, 0.178087, -0.262081, 0.948471, -0.0, 0.0, 0.0, 0.0, 1.0],
                [0.545208, 0.828685, 0.126611, -0.0, -0.819166, 0.494567, 0.290466, 0.37472, 0.178087, -0.262081, 0.948471, -0.0, 0.0, 0.0, 0.0, 1.0],
                [0.545208, 0.828685, 0.126611, 0.0, -0.819166, 0.494567, 0.290466, 0.37472, 0.178087, -0.262081, 0.948471, 0.0, 0.0, 0.0, 0.0, 1.0],
                [0.545208, 0.828685, 0.126611, 0.0, -0.819166, 0.494567, 0.290466, 0.37472, 0.178087, -0.262081, 0.948471, -0.0, 0.0, 0.0, 0.0, 1.0],
                [0.545208, 0.828685, 0.126611, 0.0, -0.819167, 0.494567, 0.290466, 0.37472, 0.178087, -0.262081, 0.948471, -0.0, 0.0, 0.0, 0.0, 1.0],
                [0.545208, 0.828685, 0.126611, 0.0, -0.819166, 0.494567, 0.290466, 0.37472, 0.178087, -0.262081, 0.948471, 0.0, 0.0, 0.0, 0.0, 1.0],
                [0.545208, 0.828685, 0.126611, -0.0, -0.819166, 0.494567, 0.290466, 0.37472, 0.178087, -0.262081, 0.948471, -0.0, 0.0, 0.0, 0.0, 1.0],
                [0.545208, 0.828685, 0.126611, -0.0, -0.819166, 0.494567, 0.290466, 0.37472, 0.178087, -0.262081, 0.948471, -0.0, 0.0, 0.0, 0.0, 1.0],
                [0.564409, 0.816051, 0.124517, 0.0, -0.809205, 0.517121, 0.278881, 0.37472, 0.16319, -0.258163, 0.952218, 0.0, 0.0, 0.0, 0.0, 1.0],
                [0.812652, 0.568567, 0.127789, -0.0, -0.580637, 0.808654, 0.094553, 0.37472, -0.049577, -0.151038, 0.987283, -0.0, 0.0, 0.0, 0.0, 1.0]
            ]
        },
        {
            "name": "Knee_R",
            "time": [0.0, 0.1333, 0.2333, 0.3, 0.3333, 0.3667, 0.4667, 0.5333, 0.6333, 0.6667, 0.7333, 0.9333, 1.2333, 1.6],
            "transform": [
                [1.0, 0.0, -0.0, 0.0, -0.0, 0.0, -1.0, 0.37472, -0.0, 1.0, 0.0, -0.0, 0.0, 0.0, 0.0, 1.0],
                [1.0, 0.0, -0.0, 0.0, -0.0, 0.0, -1.0, 0.37472, -0.0, 1.0, 0.0, 0.0, 0.0, 0.0, 0.0, 1.0],
                [1.0, 0.0, -0.0, 0.0, -0.0, 0.0, -1.0, 0.37472, -0.0, 1.0, 0.0, -0.0, 0.0, 0.0, 0.0, 1.0],
                [1.0, 0.0, -0.0, -0.0, -0.0, 0.0, -1.0, 0.37472, -0.0, 1.0, 0.0, -0.0, 0.0, 0.0, 0.0, 1.0],
                [1.0, 0.0, -0.0, -0.0, -0.0, 0.0, -1.0, 0.37472, -0.0, 1.0, 0.0, -0.0, 0.0, 0.0, 0.0, 1.0],
                [1.0, 0.0, -0.0, -0.0, -0.0, 0.0, -1.0, 0.37472, -0.0, 1.0, 0.0, -0.0, 0.0, 0.0, 0.0, 1.0],
                [1.0, 0.0, -0.0, 0.0, -0.0, 0.0, -1.0, 0.37472, -0.0, 1.0, 0.0, 0.0, 0.0, 0.0, 0.0, 1.0],
                [1.0, 0.0, -0.0, 0.0, -0.0, 0.0, -1.0, 0.37472, -0.0, 1.0, 0.0, -0.0, 0.0, 0.0, 0.0, 1.0],
                [1.0, 0.0, -0.0, 0.0, -1e-06, 0.0, -1.0, 0.37472, -0.0, 1.0, 0.0, -0.0, 0.0, 0.0, 0.0, 1.0],
                [1.0, 0.0, -0.0, 0.0, -1e-06, 0.0, -1.0, 0.37472, -0.0, 1.0, 0.0, 0.0, 0.0, 0.0, 0.0, 1.0],
                [1.0, 0.0, -0.0, -0.0, -0.0, 0.0, -1.0, 0.37472, -0.0, 1.0, 0.0, -0.0, 0.0, 0.0, 0.0, 1.0],
                [1.0, 0.0, -0.0, -0.0, -0.0, 0.0, -1.0, 0.37472, -0.0, 1.0, 0.0, -0.0, 0.0, 0.0, 0.0, 1.0],
                [1.0, 0.0, -1e-06, 0.0, -0.0, 0.0, -1.0, 0.37472, -0.0, 1.0, 0.0, 0.0, 0.0, 0.0, 0.0, 1.0],
                [1.0, 0.0, -0.0, -0.0, -0.0, 0.0, -1.0, 0.37472, -0.0, 1.0, 0.0, -0.0, 0.0, 0.0, 0.0, 1.0]
            ]
        },
        {
            "name": "Thigh_L",
            "time": [0.0, 0.1333, 0.2333, 0.3, 0.3333, 0.3667, 0.4667, 0.5333, 0.6333, 0.6667, 0.7333, 0.9333, 1.2333, 1.6],
            "transform": [
                [0.587928, -0.735617, -0.336465, -0.125006, -0.667292, -0.676161, 0.312292, -0.002831, -0.457232, 0.040915, -0.888406, -1.2e-05, 0.0, 0.0, 0.0, 1.0],
                [0.641477, -0.602362, -0.475044, -0.125006, -0.666857, -0.743953, 0.04285, -0.002831, -0.379222, 0.289299, -0.878918, -1.2e-05, 0.0, 0.0, 0.0, 1.0],
                [0.646829, -0.595209, -0.476801, -0.125006, -0.667516, -0.744224, 0.02349, -0.00283, -0.368828, 0.303078, -0.878698, -1.2e-05, 0.0, 0.0, 0.0, 1.0],
                [0.646829, -0.595209, -0.476801, -0.125006, -0.667516, -0.744224, 0.02349, -0.002831, -0.368828, 0.303078, -0.878698, -1.2e-05, 0.0, 0.0, 0.0, 1.0],
                [0.646829, -0.595209, -0.476801, -0.125006, -0.667516, -0.744224, 0.02349, -0.002831, -0.368828, 0.303078, -0.878698, -1.2e-05, 0.0, 0.0, 0.0, 1.0],
                [0.646829, -0.595209, -0.476801, -0.125006, -0.667516, -0.744224, 0.02349, -0.002831, -0.368828, 0.303078, -0.878698, -1.2e-05, 0.0, 0.0, 0.0, 1.0],
                [0.646829, -0.595209, -0.476801, -0.125006, -0.667516, -0.744224, 0.02349, -0.002831, -0.368828, 0.303078, -0.878698, -1.2e-05, 0.0, 0.0, 0.0, 1.0],
                [0.664213, -0.650737, -0.367916, -0.125006, -0.66881, -0.737158, 0.096391, -0.002831, -0.333937, 0.182042, -0.92485, -1.2e-05, 0.0, 0.0, 0.0, 1.0],
                [0.615566, -0.448249, 0.64819, -0.125006, -0.786532, -0.401046, 0.469606, -0.002831, 0.049454, -0.798896, -0.599432, -1.2e-05, 0.0, 0.0, 0.0, 1.0],
                [0.656488, -0.248175, 0.712343, -0.125006, -0.748583, -0.330747, 0.574656, -0.002831, 0.09299, -0.910503, -0.402911, -1.2e-05, 0.0, 0.0, 0.0, 1.0],
                [0.783999, 0.054012, 0.618407, -0.125006, -0.580819, -0.287748, 0.761478, -0.002831, 0.219074, -0.956182, -0.194223, -1.2e-05, 0.0, 0.0, 0.0, 1.0],
                [0.783999, 0.054012, 0.618407, -0.125006, -0.580819, -0.287748, 0.761478, -0.002831, 0.219074, -0.956182, -0.194223, -1.2e-05, 0.0, 0.0, 0.0, 1.0],
                [0.795395, -0.006011, 0.606061, -0.125006, -0.572198, -0.33715, 0.747609, -0.002831, 0.19984, -0.941432, -0.271607, -1.2e-05, 0.0, 0.0, 0.0, 1.0],
                [0.93367, -0.15143, -0.324546, -0.125006, -0.136586, -0.988279, 0.068184, -0.002831, -0.331067, -0.019333, -0.943409, -1.2e-05, 0.0, 0.0, 0.0, 1.0]
            ]
        },
        {
            "name": "Leg_L",
            "time": [0.0, 0.1333, 0.2333, 0.3, 0.3333, 0.3667, 0.4667, 0.5333, 0.6333, 0.6667, 0.7333, 0.9333, 1.2333, 1.6],
            "transform": [
                [0.93339, 0.308784, 0.182857, -0.0, -0.196967, 0.014875, 0.980298, 0.37472, 0.29998, -0.951016, 0.074704, 0.0, 0.0, 0.0, 0.0, 1.0],
                [0.70025, 0.713067, -0.034433, -0.0, -0.512354, 0.535562, 0.671318, 0.37472, 0.497136, -0.452447, 0.74037, -0.0, 0.0, 0.0, 0.0, 1.0],
                [0.93339, 0.308784, 0.182857, -0.0, -0.196967, 0.014875, 0.980298, 0.37472, 0.29998, -0.951016, 0.074704, 0.0, 0.0, 0.0, 0.0, 1.0],
                [0.93339, 0.308784, 0.182857, -0.0, -0.196967, 0.014875, 0.980298, 0.37472, 0.29998, -0.951016, 0.074704, 0.0, 0.0, 0.0, 0.0, 1.0],
                [0.93339, 0.308784, 0.182857, -0.0, -0.196967, 0.014875, 0.980298, 0.37472, 0.29998, -0.951016, 0.074704, 0.0, 0.0, 0.0, 0.0, 1.0],
                [0.933389, 0.308784, 0.182857, 0.0, -0.196967, 0.014875, 0.980298, 0.37472, 0.29998, -0.951015, 0.074704, 0.0, 0.0, 0.0, 0.0, 1.0],
                [0.933389, 0.308784, 0.182857, 0.0, -0.196967, 0.014875, 0.980298, 0.37472, 0.29998, -0.951016, 0.074704, -0.0, 0.0, 0.0, 0.0, 1.0],
                [0.933389, 0.308784, 0.182857, 0.0, -0.196967, 0.014875, 0.980298, 0.37472, 0.29998, -0.951015, 0.074704, -0.0, 0.0, 0.0, 0.0, 1.0],
                [0.933389, 0.308784, 0.182857, 0.0, -0.196967, 0.014875, 0.980298, 0.37472, 0.29998, -0.951016, 0.074704, -0.0, 0.0, 0.0, 0.0, 1.0],
                [0.93339, 0.308784, 0.182857, 0.0, -0.196967, 0.014875, 0.980298, 0.37472, 0.29998, -0.951016, 0.074704, 0.0, 0.0, 0.0, 0.0, 1.0],
                [0.93339, 0.308784, 0.182857, 0.0, -0.196967, 0.014875, 0.980298, 0.37472, 0.29998, -0.951016, 0.074704, -0.0, 0.0, 0.0, 0.0, 1.0],
                [0.93339, 0.308784, 0.182857, 0.0, -0.196967, 0.014875, 0.980298, 0.37472, 0.29998, -0.951016, 0.074704, -0.0, 0.0, 0.0, 0.0, 1.0],
                [0.926747, 0.307736, 0.215498, 0.0, -0.245415, 0.061585, 0.967461, 0.37472, 0.284451, -0.949476, 0.132597, 0.0, 0.0, 0.0, 0.0, 1.0],
                [0.966489, 0.074837, -0.245557, -0.0, 0.071931, 0.839293, 0.538899, 0.37472, 0.246424, -0.538503, 0.805785, -0.0, 0.0, 0.0, 0.0, 1.0]
            ]
        },
        {
            "name": "Knee_L",
            "time": [0.0, 0.1333, 0.2333, 0.3, 0.3333, 0.3667, 0.4667, 0.5333, 0.6333, 0.6667, 0.7333, 0.9333, 1.2333, 1.6],
            "transform": [
                [1.0, 0.0, -0.0, -0.0, -1e-06, 0.0, -1.0, 0.398608, -0.0, 1.0, 0.0, -0.0, 0.0, 0.0, 0.0, 1.0],
                [1.0, 0.0, -0.0, -0.0, -0.0, 0.0, -1.0, 0.398608, -0.0, 1.0, 0.0, -0.0, 0.0, 0.0, 0.0, 1.0],
                [1.0, 0.0, -0.0, -0.0, -0.0, 0.0, -1.0, 0.398608, -0.0, 1.0, 0.0, 0.0, 0.0, 0.0, 0.0, 1.0],
                [1.0, 0.0, -0.0, -0.0, -0.0, 0.0, -1.0, 0.398608, -0.0, 1.0, 0.0, 0.0, 0.0, 0.0, 0.0, 1.0],
                [1.0, 0.0, -0.0, -0.0, -0.0, 0.0, -1.0, 0.398608, -0.0, 1.0, 0.0, 0.0, 0.0, 0.0, 0.0, 1.0],
                [1.0, 0.0, -0.0, 0.0, -0.0, 0.0, -1.0, 0.398608, -0.0, 1.0, 0.0, 0.0, 0.0, 0.0, 0.0, 1.0],
                [1.0, 0.0, -0.0, 0.0, -0.0, 0.0, -1.0, 0.398608, -0.0, 1.0, 0.0, -0.0, 0.0, 0.0, 0.0, 1.0],
                [1.0, 0.0, -0.0, 0.0, -0.0, 0.0, -1.0, 0.398608, -0.0, 1.0, 0.0, -0.0, 0.0, 0.0, 0.0, 1.0],
                [1.0, 0.0, -1e-06, 0.0, -0.0, 0.0, -1.0, 0.398608, -0.0, 1.0, 0.0, -0.0, 0.0, 0.0, 0.0, 1.0],
                [1.0, 0.0, -0.0, 0.0, -0.0, 0.0, -1.0, 0.398608, -0.0, 1.0, 0.0, 0.0, 0.0, 0.0, 0.0, 1.0],
                [1.0, 0.0, -0.0, 0.0, -0.0, 0.0, -1.0, 0.398607, -0.0, 1.0, 0.0, -0.0, 0.0, 0.0, 0.0, 1.0],
                [1.0, 0.0, -0.0, 0.0, -0.0, 0.0, -1.0, 0.398607, -0.0, 1.0, 0.0, -0.0, 0.0, 0.0, 0.0, 1.0],
                [1.0, 0.0, -0.0, -0.0, -0.0, 0.0, -1.0, 0.398608, -0.0, 1.0, 0.0, 0.0, 0.0, 0.0, 0.0, 1.0],
                [1.0, 0.0, -0.0, -0.0, -0.0, 0.0, -1.0, 0.398608, -0.0, 1.0, 0.0, -0.0, 0.0, 0.0, 0.0, 1.0]
            ]
        },
        {
            "name": "Torso",
            "time": [0.0, 0.1333, 0.2333, 0.3, 0.3333, 0.3667, 0.4667, 0.5333, 0.6333, 0.6667, 0.7333, 0.9333, 1.2333, 1.6],
            "transform": [
                [0.975918, -0.139132, 0.168009, -0.0, -0.030459, 0.675731, 0.736519, 0.05, -0.216002, -0.7239, 0.655219, -0.0, 0.0, 0.0, 0.0, 1.0],
                [0.932809, 0.140171, 0.331993, 0.0, -0.338973, 0.654007, 0.676292, 0.05, -0.122329, -0.743388, 0.657578, 0.0, 0.0, 0.0, 0.0, 1.0],
                [0.768021, 0.167643, 0.618093, -0.0, -0.566684, 0.627513, 0.533944, 0.05, -0.298349, -0.760344, 0.576944, 0.0, 0.0, 0.0, 0.0, 1.0],
                [0.881484, 0.15374, 0.446487, -0.0, -0.43106, 0.648027, 0.627892, 0.05, -0.192804, -0.745939, 0.637497, -0.0, 0.0, 0.0, 0.0, 1.0],
                [0.881484, 0.15374, 0.446487, -0.0, -0.43106, 0.648027, 0.627892, 0.05, -0.192804, -0.745939, 0.637497, -0.0, 0.0, 0.0, 0.0, 1.0],
                [0.902332, 0.149311, 0.404354, 0.0, -0.397464, 0.651202, 0.646496, 0.05, -0.166788, -0.744071, 0.646947, -0.0, 0.0, 0.0, 0.0, 1.0],
                [0.932809, 0.140171, 0.331993, 0.0, -0.338973, 0.654007, 0.676292, 0.05, -0.122329, -0.743389, 0.657578, -1e-06, 0.0, 0.0, 0.0, 1.0],
                [0.948342, 0.131752, 0.288598, -0.0, -0.302253, 0.651603, 0.695742, 0.05, -0.096386, -0.747031, 0.657765, 0.0, 0.0, 0.0, 0.0, 1.0],
                [0.938571, 0.131786, 0.318931, 0.0, -0.32391, 0.655206, 0.682486, 0.05, -0.119023, -0.743867, 0.657644, 0.0, 0.0, 0.0, 0.0, 1.0],
                [0.936695, 0.133837, 0.32356, -0.0, -0.328616, 0.655058, 0.680375, 0.05, -0.120891, -0.743631, 0.65757, -0.0, 0.0, 0.0, 0.0, 1.0],
                [0.932809, 0.140171, 0.331993, 0.0, -0.338973, 0.654007, 0.676292, 0.05, -0.122329, -0.743389, 0.657578, -0.0, 0.0, 0.0, 0.0, 1.0],
                [0.881112, 0.160855, 0.444711, 0.0, -0.416768, 0.708527, 0.569469, 0.05, -0.223488, -0.687107, 0.69133, -0.0, 0.0, 0.0, 0.0, 1.0],
                [0.896228, 0.149363, 0.417691, 0.0, -0.383419, 0.734364, 0.560089, 0.05, -0.223081, -0.662119, 0.715426, -0.0, 0.0, 0.0, 0.0, 1.0],
                [0.988631, -0.150076, 0.009246, -0.0, 0.120367, 0.826776, 0.549503, 0.05, -0.090112, -0.542143, 0.83544, -0.0, 0.0, 0.0, 0.0, 1.0]
            ]
        },
        {
            "name": "Chest",
            "time": [0.0, 0.1333, 0.2333, 0.3, 0.3333, 0.3667, 0.4667, 0.5333, 0.6333, 0.6667, 0.7333, 0.9333, 1.2333, 1.6],
            "transform": [
                [0.998359, -0.046824, 0.032959, -0.0, 0.041097, 0.986748, 0.156968, 0.3, -0.039872, -0.155356, 0.987054, -0.0, 0.0, 0.0, 0.0, 1.0],
                [0.998359, -0.046824, 0.032959, 0.0, 0.041097, 0.986748, 0.156968, 0.3, -0.039872, -0.155356, 0.987054, 0.0, 0.0, 0.0, 0.0, 1.0],
                [0.998359, -0.046824, 0.032959, -0.0, 0.041097, 0.986748, 0.156968, 0.3, -0.039872, -0.155356, 0.987054, 0.0, 0.0, 0.0, 0.0, 1.0],
                [0.998359, -0.046824, 0.032959, 0.0, 0.041097, 0.986748, 0.156968, 0.3, -0.039872, -0.155356, 0.987054, -0.0, 0.0, 0.0, 0.0, 1.0],
                [0.998359, -0.046824, 0.032959, 0.0, 0.041097, 0.986748, 0.156968, 0.3, -0.039872, -0.155356, 0.987054, -0.0, 0.0, 0.0, 0.0, 1.0],
                [0.998359, -0.046824, 0.032959, -0.0, 0.041097, 0.986748, 0.156968, 0.3, -0.039872, -0.155356, 0.987054, -0.0, 0.0, 0.0, 0.0, 1.0],
                [0.998359, -0.046824, 0.032959, 0.0, 0.041097, 0.986748, 0.156968, 0.3, -0.039872, -0.155356, 0.987054, -0.0, 0.0, 0.0, 0.0, 1.0],
                [0.998359, -0.046824, 0.032959, 0.0, 0.041097, 0.986748, 0.156968, 0.3, -0.039872, -0.155356, 0.987054, 0.0, 0.0, 0.0, 0.0, 1.0],
                [0.998359, -0.046824, 0.032959, 0.0, 0.041097, 0.986748, 0.156968, 0.3, -0.039872, -0.155356, 0.987054, -0.0, 0.0, 0.0, 0.0, 1.0],
                [0.998359, -0.046824, 0.032959, -0.0, 0.041097, 0.986748, 0.156968, 0.3, -0.039872, -0.155356, 0.987054, -0.0, 0.0, 0.0, 0.0, 1.0],
                [0.998359, -0.046824, 0.032959, 0.0, 0.041097, 0.986748, 0.156968, 0.3, -0.039872, -0.155356, 0.987054, 0.0, 0.0, 0.0, 0.0, 1.0],
                [0.998359, -0.046824, 0.032959, -0.0, 0.041097, 0.986748, 0.156968, 0.3, -0.039872, -0.155356, 0.987054, -0.0, 0.0, 0.0, 0.0, 1.0],
                [0.998286, -0.050469, 0.029619, -0.0, 0.045472, 0.987606, 0.150222, 0.3, -0.036834, -0.148617, 0.988208, -0.0, 0.0, 0.0, 0.0, 1.0],
                [0.993945, -0.108398, -0.017953, -0.0, 0.109113, 0.992995, 0.045329, 0.3, 0.012914, -0.047014, 0.998811, 0.0, 0.0, 0.0, 0.0, 1.0]
            ]
        },
        {
            "name": "Head",
            "time": [0.0, 0.1333, 0.2333, 0.3, 0.3333, 0.3667, 0.4667, 0.5333, 0.6333, 0.6667, 0.7333, 0.9333, 1.2333, 1.6],
            "transform": [
                [0.964993, -0.260941, 0.026417, -0.0, 0.262087, 0.955576, -0.134849, 0.4, 0.009944, 0.137052, 0.990514, -0.0, 0.0, 0.0, 0.0, 1.0],
                [0.964993, -0.260941, 0.026417, 0.0, 0.262087, 0.955576, -0.134849, 0.4, 0.009944, 0.137052, 0.990514, 0.0, 0.0, 0.0, 0.0, 1.0],
                [0.964993, -0.260941, 0.026417, 0.0, 0.262087, 0.955576, -0.134849, 0.4, 0.009944, 0.137052, 0.990514, -0.0, 0.0, 0.0, 0.0, 1.0],
                [0.964993, -0.260941, 0.026417, -0.0, 0.262087, 0.955576, -0.134849, 0.4, 0.009944, 0.137052, 0.990514, -0.0, 0.0, 0.0, 0.0, 1.0],
                [0.964993, -0.260941, 0.026417, -0.0, 0.262087, 0.955576, -0.134849, 0.4, 0.009944, 0.137052, 0.990514, -0.0, 0.0, 0.0, 0.0, 1.0],
                [0.964993, -0.260941, 0.026417, -0.0, 0.262087, 0.955576, -0.134849, 0.4, 0.009944, 0.137052, 0.990514, 0.0, 0.0, 0.0, 0.0, 1.0],
                [0.964993, -0.260941, 0.026417, 0.0, 0.262087, 0.955576, -0.134849, 0.4, 0.009944, 0.137052, 0.990514, 0.0, 0.0, 0.0, 0.0, 1.0],
                [0.964993, -0.260941, 0.026417, 0.0, 0.262087, 0.955576, -0.134849, 0.4, 0.009944, 0.137052, 0.990514, 0.0, 0.0, 0.0, 0.0, 1.0],
                [0.964993, -0.260941, 0.026417, -0.0, 0.262087, 0.955576, -0.134849, 0.399999, 0.009944, 0.137052, 0.990514, 0.0, 0.0, 0.0, 0.0, 1.0],
                [0.964993, -0.260941, 0.026417, 0.0, 0.262087, 0.955576, -0.134849, 0.4, 0.009944, 0.137052, 0.990514, -0.0, 0.0, 0.0, 0.0, 1.0],
                [0.964993, -0.260941, 0.026417, -0.0, 0.262087, 0.955576, -0.134849, 0.4, 0.009944, 0.137052, 0.990514, -0.0, 0.0, 0.0, 0.0, 1.0],
                [0.964993, -0.260941, 0.026417, 0.0, 0.262087, 0.955576, -0.134849, 0.4, 0.009944, 0.137052, 0.990514, 0.0, 0.0, 0.0, 0.0, 1.0],
                [0.970957, -0.236877, 0.033632, -0.0, 0.239252, 0.961019, -0.138567, 0.4, 0.000502, 0.142589, 0.989782, -0.0, 0.0, 0.0, 0.0, 1.0],
                [0.981216, 0.143381, 0.129064, 0.0, -0.113562, 0.970125, -0.214385, 0.4, -0.155947, 0.195701, 0.968185, -0.0, 0.0, 0.0, 0.0, 1.0]
            ]
        },
        {
            "name": "Shoulder_R",
            "time": [0.0, 0.1333, 0.2333, 0.3, 0.3333, 0.3667, 0.4667, 0.5333, 0.6333, 0.6667, 0.7333, 0.9333, 1.2333, 1.6],
            "transform": [
                [0.35348, 0.923525, 0.148836, -0.0, 0.156258, -0.215166, 0.963995, 0.4, 0.922299, -0.317496, -0.220365, -0.0, 0.0, 0.0, 0.0, 1.0],
                [0.35348, 0.923525, 0.148836, 0.0, 0.156258, -0.215166, 0.963995, 0.4, 0.922299, -0.317496, -0.220365, 0.0, 0.0, 0.0, 0.0, 1.0],
                [0.35348, 0.923525, 0.148836, 0.0, 0.156258, -0.215166, 0.963995, 0.4, 0.922299, -0.317496, -0.220365, -0.0, 0.0, 0.0, 0.0, 1.0],
                [0.421122, 0.675946, 0.604775, -0.0, -0.754133, -0.109514, 0.647525, 0.4, 0.503924, -0.728768, 0.463635, -0.0, 0.0, 0.0, 0.0, 1.0],
                [0.421122, 0.675946, 0.604775, -0.0, -0.754133, -0.109514, 0.647525, 0.4, 0.503924, -0.728768, 0.463635, -0.0, 0.0, 0.0, 0.0, 1.0],
                [0.381798, 0.636902, 0.669765, -0.0, -0.845392, -0.052235, 0.531586, 0.4, 0.373553, -0.769173, 0.518488, 0.0, 0.0, 0.0, 0.0, 1.0],
                [0.333037, 0.602257, 0.725515, 0.0, -0.911856, 0.009858, 0.410391, 0.4, 0.240009, -0.798241, 0.552455, 0.0, 0.0, 0.0, 0.0, 1.0],
                [0.365555, 0.692661, 0.621763, 0.0, -0.872964, 0.023355, 0.487226, 0.4, 0.322961, -0.720884, 0.613206, 0.0, 0.0, 0.0, 0.0, 1.0],
                [0.130553, 0.708801, -0.693222, -0.0, -0.365184, 0.684426, 0.631032, 0.399999, 0.921736, 0.170771, 0.348196, 0.0, 0.0, 0.0, 0.0, 1.0],
                [-0.070116, 0.718868, -0.691601, 0.0, -0.275275, 0.652443, 0.706075, 0.4, 0.958805, 0.239888, 0.15214, -0.0, 0.0, 0.0, 0.0, 1.0],
                [-0.224651, 0.776763, -0.588362, -0.0, -0.134458, 0.57331, 0.80823, 0.4, 0.965118, 0.26068, -0.024353, -0.0, 0.0, 0.0, 0.0, 1.0],
                [-0.224651, 0.776763, -0.588362, 0.0, -0.134458, 0.57331, 0.80823, 0.4, 0.965118, 0.26068, -0.024353, 0.0, 0.0, 0.0, 0.0, 1.0],
                [-0.223322, 0.822782, -0.522643, -0.0, -0.089509, 0.516609, 0.85153, 0.4, 0.970626, 0.236947, -0.041724, -0.0, 0.0, 0.0, 0.0, 1.0],
                [0.231336, 0.760753, 0.606414, 0.0, 0.418662, -0.6405, 0.643802, 0.4, 0.878183, 0.104948, -0.466669, -0.0, 0.0, 0.0, 0.0, 1.0]
            ]
        },
        {
            "name": "Arm_R",
            "time": [0.0, 0.1333, 0.2333, 0.3, 0.3333, 0.3667, 0.4667, 0.5333, 0.6333, 0.6667, 0.7333, 0.9333, 1.2333, 1.6],
            "transform": [
                [-0.272724, -0.915744, -0.295017, 0.0, 0.193415, 0.248195, -0.949205, 0.39386, 0.94245, -0.315932, 0.10943, 0.0, 0.0, 0.0, 0.0, 1.0],
                [-0.272724, -0.915744, -0.295017, 0.0, 0.193415, 0.248195, -0.949205, 0.393861, 0.94245, -0.315932, 0.10943, 0.0, 0.0, 0.0, 0.0, 1.0],
                [-0.021934, 0.067015, -0.997511, 0.0, 0.281576, 0.957775, 0.058154, 0.393861, 0.959288, -0.279599, -0.039878, -0.0, 0.0, 0.0, 0.0, 1.0],
                [0.069302, 0.087658, -0.993737, 0.0, 0.082837, 0.992186, 0.093298, 0.39386, 0.994151, -0.088784, 0.061499, -0.0, 0.0, 0.0, 0.0, 1.0],
                [0.069302, 0.087658, -0.993737, 0.0, 0.082837, 0.992186, 0.093298, 0.39386, 0.994151, -0.088784, 0.061499, -0.0, 0.0, 0.0, 0.0, 1.0],
                [0.073216, 0.084866, -0.993699, -0.0, 0.066524, 0.993738, 0.089771, 0.393861, 0.995095, -0.072677, 0.067111, 0.0, 0.0, 0.0, 0.0, 1.0],
                [0.077199, 0.082119, -0.993628, 0.0, 0.0501, 0.995024, 0.086127, 0.393861, 0.995756, -0.056429, 0.072701, -0.0, 0.0, 0.0, 0.0, 1.0],
                [0.055328, 0.114627, -0.991867, 0.0, 0.073974, 0.990188, 0.118559, 0.39386, 0.995724, -0.079931, 0.046305, 0.0, 0.0, 0.0, 0.0, 1.0],
                [-0.222023, 0.212553, -0.951592, 0.0, 0.196125, 0.965738, 0.169954, 0.39386, 0.955113, -0.148897, -0.256103, -0.0, 0.0, 0.0, 0.0, 1.0],
                [-0.583998, 0.230002, -0.778489, -0.0, 0.188399, 0.971237, 0.145617, 0.393861, 0.78959, -0.061626, -0.610533, -0.0, 0.0, 0.0, 0.0, 1.0],
                [-0.992992, 0.072516, -0.093322, -0.0, 0.056809, 0.985294, 0.161148, 0.39386, 0.103636, 0.154717, -0.982508, -0.0, 0.0, 0.0, 0.0, 1.0],
                [-0.992992, 0.072516, -0.093322, -0.0, 0.056809, 0.985294, 0.161148, 0.393861, 0.103636, 0.154717, -0.982508, 0.0, 0.0, 0.0, 0.0, 1.0],
                [-0.988116, 0.029111, -0.150927, -0.0, 0.005901, 0.988362, 0.152003, 0.393861, 0.153596, 0.149306, -0.976788, 0.0, 0.0, 0.0, 0.0, 1.0],
                [-0.300664, -0.560793, -0.771435, -0.0, -0.576182, 0.751371, -0.321643, 0.39386, 0.76001, 0.347781, -0.549029, 0.0, 0.0, 0.0, 0.0, 1.0]
            ]
        },
        {
            "name": "Hand_R",
            "time": [0.0, 0.1333, 0.2333, 0.3, 0.3333, 0.3667, 0.4667, 0.5333, 0.6333, 0.6667, 0.7333, 0.9333, 1.2333, 1.6],
            "transform": [
                [-0.746013, 0.572662, 0.339888, 0.0, -0.661349, -0.577331, -0.47886, 0.3, -0.077998, -0.58202, 0.809426, 0.0, 0.0, 0.0, 0.0, 1.0],
                [-0.746013, 0.572662, 0.339887, 0.0, -0.661349, -0.577331, -0.47886, 0.3, -0.077998, -0.58202, 0.809425, -0.0, 0.0, 0.0, 0.0, 1.0],
                [0.200409, -0.039437, 0.978918, -0.0, -0.019085, 0.998843, 0.044147, 0.3, -0.979526, -0.02753, 0.199424, 0.0, 0.0, 0.0, 0.0, 1.0],
                [-0.184069, 0.071125, 0.980337, 0.0, 0.162755, 0.985816, -0.040963, 0.3, -0.969345, 0.152015, -0.193034, -0.0, 0.0, 0.0, 0.0, 1.0],
                [-0.184069, 0.071125, 0.980337, 0.0, 0.162755, 0.985816, -0.040963, 0.3, -0.969345, 0.152015, -0.193034, -0.0, 0.0, 0.0, 0.0, 1.0],
                [-0.220313, 0.088872, 0.971372, 0.0, 0.179805, 0.982476, -0.049107, 0.3, -0.958714, 0.163838, -0.232432, 0.0, 0.0, 0.0, 0.0, 1.0],
                [-0.256462, 0.107324, 0.960578, 0.0, 0.197374, 0.97869, -0.056651, 0.3, -0.946188, 0.175065, -0.272179, -0.0, 0.0, 0.0, 0.0, 1.0],
                [-0.221778, 0.087996, 0.971119, 0.0, 0.179781, 0.982536, -0.047973, 0.300001, -0.95838, 0.16395, -0.233725, 0.0, 0.0, 0.0, 0.0, 1.0],
                [0.106328, -0.061539, 0.992425, 0.0, 0.04003, 0.997539, 0.057567, 0.3, -0.993525, 0.033606, 0.10853, -0.0, 0.0, 0.0, 0.0, 1.0],
                [0.160183, -0.080918, 0.983765, -0.0, 0.021228, 0.996686, 0.078525, 0.3, -0.986859, 0.008305, 0.16137, -0.0, 0.0, 0.0, 0.0, 1.0],
                [0.184744, -0.089292, 0.978722, 0.0, 0.013026, 0.995999, 0.08841, 0.3, -0.9827, -0.003585, 0.185168, 0.0, 0.0, 0.0, 0.0, 1.0],
                [0.184744, -0.089292, 0.978722, -0.0, 0.013026, 0.995999, 0.08841, 0.3, -0.9827, -0.003585, 0.185168, -0.0, 0.0, 0.0, 0.0, 1.0],
                [0.184744, -0.089292, 0.978722, -0.0, 0.013026, 0.995999, 0.08841, 0.299999, -0.9827, -0.003585, 0.185168, -0.0, 0.0, 0.0, 0.0, 1.0],
                [0.184744, -0.089292, 0.978722, -0.0, 0.013026, 0.995999, 0.08841, 0.3, -0.9827, -0.003585, 0.185168, 0.0, 0.0, 0.0, 0.0, 1.0]
            ]
        },
        {
            "name": "Tool_R",
            "time": [0.0, 0.1333, 0.2333, 0.3, 0.3333, 0.3667, 0.4667, 0.5333, 0.6333, 0.6667, 0.7333, 0.9333, 1.2333, 1.6],
            "transform": [
                [0.310318, 0.069429, -0.948094, -0.0, 0.441686, -0.893674, 0.079123, 0.272858, -0.841794, -0.443313, -0.307989, 0.0, 0.0, 0.0, 0.0, 1.0],
                [0.310318, 0.069429, -0.948094, -0.0, 0.441686, -0.893674, 0.079123, 0.272858, -0.841794, -0.443313, -0.307989, -0.0, 0.0, 0.0, 0.0, 1.0],
                [0.310318, 0.069429, -0.948095, -0.0, 0.441686, -0.893674, 0.079123, 0.272858, -0.841794, -0.443313, -0.307989, 0.0, 0.0, 0.0, 0.0, 1.0],
                [0.310318, 0.069429, -0.948094, -0.0, 0.441686, -0.893674, 0.079123, 0.272858, -0.841794, -0.443313, -0.307989, 0.0, 0.0, 0.0, 0.0, 1.0],
                [0.310318, 0.069429, -0.948094, -0.0, 0.441686, -0.893674, 0.079123, 0.272858, -0.841794, -0.443313, -0.307989, 0.0, 0.0, 0.0, 0.0, 1.0],
                [0.310318, 0.069429, -0.948094, 0.0, 0.441686, -0.893674, 0.079123, 0.272858, -0.841794, -0.443313, -0.307989, -0.0, 0.0, 0.0, 0.0, 1.0],
                [0.310318, 0.069429, -0.948094, -0.0, 0.441686, -0.893674, 0.079123, 0.272858, -0.841794, -0.443313, -0.307989, -0.0, 0.0, 0.0, 0.0, 1.0],
                [0.229369, 0.16431, -0.959371, -0.0, 0.478258, -0.877484, -0.035942, 0.272858, -0.847738, -0.450583, -0.27985, 0.0, 0.0, 0.0, 0.0, 1.0],
                [-0.556248, 0.749424, -0.359097, 0.0, 0.297722, -0.223718, -0.928069, 0.272858, -0.775854, -0.623148, -0.098677, 0.0, 0.0, 0.0, 0.0, 1.0],
                [-0.63386, 0.748843, -0.193535, 0.0, 0.193662, -0.08859, -0.977061, 0.272858, -0.74881, -0.6568, -0.088869, -0.0, 0.0, 0.0, 0.0, 1.0],
                [-0.663618, 0.738114, -0.121656, -0.0, 0.140809, -0.03647, -0.989365, 0.272858, -0.734701, -0.67369, -0.07973, -0.0, 0.0, 0.0, 0.0, 1.0],
                [-0.663618, 0.738114, -0.121656, -0.0, 0.140809, -0.03647, -0.989366, 0.272858, -0.734701, -0.67369, -0.07973, -0.0, 0.0, 0.0, 0.0, 1.0],
                [-0.663618, 0.738114, -0.121656, 0.0, 0.140809, -0.03647, -0.989365, 0.272858, -0.734701, -0.67369, -0.07973, 0.0, 0.0, 0.0, 0.0, 1.0],
                [-0.663618, 0.738114, -0.121656, 0.0, 0.140809, -0.03647, -0.989365, 0.272858, -0.734701, -0.67369, -0.07973, 0.0, 0.0, 0.0, 0.0, 1.0]
            ]
        },
        {
            "name": "Elbow_R",
            "time": [0.0, 0.1333, 0.2333, 0.3, 0.3333, 0.3667, 0.4667, 0.5333, 0.6333, 0.6667, 0.7333, 0.9333, 1.2333, 1.6],
            "transform": [
                [-1.0, 0.0, -0.0, 0.0, 0.0, 0.0, -1.0, 0.42341, -0.0, -1.0, -0.0, 0.0, 0.0, 0.0, 0.0, 1.0],
                [-1.0, 0.0, -0.0, -0.0, 0.0, 0.0, -1.0, 0.42341, -0.0, -1.0, -0.0, -0.0, 0.0, 0.0, 0.0, 1.0],
                [-1.0, 0.0, -0.0, -0.0, 0.0, 0.0, -1.0, 0.42341, -0.0, -1.0, -0.0, 0.0, 0.0, 0.0, 0.0, 1.0],
                [-1.0, 0.0, -0.0, -0.0, -0.0, 0.0, -1.0, 0.42341, -0.0, -1.0, 0.0, -0.0, 0.0, 0.0, 0.0, 1.0],
                [-1.0, 0.0, -0.0, -0.0, -0.0, 0.0, -1.0, 0.42341, -0.0, -1.0, 0.0, -0.0, 0.0, 0.0, 0.0, 1.0],
                [-1.0, 0.0, -0.0, 0.0, 0.0, 0.0, -1.0, 0.42341, -0.0, -1.0, 0.0, 0.0, 0.0, 0.0, 0.0, 1.0],
                [-1.0, 0.0, -0.0, 0.0, 0.0, -0.0, -1.0, 0.42341, -0.0, -1.0, -0.0, -0.0, 0.0, 0.0, 0.0, 1.0],
                [-1.0, 0.0, -0.0, 0.0, 0.0, 0.0, -1.0, 0.42341, -0.0, -1.0, -0.0, 0.0, 0.0, 0.0, 0.0, 1.0],
                [-1.0, 0.0, -0.0, 0.0, 0.0, 0.0, -1.0, 0.42341, -0.0, -1.0, -0.0, 0.0, 0.0, 0.0, 0.0, 1.0],
                [-1.0, 0.0, -0.0, -0.0, -0.0, -0.0, -1.0, 0.42341, -0.0, -1.0, -0.0, -0.0, 0.0, 0.0, 0.0, 1.0],
                [-1.0, 0.0, -0.0, 0.0, 0.0, 0.0, -1.0, 0.42341, -0.0, -1.0, -0.0, 0.0, 0.0, 0.0, 0.0, 1.0],
                [-1.0, 0.0, -0.0, -0.0, 0.0, 0.0, -1.0, 0.42341, -0.0, -1.0, 0.0, -0.0, 0.0, 0.0, 0.0, 1.0],
                [-1.0, 0.0, -0.0, -0.0, 0.0, 0.0, -1.0, 0.423409, -0.0, -1.0, -0.0, -0.0, 0.0, 0.0, 0.0, 1.0],
                [-1.0, 0.0, -0.0, -0.0, 0.0, 0.0, -1.0, 0.42341, -0.0, -1.0, 0.0, 0.0, 0.0, 0.0, 0.0, 1.0]
            ]
        },
        {
            "name": "Shoulder_L",
            "time": [0.0, 0.1333, 0.2333, 0.3, 0.3333, 0.3667, 0.4667, 0.5333, 0.6333, 0.6667, 0.7333, 0.9333, 1.2333, 1.6],
            "transform": [
                [0.427548, -0.897447, 0.108594, -0.0, -0.146482, 0.049762, 0.987961, 0.4, -0.892046, -0.438307, -0.110184, -0.0, 0.0, 0.0, 0.0, 1.0],
                [0.427548, -0.897446, 0.108594, 0.0, -0.146482, 0.049762, 0.987961, 0.4, -0.892046, -0.438307, -0.110184, 0.0, 0.0, 0.0, 0.0, 1.0],
                [0.421059, -0.641545, -0.641194, 0.0, -0.567779, -0.737707, 0.365262, 0.4, -0.707345, 0.210259, -0.674873, -0.0, 0.0, 0.0, 0.0, 1.0],
                [0.164409, -0.794153, -0.585056, -0.0, -0.849858, -0.415128, 0.32467, 0.4, -0.500711, 0.443836, -0.743168, -0.0, 0.0, 0.0, 0.0, 1.0],
                [0.164409, -0.794153, -0.585056, -0.0, -0.849858, -0.415128, 0.32467, 0.4, -0.500711, 0.443836, -0.743168, -0.0, 0.0, 0.0, 0.0, 1.0],
                [0.135506, -0.810577, -0.569739, -0.0, -0.866235, -0.376044, 0.32898, 0.4, -0.480911, 0.448949, -0.753106, 0.0, 0.0, 0.0, 0.0, 1.0],
                [0.112777, -0.826776, -0.55111, 0.0, -0.888837, -0.331861, 0.31597, 0.4, -0.444129, 0.454213, -0.772295, 0.0, 0.0, 0.0, 0.0, 1.0],
                [0.137439, -0.826515, -0.545879, 0.0, -0.902392, -0.331717, 0.275052, 0.4, -0.408412, 0.454794, -0.79143, 0.0, 0.0, 0.0, 0.0, 1.0],
                [0.461306, -0.870613, 0.170967, -0.0, -0.872853, -0.410757, 0.263451, 0.399999, -0.159138, -0.270761, -0.949402, 0.0, 0.0, 0.0, 0.0, 1.0],
                [0.440476, -0.741704, 0.505822, 0.0, -0.89642, -0.332538, 0.293002, 0.4, -0.049117, -0.582489, -0.811353, -0.0, 0.0, 0.0, 0.0, 1.0],
                [0.226792, -0.344811, 0.910862, -0.0, -0.971243, -0.14966, 0.185172, 0.4, 0.07247, -0.926665, -0.368837, -0.0, 0.0, 0.0, 0.0, 1.0],
                [-0.121248, -0.197544, 0.972767, 0.0, -0.965869, -0.202512, -0.161514, 0.4, 0.228903, -0.959148, -0.166247, 0.0, 0.0, 0.0, 0.0, 1.0],
                [-0.096969, -0.259981, 0.960732, -0.0, -0.970343, -0.19006, -0.149371, 0.4, 0.22143, -0.946724, -0.233841, -0.0, 0.0, 0.0, 0.0, 1.0],
                [0.426517, -0.795185, 0.431005, 0.0, -0.903619, -0.353835, 0.2414, 0.4, -0.039453, -0.492425, -0.86946, -0.0, 0.0, 0.0, 0.0, 1.0]
            ]
        },
        {
            "name": "Arm_L",
            "time": [0.0, 0.1333, 0.2333, 0.3, 0.3333, 0.3667, 0.4667, 0.5333, 0.6333, 0.6667, 0.7333, 0.9333, 1.2333, 1.6],
            "transform": [
                [0.833401, 0.213803, 0.509638, 0.0, -0.412817, 0.853932, 0.316831, 0.39386, -0.367457, -0.474434, 0.79993, 0.0, 0.0, 0.0, 0.0, 1.0],
                [0.815233, 0.071713, 0.574676, -0.0, 0.091046, 0.964094, -0.249466, 0.39386, -0.571932, 0.255694, 0.779432, -0.0, 0.0, 0.0, 0.0, 1.0],
                [0.900576, -0.396361, 0.178495, -0.0, 0.242467, 0.798832, 0.550525, 0.39386, -0.360794, -0.452511, 0.815513, 0.0, 0.0, 0.0, 0.0, 1.0],
                [0.900576, -0.396361, 0.178495, 0.0, 0.242467, 0.798832, 0.550525, 0.39386, -0.360794, -0.452511, 0.815513, 0.0, 0.0, 0.0, 0.0, 1.0],
                [0.900576, -0.396361, 0.178495, 0.0, 0.242467, 0.798832, 0.550525, 0.39386, -0.360794, -0.452511, 0.815513, 0.0, 0.0, 0.0, 0.0, 1.0],
                [0.900576, -0.396361, 0.178495, 0.0, 0.242467, 0.798831, 0.550525, 0.39386, -0.360794, -0.452511, 0.815513, -0.0, 0.0, 0.0, 0.0, 1.0],
                [0.900576, -0.396361, 0.178495, 0.0, 0.242467, 0.798832, 0.550525, 0.39386, -0.360794, -0.452511, 0.815513, 0.0, 0.0, 0.0, 0.0, 1.0],
                [0.873917, -0.404947, 0.268862, 0.0, 0.221659, 0.824275, 0.520996, 0.393861, -0.432592, -0.395712, 0.810109, -0.0, 0.0, 0.0, 0.0, 1.0],
                [0.352452, -0.211515, 0.911614, -0.0, 0.18449, 0.97071, 0.153899, 0.39386, -0.917465, 0.113941, 0.381151, -0.0, 0.0, 0.0, 0.0, 1.0],
                [0.24464, -0.144012, 0.95886, -0.0, 0.204963, 0.974243, 0.094029, 0.393861, -0.947703, 0.173528, 0.267856, 0.0, 0.0, 0.0, 0.0, 1.0],
                [0.195812, -0.111519, 0.97428, 1e-06, 0.216201, 0.973976, 0.068032, 0.393861, -0.956512, 0.197319, 0.214827, 0.0, 0.0, 0.0, 0.0, 1.0],
                [0.195812, -0.111519, 0.97428, -0.0, 0.216201, 0.973976, 0.068032, 0.39386, -0.956512, 0.197319, 0.214827, 0.0, 0.0, 0.0, 0.0, 1.0],
                [0.158827, -0.08031, 0.984035, -0.0, 0.198008, 0.979027, 0.047942, 0.393861, -0.967247, 0.187233, 0.171398, 0.0, 0.0, 0.0, 0.0, 1.0],
                [-0.461504, 0.311899, 0.830502, -0.0, 0.033182, 0.941572, -0.335173, 0.39386, -0.886517, -0.127125, -0.444889, -0.0, 0.0, 0.0, 0.0, 1.0]
            ]
        },
        {
            "name": "Hand_L",
            "time": [0.0, 0.1333, 0.2333, 0.3, 0.3333, 0.3667, 0.4667, 0.5333, 0.6333, 0.6667, 0.7333, 0.9333, 1.2333, 1.6],
            "transform": [
                [0.948795, 0.241413, 0.203734, -0.0, -0.109304, 0.856004, -0.505282, 0.3, -0.296379, 0.45714, 0.83856, 0.0, 0.0, 0.0, 0.0, 1.0],
                [0.948795, 0.241413, 0.203734, -0.0, -0.109304, 0.856004, -0.505282, 0.3, -0.296379, 0.45714, 0.83856, 0.0, 0.0, 0.0, 0.0, 1.0],
                [0.948795, 0.241413, 0.203734, -0.0, -0.109304, 0.856004, -0.505282, 0.3, -0.296379, 0.45714, 0.83856, -0.0, 0.0, 0.0, 0.0, 1.0],
                [0.948795, 0.241413, 0.203734, -0.0, -0.109304, 0.856004, -0.505282, 0.3, -0.296379, 0.45714, 0.83856, 0.0, 0.0, 0.0, 0.0, 1.0],
                [0.948795, 0.241413, 0.203734, -0.0, -0.109304, 0.856004, -0.505282, 0.3, -0.296379, 0.45714, 0.83856, 0.0, 0.0, 0.0, 0.0, 1.0],
                [0.948795, 0.241413, 0.203734, 0.0, -0.109304, 0.856004, -0.505282, 0.3, -0.296379, 0.45714, 0.83856, -0.0, 0.0, 0.0, 0.0, 1.0],
                [0.948795, 0.241413, 0.203734, 0.0, -0.109304, 0.856004, -0.505282, 0.3, -0.296379, 0.45714, 0.83856, 0.0, 0.0, 0.0, 0.0, 1.0],
                [0.974069, 0.158428, 0.161523, -0.0, -0.044432, 0.833962, -0.550031, 0.3, -0.221845, 0.528591, 0.819376, 0.0, 0.0, 0.0, 0.0, 1.0],
                [0.737816, -0.674696, 0.020304, 0.0, 0.275987, 0.274082, -0.921255, 0.3, 0.616002, 0.685321, 0.388429, -0.0, 0.0, 0.0, 0.0, 1.0],
                [0.646685, -0.761144, 0.049588, 0.0, 0.263345, 0.161785, -0.951039, 0.3, 0.715855, 0.628081, 0.305067, -0.0, 0.0, 0.0, 0.0, 1.0],
                [0.590234, -0.804843, 0.062065, 0.0, 0.251307, 0.110142, -0.96162, 0.3, 0.767117, 0.583178, 0.267273, 0.0, 0.0, 0.0, 0.0, 1.0],
