{
    "animation": [
        {
            "name": "Root",
            "time": [0.0, 0.2, 0.3667, 0.4333, 0.5, 0.5667, 0.7667, 1.3, 1.5333],
            "transform": [
                [-0.211795, -0.461841, -0.861305, -5e-06, -0.966596, -0.031175, 0.254402, 0.000946, -0.144344, 0.886415, -0.439811, 0.503533, 0.0, 0.0, 0.0, 1.0],
                [-0.766554, -0.381233, -0.516775, -0.371009, -0.625747, 0.262546, 0.734514, 0.551452, -0.144344, 0.886415, -0.439811, 0.455142, 0.0, 0.0, 0.0, 1.0],
                [-0.299794, 0.384402, 0.873132, -0.232286, 0.943021, 0.257884, 0.210256, 1.093796, -0.144344, 0.886415, -0.439811, 0.430946, 0.0, 0.0, 0.0, 1.0],
                [0.637631, 0.423205, 0.64368, -0.048396, 0.766567, -0.265968, -0.584496, 1.166384, -0.076163, 0.866117, -0.494005, 0.366423, 0.0, 0.0, 0.0, 1.0],
                [0.989043, 0.147309, -0.009686, -0.018367, 0.060007, -0.461106, -0.885314, 1.497189, -0.134881, 0.875032, -0.464894, 0.374884, 0.0, 0.0, 0.0, 1.0],
                [0.543444, -0.259378, -0.798368, -0.010953, -0.823202, -0.350857, -0.44636, 2.111944, -0.164337, 0.89979, -0.404192, 0.398104, 0.0, 0.0, 0.0, 1.0],
                [-0.981379, -0.183809, 0.055762, 2.488207, -0.031552, 0.440625, 0.897137, 1.684716, -0.189472, 0.878672, -0.43822, 0.463761, 0.0, 0.0, 0.0, 1.0],
                [-0.981379, -0.183809, 0.055762, 2.488207, -0.031552, 0.440625, 0.897137, 1.684716, -0.189472, 0.878672, -0.43822, 0.463761, 0.0, 0.0, 0.0, 1.0],
                [-0.70143, -0.433435, -0.565801, 2.488207, -0.687093, 0.200177, 0.69845, 1.684716, -0.189472, 0.878672, -0.43822, 0.463761, 0.0, 0.0, 0.0, 1.0]
            ]
        },
        {
            "name": "Thigh_R",
            "time": [0.0, 0.2, 0.3667, 0.4333, 0.5, 0.5667, 0.7667, 1.3, 1.5333],
            "transform": [
                [0.765274, 0.638679, 0.080267, 0.124994, 0.460637, -0.630458, 0.624767, -0.002831, 0.449631, -0.441144, -0.776674, -1.2e-05, 0.0, 0.0, 0.0, 1.0],
                [0.765274, 0.638679, 0.080267, 0.124994, 0.460637, -0.630458, 0.624767, -0.002831, 0.449631, -0.441144, -0.776674, -1.2e-05, 0.0, 0.0, 0.0, 1.0],
                [0.765274, 0.638679, 0.080267, 0.124994, 0.460637, -0.630458, 0.624767, -0.002831, 0.449631, -0.441144, -0.776674, -1.2e-05, 0.0, 0.0, 0.0, 1.0],
                [0.911457, 0.407593, -0.055785, 0.124994, 0.360075, -0.724802, 0.587371, -0.002831, 0.198976, -0.55545, -0.807393, -1.2e-05, 0.0, 0.0, 0.0, 1.0],
                [0.890606, -0.27858, 0.359461, 0.124994, -0.356978, -0.917941, 0.173051, -0.002831, 0.281756, -0.28244, -0.916973, -1.2e-05, 0.0, 0.0, 0.0, 1.0],
                [0.539141, -0.738889, 0.404187, 0.124994, -0.643635, -0.670993, -0.368102, -0.002831, 0.543195, -0.06169, -0.837337, -1.2e-05, 0.0, 0.0, 0.0, 1.0],
                [0.911457, 0.407593, -0.055785, 0.124994, 0.360074, -0.724802, 0.587371, -0.002831, 0.198976, -0.55545, -0.807393, -1.2e-05, 0.0, 0.0, 0.0, 1.0],
                [0.911457, 0.407593, -0.055785, 0.124994, 0.360074, -0.724802, 0.587371, -0.002831, 0.198976, -0.55545, -0.807393, -1.2e-05, 0.0, 0.0, 0.0, 1.0],
                [0.557446, 0.810006, 0.182047, 0.124994, 0.510878, -0.507524, 0.693845, -0.002831, 0.654413, -0.293777, -0.696733, -1.2e-05, 0.0, 0.0, 0.0, 1.0]
            ]
        },
        {
            "name": "Leg_R",
            "time": [0.0, 0.2, 0.3667, 0.4333, 0.5, 0.5667, 0.7667, 1.3, 1.5333],
            "transform": [
                [0.832457, 0.553969, -0.011628, -0.0, -0.454952, 0.695342, 0.556344, 0.37472, 0.316282, -0.457842, 0.83087, 0.0, 0.0, 0.0, 0.0, 1.0],
                [0.832457, 0.553969, -0.011628, 0.0, -0.454952, 0.695342, 0.556343, 0.37472, 0.316282, -0.457842, 0.83087, -0.0, 0.0, 0.0, 0.0, 1.0],
                [0.832457, 0.553969, -0.011628, -0.0, -0.454952, 0.695342, 0.556344, 0.37472, 0.316283, -0.457842, 0.83087, 0.0, 0.0, 0.0, 0.0, 1.0],
                [0.832457, 0.553969, -0.011628, 0.0, -0.454952, 0.695342, 0.556344, 0.37472, 0.316282, -0.457842, 0.83087, 0.0, 0.0, 0.0, 0.0, 1.0],
                [0.893165, 0.326609, -0.309164, 0.0, -0.229866, 0.922405, 0.310374, 0.37472, 0.386545, -0.206149, 0.898935, 0.0, 0.0, 0.0, 0.0, 1.0],
                [0.861739, 0.004663, -0.507331, 0.0, -0.02057, 0.999457, -0.025752, 0.37472, 0.506935, 0.032628, 0.861366, 0.0, 0.0, 0.0, 0.0, 1.0],
                [0.999782, 0.016026, 0.013381, -0.0, -0.020545, 0.869106, 0.4942, 0.37472, -0.003709, -0.494368, 0.869244, 0.0, 0.0, 0.0, 0.0, 1.0],
                [0.999782, 0.016026, 0.013381, -0.0, -0.020545, 0.869106, 0.4942, 0.37472, -0.003709, -0.494368, 0.869244, 0.0, 0.0, 0.0, 0.0, 1.0],
                [0.999782, 0.016026, 0.013381, -0.0, -0.020545, 0.869106, 0.4942, 0.37472, -0.003709, -0.494368, 0.869244, 0.0, 0.0, 0.0, 0.0, 1.0]
            ]
        },
        {
            "name": "Knee_R",
            "time": [0.0, 0.2, 0.3667, 0.4333, 0.5, 0.5667, 0.7667, 1.3, 1.5333],
            "transform": [
                [1.0, 0.0, -0.0, -0.0, -0.0, 0.0, -1.0, 0.37472, -0.0, 1.0, 0.0, 0.0, 0.0, 0.0, 0.0, 1.0],
                [1.0, 0.0, -0.0, 0.0, -0.0, 0.0, -1.0, 0.37472, -0.0, 1.0, 0.0, -0.0, 0.0, 0.0, 0.0, 1.0],
                [1.0, 0.0, -1e-06, -0.0, -0.0, 0.0, -1.0, 0.37472, -0.0, 1.0, 0.0, 0.0, 0.0, 0.0, 0.0, 1.0],
                [1.0, 0.0, -0.0, 0.0, -0.0, 0.0, -1.0, 0.37472, -0.0, 1.0, 0.0, 0.0, 0.0, 0.0, 0.0, 1.0],
                [1.0, 0.0, -0.0, 0.0, -1e-06, 0.0, -1.0, 0.37472, -0.0, 1.0, 0.0, 0.0, 0.0, 0.0, 0.0, 1.0],
                [1.0, 0.0, -0.0, 0.0, -0.0, 0.0, -1.0, 0.37472, -0.0, 1.0, 0.0, 0.0, 0.0, 0.0, 0.0, 1.0],
                [1.0, 0.0, -1e-06, -0.0, -0.0, 0.0, -1.0, 0.37472, -0.0, 1.0, 0.0, 0.0, 0.0, 0.0, 0.0, 1.0],
                [1.0, 0.0, -1e-06, -0.0, -0.0, 0.0, -1.0, 0.37472, -0.0, 1.0, 0.0, 0.0, 0.0, 0.0, 0.0, 1.0],
                [1.0, 0.0, -0.0, -0.0, -0.0, 0.0, -1.0, 0.37472, -0.0, 1.0, 0.0, 0.0, 0.0, 0.0, 0.0, 1.0]
            ]
        },
        {
            "name": "Thigh_L",
            "time": [0.0, 0.2, 0.3667, 0.4333, 0.5, 0.5667, 0.7667, 1.3, 1.5333],
            "transform": [
                [0.8526, -0.418591, -0.312819, -0.125006, -0.079344, -0.695379, 0.71425, -0.002831, -0.516506, -0.584149, -0.626092, -1.2e-05, 0.0, 0.0, 0.0, 1.0],
                [0.674805, -0.635828, -0.374648, -0.125006, -0.203934, -0.648546, 0.733348, -0.002831, -0.70926, -0.418463, -0.567309, -1.2e-05, 0.0, 0.0, 0.0, 1.0],
                [0.005222, -0.90087, -0.434057, -0.125006, -0.412939, -0.397268, 0.819548, -0.002831, -0.910744, 0.174959, -0.374079, -1.2e-05, 0.0, 0.0, 0.0, 1.0],
                [0.005222, -0.90087, -0.434057, -0.125006, -0.412939, -0.397268, 0.819548, -0.002831, -0.910744, 0.174959, -0.374079, -1.2e-05, 0.0, 0.0, 0.0, 1.0],
                [0.007792, -0.89655, -0.442873, -0.125006, -0.425053, -0.403854, 0.810081, -0.002831, -0.905135, 0.181933, -0.384228, -1.2e-05, 0.0, 0.0, 0.0, 1.0],
                [0.013509, -0.887388, -0.460825, -0.125006, -0.449732, -0.417012, 0.789836, -0.002831, -0.893061, 0.196578, -0.404721, -1.2e-05, 0.0, 0.0, 0.0, 1.0],
                [0.034328, -0.857492, -0.513351, -0.125006, -0.522055, -0.45339, 0.722424, -0.002831, -0.852221, 0.243198, -0.463222, -1.2e-05, 0.0, 0.0, 0.0, 1.0],
                [0.034774, -0.856894, -0.514319, -0.125006, -0.523389, -0.454027, 0.721056, -0.002831, -0.851384, 0.244115, -0.464278, -1.2e-05, 0.0, 0.0, 0.0, 1.0],
                [0.034774, -0.856894, -0.514319, -0.125006, -0.523389, -0.454027, 0.721056, -0.002831, -0.851384, 0.244115, -0.464278, -1.2e-05, 0.0, 0.0, 0.0, 1.0]
            ]
        },
        {
            "name": "Leg_L",
            "time": [0.0, 0.2, 0.3667, 0.4333, 0.5, 0.5667, 0.7667, 1.3, 1.5333],
            "transform": [
                [0.999767, -0.012251, -0.017807, 0.0, 0.016296, -0.11396, 0.993352, 0.37472, -0.014199, -0.993409, -0.113734, 0.0, 0.0, 0.0, 0.0, 1.0],
                [0.997436, -0.067759, 0.02302, -0.0, -0.015368, 0.111368, 0.993661, 0.37472, -0.069893, -0.991466, 0.110042, -0.0, 0.0, 0.0, 0.0, 1.0],
                [0.973047, -0.154913, 0.170827, 0.0, -0.033664, 0.637413, 0.769787, 0.37472, -0.228137, -0.754789, 0.615018, 0.0, 0.0, 0.0, 0.0, 1.0],
                [0.528412, -0.790581, 0.309454, -0.0, -0.001455, 0.363653, 0.931534, 0.37472, -0.848987, -0.492684, 0.191008, 0.0, 0.0, 0.0, 0.0, 1.0],
                [0.634262, -0.727917, 0.260478, -0.0, 0.004778, 0.340603, 0.940196, 0.37472, -0.773104, -0.595085, 0.21951, -0.0, 0.0, 0.0, 0.0, 1.0],
                [0.810813, -0.560451, 0.168753, 0.0, 0.047261, 0.350064, 0.935533, 0.37472, -0.583395, -0.750566, 0.310324, 0.0, 0.0, 0.0, 0.0, 1.0],
                [0.971919, 0.108812, -0.20865, 0.0, 0.1403, 0.443892, 0.885029, 0.37472, 0.188919, -0.889449, 0.416161, -0.0, 0.0, 0.0, 0.0, 1.0],
                [0.968898, 0.121087, -0.215814, 0.0, 0.141066, 0.446274, 0.883708, 0.37472, 0.203317, -0.886667, 0.415313, 0.0, 0.0, 0.0, 0.0, 1.0],
                [0.968898, 0.121087, -0.215814, 0.0, 0.141066, 0.446274, 0.883708, 0.37472, 0.203317, -0.886666, 0.415313, 0.0, 0.0, 0.0, 0.0, 1.0]
            ]
        },
        {
            "name": "Knee_L",
            "time": [0.0, 0.2, 0.3667, 0.4333, 0.5, 0.5667, 0.7667, 1.3, 1.5333],
            "transform": [
                [1.0, 0.0, -0.0, 0.0, -0.0, 0.0, -1.0, 0.398608, -0.0, 1.0, 0.0, 0.0, 0.0, 0.0, 0.0, 1.0],
                [1.0, 0.0, -0.0, -0.0, -0.0, 0.0, -1.0, 0.398608, -0.0, 1.0, 0.0, 0.0, 0.0, 0.0, 0.0, 1.0],
                [1.0, 0.0, -0.0, 0.0, -0.0, 0.0, -1.0, 0.398608, -0.0, 1.0, 0.0, -0.0, 0.0, 0.0, 0.0, 1.0],
                [1.0, 0.0, -0.0, -0.0, -0.0, 0.0, -1.0, 0.398608, -0.0, 1.0, 0.0, -0.0, 0.0, 0.0, 0.0, 1.0],
                [1.0, 0.0, -0.0, -0.0, -0.0, 0.0, -1.0, 0.398608, -0.0, 1.0, 0.0, -0.0, 0.0, 0.0, 0.0, 1.0],
                [1.0, 0.0, -0.0, 0.0, -0.0, 0.0, -1.0, 0.398608, -0.0, 1.0, 0.0, 0.0, 0.0, 0.0, 0.0, 1.0],
                [1.0, 0.0, -0.0, 0.0, -0.0, 0.0, -1.0, 0.398608, -0.0, 1.0, 0.0, -0.0, 0.0, 0.0, 0.0, 1.0],
                [1.0, 0.0, -0.0, -0.0, -0.0, 0.0, -1.0, 0.398607, -0.0, 1.0, 0.0, 0.0, 0.0, 0.0, 0.0, 1.0],
                [1.0, 0.0, -0.0, 0.0, -0.0, 0.0, -1.0, 0.398608, -0.0, 1.0, 0.0, 0.0, 0.0, 0.0, 0.0, 1.0]
            ]
        },
        {
            "name": "Torso",
            "time": [0.0, 0.2, 0.3667, 0.4333, 0.5, 0.5667, 0.7667, 1.3, 1.5333],
            "transform": [
                [0.948119, 0.117842, 0.295268, 0.0, -0.312036, 0.522734, 0.793337, 0.05, -0.060858, -0.844312, 0.532385, -0.0, 0.0, 0.0, 0.0, 1.0],
                [0.948119, 0.117842, 0.295268, 0.0, -0.312036, 0.522734, 0.793337, 0.05, -0.060858, -0.844312, 0.532385, -0.0, 0.0, 0.0, 0.0, 1.0],
                [0.948119, 0.117842, 0.295268, 0.0, -0.312036, 0.522734, 0.793337, 0.05, -0.060858, -0.844312, 0.532385, 0.0, 0.0, 0.0, 0.0, 1.0],
                [0.948119, 0.117842, 0.295268, 0.0, -0.312036, 0.522734, 0.793337, 0.05, -0.060858, -0.844312, 0.532385, 0.0, 0.0, 0.0, 0.0, 1.0],
                [0.970414, 0.080879, 0.227498, 0.0, -0.233489, 0.55427, 0.798917, 0.05, -0.06148, -0.828399, 0.556755, 0.0, 0.0, 0.0, 0.0, 1.0],
                [0.996432, -0.004722, 0.084269, -0.0, -0.063982, 0.608892, 0.790668, 0.05, -0.055044, -0.793239, 0.606417, 0.0, 0.0, 0.0, 0.0, 1.0],
                [0.897526, -0.30586, -0.317643, 0.0, 0.440185, 0.664176, 0.604241, 0.05, 0.026158, -0.682143, 0.730751, -0.0, 0.0, 0.0, 0.0, 1.0],
                [0.88177, -0.334832, -0.332218, 0.0, 0.471201, 0.657022, 0.588466, 0.05, 0.021237, -0.675433, 0.737115, -0.0, 0.0, 0.0, 0.0, 1.0],
                [0.83405, -0.485668, 0.261701, -0.0, 0.192461, 0.700706, 0.687001, 0.05, -0.51703, -0.522626, 0.677896, 0.0, 0.0, 0.0, 0.0, 1.0]
            ]
        },
        {
            "name": "Chest",
            "time": [0.0, 0.2, 0.3667, 0.4333, 0.5, 0.5667, 0.7667, 1.3, 1.5333],
            "transform": [
                [0.937291, -0.23331, 0.258945, -0.0, 0.157891, 0.946536, 0.281318, 0.3, -0.310735, -0.222792, 0.924017, -0.0, 0.0, 0.0, 0.0, 1.0],
                [0.937291, -0.23331, 0.258945, 0.0, 0.157891, 0.946536, 0.281318, 0.3, -0.310735, -0.222791, 0.924017, -0.0, 0.0, 0.0, 0.0, 1.0],
                [0.937291, -0.23331, 0.258945, -0.0, 0.157891, 0.946536, 0.281318, 0.3, -0.310735, -0.222791, 0.924017, 0.0, 0.0, 0.0, 0.0, 1.0],
                [0.937291, -0.23331, 0.258945, 0.0, 0.157891, 0.946536, 0.281318, 0.3, -0.310735, -0.222791, 0.924017, 0.0, 0.0, 0.0, 0.0, 1.0],
                [0.948356, -0.217255, 0.23113, 0.0, 0.146765, 0.946479, 0.287466, 0.3, -0.281214, -0.238698, 0.929485, 0.0, 0.0, 0.0, 0.0, 1.0],
                [0.967832, -0.182431, 0.173265, -0.0, 0.124304, 0.94545, 0.301118, 0.3, -0.218746, -0.269894, 0.937714, 0.0, 0.0, 0.0, 0.0, 1.0],
                [0.997912, -0.064512, -0.003099, -0.0, 0.061518, 0.934785, 0.349845, 0.3, -0.019672, -0.349306, 0.936802, 0.0, 0.0, 0.0, 0.0, 1.0],
                [0.986079, -0.165284, -0.018176, 0.0, 0.164548, 0.954225, 0.249755, 0.3, -0.023937, -0.249269, 0.968138, 0.0, 0.0, 0.0, 0.0, 1.0],
                [0.919348, -0.28247, 0.273881, 0.0, 0.207078, 0.93928, 0.273629, 0.3, -0.334542, -0.194845, 0.922018, -0.0, 0.0, 0.0, 0.0, 1.0]
            ]
        },
        {
            "name": "Head",
            "time": [0.0, 0.2, 0.3667, 0.4333, 0.5, 0.5667, 0.7667, 1.3, 1.5333],
            "transform": [
                [0.964993, -0.260941, 0.026417, -0.0, 0.262087, 0.955576, -0.134849, 0.4, 0.009944, 0.137052, 0.990514, -0.0, 0.0, 0.0, 0.0, 1.0],
                [0.976728, -0.171797, -0.128406, -0.0, 0.186492, 0.975958, 0.112808, 0.4, 0.105939, -0.13413, 0.985285, -0.0, 0.0, 0.0, 0.0, 1.0],
                [0.928557, -0.093491, -0.359225, 0.0, -0.00132, 0.966924, -0.255062, 0.4, 0.371189, 0.237314, 0.89772, -0.0, 0.0, 0.0, 0.0, 1.0],
                [0.928556, -0.093491, -0.359225, -0.0, -0.00132, 0.966924, -0.255062, 0.4, 0.371189, 0.237314, 0.89772, -0.0, 0.0, 0.0, 0.0, 1.0],
                [0.928557, -0.093491, -0.359225, 0.0, -0.00132, 0.966924, -0.255062, 0.4, 0.371189, 0.237314, 0.89772, 0.0, 0.0, 0.0, 0.0, 1.0],
                [0.928556, -0.093491, -0.359225, -0.0, -0.00132, 0.966924, -0.255062, 0.4, 0.371189, 0.237314, 0.89772, -0.0, 0.0, 0.0, 0.0, 1.0],
                [0.928556, -0.093491, -0.359225, 0.0, -0.00132, 0.966924, -0.255062, 0.4, 0.371189, 0.237314, 0.89772, 0.0, 0.0, 0.0, 0.0, 1.0],
                [0.928556, -0.093491, -0.359225, 0.0, -0.00132, 0.966924, -0.255062, 0.4, 0.371189, 0.237314, 0.89772, -0.0, 0.0, 0.0, 0.0, 1.0],
                [0.928556, -0.093491, -0.359225, -0.0, -0.00132, 0.966924, -0.255062, 0.4, 0.371189, 0.237314, 0.89772, 0.0, 0.0, 0.0, 0.0, 1.0]
            ]
        },
        {
            "name": "Shoulder_R",
            "time": [0.0, 0.2, 0.3667, 0.4333, 0.5, 0.5667, 0.7667, 1.3, 1.5333],
            "transform": [
                [0.35348, 0.923525, 0.148836, -0.0, 0.156258, -0.215166, 0.963995, 0.4, 0.922299, -0.317496, -0.220365, -0.0, 0.0, 0.0, 0.0, 1.0],
                [0.615109, 0.786437, 0.056195, -0.0, -0.419624, 0.266199, 0.867786, 0.4, 0.6675, -0.557364, 0.493749, -0.0, 0.0, 0.0, 0.0, 1.0],
                [0.35348, 0.923525, 0.148836, 0.0, 0.156258, -0.215166, 0.963995, 0.4, 0.922299, -0.317496, -0.220365, -0.0, 0.0, 0.0, 0.0, 1.0],
                [0.396766, 0.88388, 0.247655, -0.0, 0.022421, -0.279052, 0.960014, 0.4, 0.917646, -0.375348, -0.130536, -0.0, 0.0, 0.0, 0.0, 1.0],
                [0.203649, 0.967901, 0.147289, 0.0, -0.096037, -0.129967, 0.986856, 0.4, 0.974322, -0.215117, 0.066487, 0.0, 0.0, 0.0, 0.0, 1.0],
                [-0.084603, 0.996405, -0.004407, -0.0, -0.151975, -0.008533, 0.988347, 0.4, 0.984757, 0.084287, 0.152151, -0.0, 0.0, 0.0, 0.0, 1.0],
                [-0.431965, 0.817962, 0.379926, 0.0, 0.349922, -0.236256, 0.906498, 0.4, 0.83124, 0.52452, -0.184168, 0.0, 0.0, 0.0, 0.0, 1.0],
                [-0.485153, 0.622406, 0.614196, 0.0, 0.535751, -0.343547, 0.771328, 0.4, 0.691084, 0.703268, -0.166781, -0.0, 0.0, 0.0, 0.0, 1.0],
                [-0.485153, 0.622406, 0.614196, -0.0, 0.535751, -0.343547, 0.771328, 0.4, 0.691084, 0.703268, -0.166781, 0.0, 0.0, 0.0, 0.0, 1.0]
            ]
        },
        {
            "name": "Arm_R",
            "time": [0.0, 0.2, 0.3667, 0.4333, 0.5, 0.5667, 0.7667, 1.3, 1.5333],
            "transform": [
                [-0.2162, -0.973929, 0.068706, 0.0, 0.137419, -0.100024, -0.98545, 0.393861, 0.96663, -0.203613, 0.155462, 0.0, 0.0, 0.0, 0.0, 1.0],
                [-0.064197, -0.95531, 0.288552, 0.0, 0.076449, -0.293007, -0.953049, 0.39386, 0.995005, -0.039123, 0.091842, 0.0, 0.0, 0.0, 0.0, 1.0],
                [-0.14289, -0.860873, 0.488345, 0.0, 0.356718, -0.505041, -0.78593, 0.39386, 0.92322, 0.0619, 0.379254, 0.0, 0.0, 0.0, 0.0, 1.0],
                [0.157484, -0.983082, 0.093532, -0.0, 0.149693, -0.069855, -0.986262, 0.39386, 0.97611, 0.169322, 0.136159, -0.0, 0.0, 0.0, 0.0, 1.0],
                [0.105048, -0.989385, 0.100407, 0.0, 0.405455, -0.049582, -0.912769, 0.393861, 0.908059, 0.136595, 0.395943, -0.0, 0.0, 0.0, 0.0, 1.0],
                [0.006142, -0.995999, 0.089158, -0.0, 0.731846, -0.056281, -0.679142, 0.39386, 0.681443, 0.069422, 0.728571, -0.0, 0.0, 0.0, 0.0, 1.0],
                [0.524743, -0.236348, -0.817792, -0.0, 0.806072, 0.446801, 0.388093, 0.39386, 0.273665, -0.862849, 0.42497, 0.0, 0.0, 0.0, 0.0, 1.0],
                [0.460278, -0.068063, -0.885162, 0.0, 0.854626, 0.303885, 0.421032, 0.393861, 0.240331, -0.950274, 0.19804, -0.0, 0.0, 0.0, 0.0, 1.0],
                [0.612397, 0.467529, -0.637484, 0.0, 0.738028, -0.049089, 0.672982, 0.393861, 0.283346, -0.882614, -0.375111, -0.0, 0.0, 0.0, 0.0, 1.0]
            ]
        },
        {
            "name": "Hand_R",
            "time": [0.0, 0.2, 0.3667, 0.4333, 0.5, 0.5667, 0.7667, 1.3, 1.5333],
            "transform": [
                [-0.648757, 0.224593, -0.727099, -0.0, -0.518708, 0.568609, 0.638457, 0.3, 0.556827, 0.791355, -0.252391, -0.0, 0.0, 0.0, 0.0, 1.0],
                [0.349473, 0.140692, -0.926323, 0.0, -0.137333, 0.985676, 0.097895, 0.3, 0.926827, 0.093003, 0.363789, 0.0, 0.0, 0.0, 0.0, 1.0],
                [-0.648757, 0.224593, -0.727099, 0.0, -0.518708, 0.568609, 0.638456, 0.3, 0.556827, 0.791355, -0.252391, 0.0, 0.0, 0.0, 0.0, 1.0],
                [-0.648757, 0.224593, -0.727099, -0.0, -0.518708, 0.568609, 0.638457, 0.3, 0.556827, 0.791355, -0.252391, 0.0, 0.0, 0.0, 0.0, 1.0],
                [-0.635514, 0.138087, -0.759641, -0.0, -0.488612, 0.689866, 0.534175, 0.3, 0.597812, 0.710646, -0.370948, 0.0, 0.0, 0.0, 0.0, 1.0],
                [-0.611751, -0.005116, -0.791034, -0.0, -0.415797, 0.852777, 0.316045, 0.3, 0.672958, 0.52225, -0.523815, 0.0, 0.0, 0.0, 0.0, 1.0],
                [-0.049702, -0.013572, -0.998672, -0.0, 0.111803, 0.993548, -0.019067, 0.3, 0.992487, -0.112603, -0.047864, -0.0, 0.0, 0.0, 0.0, 1.0],
                [0.182834, -0.0837, -0.979575, -0.0, -0.138149, 0.984296, -0.109889, 0.3, 0.973389, 0.155418, 0.1684, 0.0, 0.0, 0.0, 0.0, 1.0],
                [-0.004558, -0.315669, -0.948859, 0.0, -0.650017, 0.721993, -0.237072, 0.3, 0.759906, 0.615694, -0.208481, 0.0, 0.0, 0.0, 0.0, 1.0]
            ]
        },
        {
            "name": "Tool_R",
            "time": [0.0, 0.2, 0.3667, 0.4333, 0.5, 0.5667, 0.7667, 1.3, 1.5333],
            "transform": [
                [0.310318, 0.069429, -0.948095, -0.0, 0.441686, -0.893674, 0.079123, 0.272858, -0.841794, -0.443313, -0.307989, 0.0, 0.0, 0.0, 0.0, 1.0],
                [0.310318, 0.069429, -0.948094, -0.0, 0.441686, -0.893674, 0.079123, 0.272858, -0.841794, -0.443313, -0.307989, -0.0, 0.0, 0.0, 0.0, 1.0],
                [0.310318, 0.069429, -0.948094, -0.0, 0.441686, -0.893674, 0.079123, 0.272858, -0.841794, -0.443313, -0.307989, -0.0, 0.0, 0.0, 0.0, 1.0],
                [0.310318, 0.069429, -0.948094, -0.0, 0.441686, -0.893674, 0.079123, 0.272858, -0.841794, -0.443313, -0.307989, -0.0, 0.0, 0.0, 0.0, 1.0],
                [0.310318, 0.069429, -0.948095, -0.0, 0.441686, -0.893674, 0.079123, 0.272858, -0.841794, -0.443313, -0.307989, -0.0, 0.0, 0.0, 0.0, 1.0],
                [0.310318, 0.069429, -0.948094, 0.0, 0.441686, -0.893674, 0.079123, 0.272858, -0.841794, -0.443313, -0.307989, 0.0, 0.0, 0.0, 0.0, 1.0],
                [0.218138, -0.065702, -0.973704, -0.0, -0.261454, -0.965194, 0.006555, 0.272858, -0.940244, 0.253149, -0.227724, -0.0, 0.0, 0.0, 0.0, 1.0],
                [0.218138, -0.065702, -0.973704, 0.0, -0.261454, -0.965194, 0.006555, 0.272858, -0.940244, 0.253149, -0.227724, -0.0, 0.0, 0.0, 0.0, 1.0],
                [0.218138, -0.065702, -0.973704, 0.0, -0.261454, -0.965194, 0.006555, 0.272858, -0.940244, 0.253149, -0.227724, 0.0, 0.0, 0.0, 0.0, 1.0]
            ]
        },
        {
            "name": "Elbow_R",
            "time": [0.0, 0.2, 0.3667, 0.4333, 0.5, 0.5667, 0.7667, 1.3, 1.5333],
            "transform": [
                [-1.0, 0.0, -0.0, -0.0, 0.0, -0.0, -1.0, 0.42341, -0.0, -1.0, 0.0, -0.0, 0.0, 0.0, 0.0, 1.0],
                [-1.0, 0.0, -0.0, 0.0, 0.0, -0.0, -1.0, 0.42341, -0.0, -1.0, -0.0, 0.0, 0.0, 0.0, 0.0, 1.0],
                [-1.0, 0.0, -0.0, 0.0, 0.0, 0.0, -1.0, 0.42341, -0.0, -1.0, -0.0, 0.0, 0.0, 0.0, 0.0, 1.0],
                [-1.0, 0.0, -0.0, -0.0, 0.0, -0.0, -1.0, 0.42341, -0.0, -1.0, -0.0, 0.0, 0.0, 0.0, 0.0, 1.0],
                [-1.0, 0.0, -0.0, 0.0, 0.0, 0.0, -1.0, 0.42341, -0.0, -1.0, -0.0, 0.0, 0.0, 0.0, 0.0, 1.0],
                [-1.0, 0.0, -0.0, 0.0, 0.0, 0.0, -1.0, 0.42341, -0.0, -1.0, -0.0, -0.0, 0.0, 0.0, 0.0, 1.0],
                [-1.0, 0.0, -0.0, -0.0, 0.0, 0.0, -1.0, 0.42341, -0.0, -1.0, -0.0, -0.0, 0.0, 0.0, 0.0, 1.0],
                [-1.0, 0.0, 0.0, 0.0, 0.0, 0.0, -1.0, 0.42341, -0.0, -1.0, -0.0, 0.0, 0.0, 0.0, 0.0, 1.0],
                [-1.0, 0.0, -0.0, 0.0, 0.0, 0.0, -1.0, 0.42341, -0.0, -1.0, 0.0, 0.0, 0.0, 0.0, 0.0, 1.0]
            ]
        },
        {
            "name": "Shoulder_L",
            "time": [0.0, 0.2, 0.3667, 0.4333, 0.5, 0.5667, 0.7667, 1.3, 1.5333],
            "transform": [
                [0.30108, -0.640691, -0.706304, -0.0, -0.525102, -0.729654, 0.438033, 0.4, -0.796002, 0.238999, -0.556112, -0.0, 0.0, 0.0, 0.0, 1.0],
                [0.014515, -0.588257, -0.808544, -0.0, 0.224432, -0.786079, 0.575942, 0.4, -0.974382, -0.189823, 0.120614, -0.0, 0.0, 0.0, 0.0, 1.0],
                [0.30108, -0.640691, -0.706304, 0.0, -0.525102, -0.729654, 0.438033, 0.4, -0.796002, 0.238999, -0.556112, -0.0, 0.0, 0.0, 0.0, 1.0],
                [0.414016, -0.731668, -0.541528, -0.0, -0.361143, -0.678114, 0.640107, 0.4, -0.835564, -0.069445, -0.544987, -0.0, 0.0, 0.0, 0.0, 1.0],
                [0.209661, -0.91184, -0.352973, 0.0, -0.52572, -0.409503, 0.745604, 0.4, -0.824415, 0.02924, -0.565229, 0.0, 0.0, 0.0, 0.0, 1.0],
                [0.004452, -0.967592, -0.252478, -0.0, -0.617843, -0.201186, 0.760128, 0.4, -0.786289, 0.152607, -0.598716, -0.0, 0.0, 0.0, 0.0, 1.0],
                [0.243195, -0.930928, -0.272449, 0.0, -0.357307, -0.347109, 0.867091, 0.4, -0.901769, -0.113524, -0.417042, 0.0, 0.0, 0.0, 0.0, 1.0],
                [0.303452, -0.87877, -0.368347, 0.0, -0.333311, -0.460049, 0.822957, 0.4, -0.892648, -0.126954, -0.432506, -0.0, 0.0, 0.0, 0.0, 1.0],
                [0.105228, -0.984002, -0.143763, -0.0, -0.234674, -0.165054, 0.957959, 0.4, -0.966362, -0.067066, -0.248288, 0.0, 0.0, 0.0, 0.0, 1.0]
            ]
        },
        {
            "name": "Arm_L",
            "time": [0.0, 0.2, 0.3667, 0.4333, 0.5, 0.5667, 0.7667, 1.3, 1.5333],
            "transform": [
                [0.245079, 0.965748, 0.085244, 0.0, -0.52358, 0.205843, -0.826736, 0.39386, -0.815966, 0.157984, 0.556095, -0.0, 0.0, 0.0, 0.0, 1.0],
                [0.362231, 0.772837, -0.521067, -0.0, -0.545605, -0.277441, -0.790785, 0.39386, -0.755714, 0.570744, 0.321166, -0.0, 0.0, 0.0, 0.0, 1.0],
                [0.188024, 0.786504, -0.588267, 0.0, -0.316036, -0.518647, -0.794435, 0.39386, -0.929929, 0.335286, 0.151046, 0.0, 0.0, 0.0, 0.0, 1.0],
                [0.163558, 0.96433, 0.208128, -0.0, -0.578342, 0.26464, -0.771678, 0.39386, -0.799231, 0.005845, 0.600996, 0.0, 0.0, 0.0, 0.0, 1.0],
                [0.031696, 0.918184, 0.394883, 0.0, -0.528037, 0.350829, -0.773366, 0.39386, -0.848629, -0.184, 0.495955, -0.0, 0.0, 0.0, 0.0, 1.0],
                [-0.144055, 0.889125, 0.4344, 0.0, -0.46328, 0.327304, -0.823555, 0.39386, -0.874425, -0.319887, 0.364764, 0.0, 0.0, 0.0, 0.0, 1.0],
                [-0.036291, 0.712376, 0.700859, -0.0, 0.953762, 0.234077, -0.188537, 0.393861, -0.298364, 0.661611, -0.687932, 0.0, 0.0, 0.0, 0.0, 1.0],
                [-0.036291, 0.712376, 0.700859, -0.0, 0.953762, 0.234077, -0.188537, 0.39386, -0.298364, 0.661611, -0.687932, 0.0, 0.0, 0.0, 0.0, 1.0],
                [-0.605029, 0.457036, 0.651965, -0.0, -0.254396, 0.664955, -0.702223, 0.39386, -0.754469, -0.590722, -0.286049, -0.0, 0.0, 0.0, 0.0, 1.0]
            ]
        },
        {
            "name": "Hand_L",
            "time": [0.0, 0.2, 0.3667, 0.4333, 0.5, 0.5667, 0.7667, 1.3, 1.5333],
            "transform": [
                [0.960283, 0.149332, 0.235703, -0.0, 0.242969, -0.032175, -0.969501, 0.3, -0.137194, 0.988264, -0.06718, 0.0, 0.0, 0.0, 0.0, 1.0],
                [0.91943, -0.270293, 0.285639, -0.0, 0.36728, 0.330615, -0.869367, 0.3, 0.140548, 0.904232, 0.403251, 0.0, 0.0, 0.0, 0.0, 1.0],
                [0.960283, 0.149332, 0.235703, -0.0, 0.242969, -0.032175, -0.969501, 0.3, -0.137194, 0.988264, -0.06718, 0.0, 0.0, 0.0, 0.0, 1.0],
                [0.983921, -0.134428, 0.117592, 0.0, 0.084566, -0.229273, -0.969682, 0.3, 0.157313, 0.964035, -0.214218, 0.0, 0.0, 0.0, 0.0, 1.0],
                [0.816181, -0.57756, 0.016536, -0.0, -0.282189, -0.423423, -0.860862, 0.3, 0.504201, 0.697952, -0.50857, 0.0, 0.0, 0.0, 0.0, 1.0],
                [0.618422, -0.785269, 0.030109, -0.0, -0.512629, -0.432157, -0.741924, 0.3, 0.595622, 0.443388, -0.669808, -0.0, 0.0, 0.0, 0.0, 1.0],
                [0.965694, -0.102771, -0.23848, 0.0, -0.149064, 0.5326, -0.833137, 0.3, 0.212637, 0.840104, 0.499009, 0.0, 0.0, 0.0, 0.0, 1.0],
                [0.965694, -0.102771, -0.23848, 0.0, -0.149064, 0.5326, -0.833137, 0.3, 0.212637, 0.840105, 0.499009, -0.0, 0.0, 0.0, 0.0, 1.0],
                [0.983921, -0.134428, 0.117592, 0.0, 0.084566, -0.229273, -0.969682, 0.3, 0.157313, 0.964035, -0.214218, 0.0, 0.0, 0.0, 0.0, 1.0]
            ]
        },
        {
            "name": "Tool_L",
            "time": [0.0, 0.2, 0.3667, 0.4333, 0.5, 0.5667, 0.7667, 1.3, 1.5333],
            "transform": [
                [1.0, -0.0, 0.0, 0.0, -0.0, -0.999836, 0.018122, 0.272858, 0.0, -0.018122, -0.999836, -0.0, 0.0, 0.0, 0.0, 1.0],
                [1.0, -0.0, 0.0, -0.0, 0.0, -0.999836, 0.018122, 0.272858, 0.0, -0.018122, -0.999836, -0.0, 0.0, 0.0, 0.0, 1.0],
                [1.0, 0.0, 0.0, -0.0, 0.0, -0.999836, 0.018122, 0.272858, 0.0, -0.018122, -0.999836, 0.0, 0.0, 0.0, 0.0, 1.0],
                [1.0, 0.0, 0.0, -0.0, 0.0, -0.999836, 0.018122, 0.272858, 0.0, -0.018122, -0.999836, -0.0, 0.0, 0.0, 0.0, 1.0],
                [1.0, 0.0, 0.0, 0.0, -0.0, -0.999836, 0.018122, 0.272858, 0.0, -0.018122, -0.999836, -0.0, 0.0, 0.0, 0.0, 1.0],
                [1.0, 0.0, 0.0, -0.0, -0.0, -0.999836, 0.018122, 0.272858, 0.0, -0.018122, -0.999836, -0.0, 0.0, 0.0, 0.0, 1.0],
                [1.0, -0.0, 0.0, -0.0, 0.0, -0.999836, 0.018122, 0.272858, 0.0, -0.018122, -0.999836, 0.0, 0.0, 0.0, 0.0, 1.0],
                [1.0, 0.0, 0.0, -0.0, 0.0, -0.999836, 0.018122, 0.272858, 0.0, -0.018122, -0.999836, 0.0, 0.0, 0.0, 0.0, 1.0],
                [1.0, -0.0, 0.0, -0.0, -0.0, -0.999836, 0.018122, 0.272858, 0.0, -0.018122, -0.999836, -0.0, 0.0, 0.0, 0.0, 1.0]
            ]
        },
        {
            "name": "Elbow_L",
            "time": [0.0, 0.2, 0.3667, 0.4333, 0.5, 0.5667, 0.7667, 1.3, 1.5333],
            "transform": [
                [-1.0, 0.0, -0.0, -0.0, -0.0, -0.0, -1.0, 0.352609, -0.0, -1.0, 0.0, 0.0, 0.0, 0.0, 0.0, 1.0],
                [-1.0, 0.0, -0.0, -0.0, 0.0, -0.0, -1.0, 0.35261, -0.0, -1.0, 0.0, 0.0, 0.0, 0.0, 0.0, 1.0],
                [-1.0, 0.0, -0.0, 0.0, 0.0, -0.0, -1.0, 0.35261, -0.0, -1.0, 0.0, 0.0, 0.0, 0.0, 0.0, 1.0],
                [-1.0, 0.0, -0.0, 0.0, 0.0, -0.0, -1.0, 0.352609, -0.0, -1.0, 0.0, 0.0, 0.0, 0.0, 0.0, 1.0],
                [-1.0, 0.0, -0.0, -0.0, -0.0, -0.0, -1.0, 0.35261, -0.0, -1.0, 0.0, 0.0, 0.0, 0.0, 0.0, 1.0],
                [-1.0, 0.0, -0.0, -0.0, 0.0, -0.0, -1.0, 0.35261, -0.0, -1.0, 0.0, -0.0, 0.0, 0.0, 0.0, 1.0],
                [-1.0, 0.0, -0.0, 0.0, 0.0, -0.0, -1.0, 0.35261, -0.0, -1.0, 0.0, 0.0, 0.0, 0.0, 0.0, 1.0],
                [-1.0, 0.0, -0.0, 0.0, 0.0, -0.0, -1.0, 0.35261, -0.0, -1.0, 0.0, -0.0, 0.0, 0.0, 0.0, 1.0],
                [-1.0, 0.0, -0.0, 0.0, 0.0, -0.0, -1.0, 0.35261, -0.0, -1.0, 0.0, 0.0, 0.0, 0.0, 0.0, 1.0]
            ]
        }
    ]
}