{
    "animation": [
        {
            "name": "Root",
            "time": [0.0, 0.0667, 0.1333, 0.2667, 0.4667, 0.6, 0.7333, 1.0, 1.1333, 1.3, 1.4667, 1.6, 2.0],
            "transform": [
                [0.96852, 0.035458, -0.246399, -5e-06, -0.202817, -0.461532, -0.863628, 0.000946, -0.144344, 0.886415, -0.439811, 0.503533, 0.0, 0.0, 0.0, 1.0],
                [0.96852, 0.035458, -0.246399, -5e-06, -0.202817, -0.461532, -0.863628, 0.000946, -0.144344, 0.886415, -0.439811, 0.503533, 0.0, 0.0, 0.0, 1.0],
                [0.96852, 0.035458, -0.246399, -5e-06, -0.202817, -0.461532, -0.863628, -0.18218, -0.144344, 0.886415, -0.439811, 0.720652, 0.0, 0.0, 0.0, 1.0],
                [0.96852, 0.035458, -0.246399, -5e-06, -0.202817, -0.461532, -0.863628, -1.830998, -0.144344, 0.886415, -0.439811, 2.073616, 0.0, 0.0, 0.0, 1.0],
                [0.968282, 0.038146, -0.246933, -5e-06, -0.207789, -0.425904, -0.880585, -3.897181, -0.13876, 0.903964, -0.404469, 0.453542, 0.0, 0.0, 0.0, 1.0],
                [0.968282, 0.038146, -0.246933, -5e-06, -0.221111, -0.329445, -0.91792, -3.897181, -0.116365, 0.943404, -0.310561, 0.50596, 0.0, 0.0, 0.0, 1.0],
                [0.974982, -0.02177, -0.221216, -5e-06, -0.209402, -0.423823, -0.881206, -3.800368, -0.074572, 0.905483, -0.417778, 0.619821, 0.0, 0.0, 0.0, 1.0],
                [0.968748, 0.030547, -0.246159, -5e-06, -0.213067, -0.405632, -0.888856, -2.383697, -0.127002, 0.913526, -0.386446, 2.332887, 0.0, 0.0, 0.0, 1.0],
                [0.976975, -0.066031, -0.202881, -5e-06, -0.212189, -0.400002, -0.891613, -1.864792, -0.022279, 0.914133, -0.404803, 2.558034, 0.0, 0.0, 0.0, 1.0],
                [0.852012, -0.523501, 0.004799, -5e-06, -0.205958, -0.343601, -0.916253, -1.179566, 0.481308, 0.77967, -0.400571, 2.153553, 0.0, 0.0, 0.0, 1.0],
                [0.931259, 0.193776, -0.308558, -5e-06, -0.294292, -0.099272, -0.950546, 1.524405, -0.214824, 0.97601, -0.035421, 0.387865, 0.0, 0.0, 0.0, 1.0],
                [0.931259, 0.193776, -0.308558, -5e-06, -0.294292, -0.099272, -0.950546, 1.524405, -0.214824, 0.97601, -0.035421, 0.387865, 0.0, 0.0, 0.0, 1.0],
                [0.931259, 0.193776, -0.308558, -5e-06, -0.205125, -0.421075, -0.883527, 1.524405, -0.301133, 0.886085, -0.352381, 0.617473, 0.0, 0.0, 0.0, 1.0]
            ]
        },
        {
            "name": "Thigh_R",
            "time": [0.0, 0.0667, 0.1333, 0.2667, 0.4667, 0.6, 0.7333, 1.0, 1.1333, 1.3, 1.4667, 1.6, 2.0],
            "transform": [
                [0.905644, -0.228767, -0.357036, 0.122406, 0.027447, -0.808595, 0.587721, 0.020697, -0.42315, -0.542065, -0.726022, -0.009318, 0.0, 0.0, 0.0, 1.0],
                [0.908623, -0.177288, -0.378116, 0.122406, -0.013881, -0.917734, 0.396946, 0.020697, -0.417386, -0.355425, -0.836338, -0.009318, 0.0, 0.0, 0.0, 1.0],
                [0.897428, -0.167152, -0.408267, 0.122406, 0.021559, -0.907715, 0.419027, 0.020697, -0.440633, -0.384848, -0.811008, -0.009318, 0.0, 0.0, 0.0, 1.0],
                [0.800178, -0.173534, -0.574108, 0.122406, 0.206525, -0.81896, 0.535395, 0.020697, -0.563083, -0.546978, -0.619476, -0.009318, 0.0, 0.0, 0.0, 1.0],
                [0.810217, 0.036522, -0.584991, 0.122406, -0.11968, -0.966718, -0.226113, 0.020697, -0.573781, 0.253213, -0.778883, -0.009318, 0.0, 0.0, 0.0, 1.0],
                [0.799794, -0.025345, -0.599739, 0.122406, -0.023594, -0.999661, 0.010782, 0.020697, -0.599811, 0.005527, -0.800123, -0.009318, 0.0, 0.0, 0.0, 1.0],
                [0.806841, 0.020287, -0.59042, 0.122407, -0.094513, -0.982102, -0.162902, 0.020697, -0.58316, 0.187238, -0.790485, -0.009318, 0.0, 0.0, 0.0, 1.0],
                [0.741854, 0.630048, -0.229543, 0.070867, 0.654714, -0.60658, 0.451007, 0.053836, 0.14492, -0.484865, -0.862498, 0.085958, 0.0, 0.0, 0.0, 1.0],
                [0.868878, 0.399435, -0.292408, 0.122406, 0.492647, -0.755573, 0.431747, 0.020697, -0.048481, -0.519189, -0.853283, -0.009318, 0.0, 0.0, 0.0, 1.0],
                [0.801428, -0.18191, -0.569756, 0.122406, 0.219712, -0.79647, 0.563345, 0.020697, -0.556273, -0.576662, -0.598347, -0.009318, 0.0, 0.0, 0.0, 1.0],
                [0.801428, -0.18191, -0.569756, 0.122406, 0.219712, -0.79647, 0.563345, 0.020697, -0.556273, -0.576662, -0.598347, -0.009318, 0.0, 0.0, 0.0, 1.0],
                [0.801428, -0.18191, -0.569756, 0.122406, 0.219712, -0.79647, 0.563345, 0.020697, -0.556273, -0.576662, -0.598347, -0.009318, 0.0, 0.0, 0.0, 1.0],
                [0.91843, 0.151438, -0.365448, 0.122406, 0.283858, -0.895723, 0.342201, 0.020697, -0.275519, -0.418022, -0.865648, -0.009318, 0.0, 0.0, 0.0, 1.0]
            ]
        },
        {
            "name": "Leg_R",
            "time": [0.0, 0.0667, 0.1333, 0.2667, 0.4667, 0.6, 0.7333, 1.0, 1.1333, 1.3, 1.4667, 1.6, 2.0],
            "transform": [
                [0.962434, 0.172556, 0.209632, -0.0, -0.271188, 0.648897, 0.710908, 0.37472, -0.013359, -0.741052, 0.671314, -0.0, 0.0, 0.0, 0.0, 1.0],
                [0.991392, 0.042837, 0.123721, 0.0, -0.117185, -0.131112, 0.984417, 0.37472, 0.05839, -0.990442, -0.124963, -0.0, 0.0, 0.0, 0.0, 1.0],
                [0.99541, -0.027977, 0.091523, 0.0, -0.091839, -0.010215, 0.995721, 0.37472, -0.026923, -0.999557, -0.012737, -0.0, 0.0, 0.0, 0.0, 1.0],
                [0.941192, -0.277158, 0.193238, 0.0, 0.046666, 0.673082, 0.738094, 0.37472, -0.334634, -0.685671, 0.646432, -0.0, 0.0, 0.0, 0.0, 1.0],
                [0.911647, -0.410626, -0.016956, -0.0, 0.055338, 0.081766, 0.995113, 0.37472, -0.407233, -0.908131, 0.097265, -0.0, 0.0, 0.0, 0.0, 1.0],
                [0.911647, -0.410626, -0.016956, -0.0, 0.055338, 0.081766, 0.995113, 0.37472, -0.407233, -0.908131, 0.097265, -0.0, 0.0, 0.0, 0.0, 1.0],
                [0.911877, -0.401757, -0.084096, 0.0, 0.062656, -0.066235, 0.995834, 0.37472, -0.405653, -0.913349, -0.035226, 0.0, 0.0, 0.0, 0.0, 1.0],
                [0.919487, -0.306429, -0.246263, -0.0, 0.129783, -0.354695, 0.92593, 0.37472, -0.37108, -0.883342, -0.286368, -0.0, 0.0, 0.0, 0.0, 1.0],
                [0.919722, -0.293744, -0.260435, 0.0, 0.138268, -0.37851, 0.915211, 0.37472, -0.367415, -0.87775, -0.307508, -0.0, 0.0, 0.0, 0.0, 1.0],
                [0.919722, -0.293744, -0.260435, -0.0, 0.138268, -0.37851, 0.915211, 0.37472, -0.367415, -0.87775, -0.307508, 0.0, 0.0, 0.0, 0.0, 1.0],
                [0.919722, -0.293744, -0.260435, 0.0, 0.138268, -0.37851, 0.915211, 0.37472, -0.367415, -0.87775, -0.307508, -0.0, 0.0, 0.0, 0.0, 1.0],
                [0.919722, -0.293744, -0.260435, 0.0, 0.138268, -0.37851, 0.915211, 0.37472, -0.367415, -0.87775, -0.307508, -0.0, 0.0, 0.0, 0.0, 1.0],
                [0.976323, -0.195097, -0.093433, 0.0, 0.156673, 0.339948, 0.927302, 0.37472, -0.149152, -0.919986, 0.362465, 0.0, 0.0, 0.0, 0.0, 1.0]
            ]
        },
        {
            "name": "Knee_R",
            "time": [0.0, 0.0667, 0.1333, 0.2667, 0.4667, 0.6, 0.7333, 1.0, 1.1333, 1.3, 1.4667, 1.6, 2.0],
            "transform": [
                [1.0, 0.0, -0.0, -0.0, -0.0, 0.0, -1.0, 0.37472, -0.0, 1.0, 0.0, -0.0, 0.0, 0.0, 0.0, 1.0],
                [1.0, 0.0, -0.0, 0.0, -1e-06, 0.0, -1.0, 0.37472, -0.0, 1.0, 0.0, -0.0, 0.0, 0.0, 0.0, 1.0],
                [1.0, 0.0, -0.0, 0.0, -0.0, 0.0, -1.0, 0.37472, -0.0, 1.0, 0.0, -0.0, 0.0, 0.0, 0.0, 1.0],
                [1.0, 0.0, -0.0, 0.0, -0.0, 0.0, -1.0, 0.37472, -0.0, 1.0, 0.0, -0.0, 0.0, 0.0, 0.0, 1.0],
                [1.0, 0.0, -0.0, -0.0, -0.0, 0.0, -1.0, 0.37472, -0.0, 1.0, 0.0, -0.0, 0.0, 0.0, 0.0, 1.0],
                [1.0, 0.0, -0.0, -0.0, -0.0, 0.0, -1.0, 0.37472, -0.0, 1.0, 0.0, -0.0, 0.0, 0.0, 0.0, 1.0],
                [1.0, 0.0, -0.0, 0.0, -0.0, 0.0, -1.0, 0.37472, -0.0, 1.0, 0.0, 0.0, 0.0, 0.0, 0.0, 1.0],
                [1.0, 0.0, -1e-06, -0.0, -0.0, 0.0, -1.0, 0.37472, -0.0, 1.0, 0.0, -0.0, 0.0, 0.0, 0.0, 1.0],
                [1.0, 0.0, -0.0, 0.0, -0.0, 0.0, -1.0, 0.37472, -0.0, 1.0, 0.0, -0.0, 0.0, 0.0, 0.0, 1.0],
                [1.0, 0.0, -0.0, -0.0, -0.0, 0.0, -1.0, 0.37472, -0.0, 1.0, 0.0, 0.0, 0.0, 0.0, 0.0, 1.0],
                [1.0, 0.0, -0.0, 0.0, -0.0, 0.0, -1.0, 0.37472, -0.0, 1.0, 0.0, -0.0, 0.0, 0.0, 0.0, 1.0],
                [1.0, 0.0, -0.0, 0.0, -0.0, 0.0, -1.0, 0.37472, -0.0, 1.0, 0.0, -0.0, 0.0, 0.0, 0.0, 1.0],
                [1.0, 0.0, -0.0, 0.0, -0.0, 0.0, -1.0, 0.37472, -0.0, 1.0, 0.0, 0.0, 0.0, 0.0, 0.0, 1.0]
            ]
        },
        {
            "name": "Thigh_L",
            "time": [0.0, 0.0667, 0.1333, 0.2667, 0.4667, 0.6, 0.7333, 1.0, 1.1333, 1.3, 1.4667, 1.6, 2.0],
            "transform": [
                [0.868147, -0.468732, -0.163127, -0.122419, -0.269272, -0.720945, 0.638538, -0.026358, -0.416909, -0.51042, -0.752103, 0.009295, 0.0, 0.0, 0.0, 1.0],
                [0.888774, -0.417842, -0.188383, -0.122419, -0.306118, -0.847037, 0.434532, -0.026358, -0.341133, -0.328534, -0.880734, 0.009295, 0.0, 0.0, 0.0, 1.0],
                [0.887369, -0.428755, -0.169546, -0.122419, -0.315147, -0.832458, 0.455736, -0.026358, -0.336539, -0.350974, -0.873818, 0.009295, 0.0, 0.0, 0.0, 1.0],
                [0.861134, -0.501276, -0.084681, -0.122419, -0.341329, -0.693538, 0.634428, -0.026359, -0.376753, -0.517423, -0.768329, 0.009295, 0.0, 0.0, 0.0, 1.0],
                [0.942128, -0.29817, -0.153264, -0.122419, -0.071576, -0.625511, 0.776925, -0.026359, -0.327524, -0.720993, -0.610653, 0.009294, 0.0, 0.0, 0.0, 1.0],
                [0.942585, -0.295408, -0.155784, -0.122419, -0.072837, -0.637072, 0.767355, -0.026359, -0.325928, -0.711951, -0.62201, 0.009295, 0.0, 0.0, 0.0, 1.0],
                [0.934263, -0.329648, -0.135963, -0.122419, -0.133865, -0.677635, 0.723111, -0.026359, -0.330506, -0.657375, -0.677218, 0.009295, 0.0, 0.0, 0.0, 1.0],
                [0.992964, -0.01878, 0.116914, -0.07088, 0.048941, -0.833981, -0.549618, -0.059498, 0.107826, 0.551474, -0.827194, -0.085981, 0.0, 0.0, 0.0, 1.0],
                [0.959268, -0.031274, -0.280763, -0.122419, -0.126926, -0.935604, -0.329445, -0.026359, -0.25238, 0.351662, -0.901465, 0.009295, 0.0, 0.0, 0.0, 1.0],
                [0.807117, -0.526845, -0.266451, -0.122419, -0.589118, -0.689071, -0.422043, -0.026358, 0.038748, 0.497609, -0.866535, 0.009295, 0.0, 0.0, 0.0, 1.0],
                [0.919685, 0.142285, -0.36597, -0.122419, -0.072015, -0.855105, -0.513429, -0.026358, -0.385996, 0.498548, -0.776181, 0.009295, 0.0, 0.0, 0.0, 1.0],
                [0.919685, 0.142285, -0.36597, -0.122419, -0.072015, -0.855105, -0.513429, -0.026358, -0.385996, 0.498548, -0.776181, 0.009295, 0.0, 0.0, 0.0, 1.0],
                [0.87415, 0.035287, -0.484373, -0.122419, -0.011649, -0.995546, -0.09355, -0.026358, -0.485517, 0.087419, -0.869846, 0.009294, 0.0, 0.0, 0.0, 1.0]
            ]
        },
        {
            "name": "Leg_L",
            "time": [0.0, 0.0667, 0.1333, 0.2667, 0.4667, 0.6, 0.7333, 1.0, 1.1333, 1.3, 1.4667, 1.6, 2.0],
            "transform": [
                [0.999983, 0.004947, -0.002979, 0.0, 0.001528, 0.270694, 0.962664, 0.37472, 0.005568, -0.962652, 0.270682, 0.0, 0.0, 0.0, 0.0, 1.0],
                [0.994743, -0.09903, 0.026082, -0.0, -0.027045, -0.008391, 0.999599, 0.37472, -0.098771, -0.995049, -0.011025, -0.0, 0.0, 0.0, 0.0, 1.0],
                [0.995814, -0.087996, 0.02472, -0.0, -0.022972, 0.020819, 0.99952, 0.37472, -0.088468, -0.995903, 0.018711, 0.0, 0.0, 0.0, 0.0, 1.0],
                [0.999983, 0.004947, -0.002979, -0.0, 0.001528, 0.270694, 0.962664, 0.374721, 0.005568, -0.962652, 0.270682, 0.0, 0.0, 0.0, 0.0, 1.0],
                [0.994462, 0.080052, -0.0681, -0.0, 0.021349, 0.480581, 0.876691, 0.37472, 0.102908, -0.873288, 0.476211, -0.0, 0.0, 0.0, 0.0, 1.0],
                [0.999126, 0.020515, -0.036421, -0.0, 0.036176, 0.012208, 0.999271, 0.37472, 0.020945, -0.999714, 0.011456, -0.0, 0.0, 0.0, 0.0, 1.0],
                [0.994163, 0.081946, -0.070177, -0.0, 0.021585, 0.486234, 0.873562, 0.37472, 0.105708, -0.869977, 0.481628, -0.0, 0.0, 0.0, 0.0, 1.0],
                [0.980848, 0.031194, -0.192263, -0.0, 0.115526, 0.701553, 0.703191, 0.37472, 0.156818, -0.711934, 0.684513, -0.0, 0.0, 0.0, 0.0, 1.0],
                [0.993608, 0.08531, -0.073932, 0.0, 0.021962, 0.496326, 0.867858, 0.37472, 0.110731, -0.863934, 0.49128, -0.0, 0.0, 0.0, 0.0, 1.0],
                [0.993608, 0.08531, -0.073932, -0.0, 0.021962, 0.496326, 0.867859, 0.37472, 0.110731, -0.863934, 0.49128, -0.0, 0.0, 0.0, 0.0, 1.0],
                [0.993608, 0.08531, -0.073932, -0.0, 0.021961, 0.496326, 0.867858, 0.37472, 0.110731, -0.863934, 0.49128, 0.0, 0.0, 0.0, 0.0, 1.0],
                [0.993608, 0.08531, -0.073932, -0.0, 0.021961, 0.496326, 0.867858, 0.37472, 0.110731, -0.863934, 0.49128, 0.0, 0.0, 0.0, 0.0, 1.0],
                [0.993608, 0.08531, -0.073932, 0.0, 0.021962, 0.496326, 0.867859, 0.37472, 0.110731, -0.863934, 0.49128, 0.0, 0.0, 0.0, 0.0, 1.0]
            ]
        },
        {
            "name": "Knee_L",
            "time": [0.0, 0.0667, 0.1333, 0.2667, 0.4667, 0.6, 0.7333, 1.0, 1.1333, 1.3, 1.4667, 1.6, 2.0],
            "transform": [
                [1.0, 0.0, -0.0, 0.0, -0.0, 0.0, -1.0, 0.398608, -0.0, 1.0, 0.0, -0.0, 0.0, 0.0, 0.0, 1.0],
                [1.0, 0.0, -0.0, -0.0, -0.0, 0.0, -1.0, 0.398608, -0.0, 1.0, 0.0, -0.0, 0.0, 0.0, 0.0, 1.0],
                [1.0, 0.0, -1e-06, -0.0, -0.0, 0.0, -1.0, 0.398608, -0.0, 1.0, 0.0, 0.0, 0.0, 0.0, 0.0, 1.0],
                [1.0, 0.0, -0.0, 0.0, -0.0, 0.0, -1.0, 0.398608, -0.0, 1.0, 0.0, -0.0, 0.0, 0.0, 0.0, 1.0],
                [1.0, 0.0, -0.0, -0.0, -0.0, 0.0, -1.0, 0.398608, -0.0, 1.0, 0.0, -0.0, 0.0, 0.0, 0.0, 1.0],
                [1.0, 0.0, -0.0, -0.0, -0.0, 0.0, -1.0, 0.398608, -0.0, 1.0, 0.0, -0.0, 0.0, 0.0, 0.0, 1.0],
                [1.0, 0.0, -0.0, -0.0, -0.0, 0.0, -1.0, 0.398608, -0.0, 1.0, 0.0, -0.0, 0.0, 0.0, 0.0, 1.0],
                [1.0, 0.0, -0.0, -0.0, -0.0, 0.0, -1.0, 0.398608, -0.0, 1.0, 0.0, 0.0, 0.0, 0.0, 0.0, 1.0],
                [1.0, 0.0, -0.0, 0.0, -0.0, 0.0, -1.0, 0.398608, -0.0, 1.0, 0.0, -0.0, 0.0, 0.0, 0.0, 1.0],
                [1.0, 0.0, -0.0, 0.0, -0.0, 0.0, -1.0, 0.398608, -0.0, 1.0, 0.0, -0.0, 0.0, 0.0, 0.0, 1.0],
                [1.0, 0.0, -1e-06, -0.0, -1e-06, 0.0, -1.0, 0.398608, -0.0, 1.0, 0.0, -0.0, 0.0, 0.0, 0.0, 1.0],
                [1.0, 0.0, -1e-06, -0.0, -1e-06, 0.0, -1.0, 0.398608, -0.0, 1.0, 0.0, -0.0, 0.0, 0.0, 0.0, 1.0],
                [1.0, 0.0, -0.0, 0.0, -0.0, 0.0, -1.0, 0.398608, -0.0, 1.0, 0.0, 0.0, 0.0, 0.0, 0.0, 1.0]
            ]
        },
        {
            "name": "Torso",
            "time": [0.0, 0.0667, 0.1333, 0.2667, 0.4667, 0.6, 0.7333, 1.0, 1.1333, 1.3, 1.4667, 1.6, 2.0],
            "transform": [
                [0.892738, -0.448909, -0.038722, -0.0, 0.174766, 0.265777, 0.948061, 0.05, -0.415301, -0.853138, 0.315723, -0.0, 0.0, 0.0, 0.0, 1.0],
                [0.891011, -0.450683, -0.054629, -0.0, 0.162692, 0.204648, 0.96522, 0.05, -0.423829, -0.868909, 0.255667, -0.0, 0.0, 0.0, 0.0, 1.0],
                [0.909306, -0.415916, -0.013238, -0.0, 0.153047, 0.304681, 0.940078, 0.05, -0.38696, -0.856845, 0.340703, -0.0, 0.0, 0.0, 0.0, 1.0],
                [0.984914, -0.104769, 0.137726, -0.0, 0.00609, 0.816382, 0.57748, 0.05, -0.172939, -0.567929, 0.804704, -0.0, 0.0, 0.0, 0.0, 1.0],
                [0.986836, -0.137454, 0.085213, 0.0, 0.015526, 0.604992, 0.79608, 0.05, -0.160978, -0.784278, 0.599162, -0.0, 0.0, 0.0, 0.0, 1.0],
                [0.986922, -0.15329, 0.049881, 0.0, 0.029362, 0.475198, 0.879389, 0.05, -0.158505, -0.866423, 0.473484, 0.0, 0.0, 0.0, 0.0, 1.0],
                [0.981452, -0.183752, 0.054656, 0.0, 0.067603, 0.598513, 0.798256, 0.05, -0.179394, -0.779755, 0.599834, -0.0, 0.0, 0.0, 0.0, 1.0],
                [0.851928, -0.139424, -0.504758, 0.0, 0.488377, 0.55937, 0.669771, 0.05, 0.188964, -0.817109, 0.544634, -0.0, 0.0, 0.0, 0.0, 1.0],
                [0.249746, -0.317142, -0.914903, 0.0, 0.798675, 0.601688, 0.009449, 0.05, 0.54749, -0.73307, 0.403563, 0.0, 0.0, 0.0, 0.0, 1.0],
                [0.923098, -0.384163, -0.017559, -0.0, 0.243737, 0.549134, 0.799402, 0.05, -0.297458, -0.742207, 0.60054, 0.0, 0.0, 0.0, 0.0, 1.0],
                [0.937521, -0.217345, 0.271692, -0.0, -0.146419, 0.461912, 0.874757, 0.05, -0.315621, -0.859883, 0.401229, 0.0, 0.0, 0.0, 0.0, 1.0],
                [0.942744, -0.215698, 0.254379, -0.0, -0.146241, 0.418137, 0.896535, 0.05, -0.299746, -0.882403, 0.362652, 0.0, 0.0, 0.0, 0.0, 1.0],
                [0.852237, -0.364491, 0.375284, 0.0, 0.050173, 0.770985, 0.634874, 0.05, -0.520745, -0.522234, 0.67535, -0.0, 0.0, 0.0, 0.0, 1.0]
            ]
        },
        {
            "name": "Chest",
            "time": [0.0, 0.0667, 0.1333, 0.2667, 0.4667, 0.6, 0.7333, 1.0, 1.1333, 1.3, 1.4667, 1.6, 2.0],
            "transform": [
                [0.982182, -0.068211, 0.175115, 0.0, 0.014876, 0.9571, 0.289376, 0.3, -0.187341, -0.281615, 0.941061, 0.0, 0.0, 0.0, 0.0, 1.0],
                [0.971279, -0.105774, 0.213143, 0.0, -0.015424, 0.865892, 0.499992, 0.3, -0.237445, -0.488919, 0.839391, -0.0, 0.0, 0.0, 0.0, 1.0],
                [0.972815, -0.100368, 0.208704, 0.0, -0.010409, 0.881341, 0.472365, 0.3, -0.23135, -0.461696, 0.856337, -0.0, 0.0, 0.0, 0.0, 1.0],
                [0.982182, -0.068211, 0.175115, -0.0, 0.014876, 0.9571, 0.289376, 0.3, -0.187341, -0.281615, 0.941061, -0.0, 0.0, 0.0, 0.0, 1.0],
                [0.983489, -0.071257, 0.166351, -0.0, -0.006041, 0.905778, 0.42371, 0.3, -0.180869, -0.417718, 0.890392, 0.0, 0.0, 0.0, 0.0, 1.0],
                [0.984524, -0.070833, 0.160298, -0.0, -0.015714, 0.875313, 0.483301, 0.3, -0.174545, -0.478341, 0.860653, 0.0, 0.0, 0.0, 0.0, 1.0],
                [0.991501, -0.071853, 0.108458, 0.0, 0.019563, 0.906513, 0.421725, 0.3, -0.128621, -0.416019, 0.900214, 0.0, 0.0, 0.0, 0.0, 1.0],
                [0.894606, -0.100011, -0.43552, 0.0, 0.250819, 0.919003, 0.304175, 0.3, 0.369824, -0.381354, 0.847231, -0.0, 0.0, 0.0, 0.0, 1.0],
                [0.863402, -0.102785, -0.493935, 0.0, 0.273641, 0.917917, 0.287313, 0.3, 0.42386, -0.383227, 0.820658, -0.0, 0.0, 0.0, 0.0, 1.0],
                [0.885227, -0.081402, -0.457982, 0.0, 0.244562, 0.918954, 0.309375, 0.3, 0.395681, -0.385871, 0.83339, 0.0, 0.0, 0.0, 0.0, 1.0],
                [0.955845, 0.007999, -0.293761, 0.0, 0.111773, 0.914605, 0.388593, 0.3, 0.271784, -0.404269, 0.873327, -0.0, 0.0, 0.0, 0.0, 1.0],
                [0.955845, 0.007999, -0.293761, -0.0, 0.111773, 0.914605, 0.388593, 0.3, 0.271784, -0.404269, 0.873327, -0.0, 0.0, 0.0, 0.0, 1.0],
                [0.969282, 0.118605, -0.215466, 0.0, -0.026088, 0.920683, 0.389438, 0.3, 0.244565, -0.371854, 0.895495, 0.0, 0.0, 0.0, 0.0, 1.0]
            ]
        },
        {
            "name": "Head",
            "time": [0.0, 0.0667, 0.1333, 0.2667, 0.4667, 0.6, 0.7333, 1.0, 1.1333, 1.3, 1.4667, 1.6, 2.0],
            "transform": [
                [0.964993, -0.260941, 0.026417, 0.0, 0.262087, 0.955576, -0.134849, 0.4, 0.009944, 0.137052, 0.990514, -0.0, 0.0, 0.0, 0.0, 1.0],
                [0.964993, -0.260941, 0.026417, -0.0, 0.262087, 0.955576, -0.134849, 0.4, 0.009944, 0.137052, 0.990514, -0.0, 0.0, 0.0, 0.0, 1.0],
                [0.972653, -0.229295, 0.037023, 0.0, 0.232241, 0.962415, -0.140791, 0.4, -0.003348, 0.145539, 0.989347, -0.0, 0.0, 0.0, 0.0, 1.0],
                [0.995306, -0.008449, 0.096406, -0.0, 0.0263, 0.982305, -0.185431, 0.4, -0.093133, 0.187096, 0.977917, 0.0, 0.0, 0.0, 0.0, 1.0],
                [0.995527, 0.021349, 0.092037, -0.0, -0.020364, 0.999725, -0.011627, 0.4, -0.09226, 0.0097, 0.995687, -0.0, 0.0, 0.0, 0.0, 1.0],
                [0.995527, 0.021349, 0.092037, 0.0, -0.020364, 0.999725, -0.011627, 0.399999, -0.09226, 0.0097, 0.995688, -0.0, 0.0, 0.0, 0.0, 1.0],
                [0.995534, 0.02118, 0.092003, -0.0, -0.020658, 0.999765, -0.00662, 0.4, -0.092121, 0.00469, 0.995737, 0.0, 0.0, 0.0, 0.0, 1.0],
                [0.995545, 0.0209, 0.091944, 0.0, -0.021147, 0.999775, 0.001712, 0.4, -0.091887, -0.003648, 0.995763, -0.0, 0.0, 0.0, 0.0, 1.0],
                [0.995546, 0.020878, 0.091939, 0.0, -0.021185, 0.999773, 0.002366, 0.4, -0.091869, -0.004303, 0.995762, -0.0, 0.0, 0.0, 0.0, 1.0],
                [0.995546, 0.020878, 0.091939, -0.0, -0.021185, 0.999773, 0.002366, 0.4, -0.091869, -0.004303, 0.995762, 0.0, 0.0, 0.0, 0.0, 1.0],
                [0.995546, 0.020878, 0.091939, 0.0, -0.021185, 0.999773, 0.002366, 0.4, -0.091869, -0.004303, 0.995762, -0.0, 0.0, 0.0, 0.0, 1.0],
                [0.995546, 0.020878, 0.091939, -0.0, -0.021185, 0.999773, 0.002366, 0.4, -0.091869, -0.004303, 0.995762, 0.0, 0.0, 0.0, 0.0, 1.0],
                [0.995546, 0.020878, 0.091939, -0.0, -0.021185, 0.999773, 0.002366, 0.4, -0.091869, -0.004303, 0.995762, -0.0, 0.0, 0.0, 0.0, 1.0]
            ]
        },
        {
            "name": "Shoulder_R",
            "time": [0.0, 0.0667, 0.1333, 0.2667, 0.4667, 0.6, 0.7333, 1.0, 1.1333, 1.3, 1.4667, 1.6, 2.0],
            "transform": [
                [0.35348, 0.923525, 0.148836, 0.0, 0.156258, -0.215166, 0.963995, 0.4, 0.922299, -0.317496, -0.220365, -0.0, 0.0, 0.0, 0.0, 1.0],
                [0.35348, 0.923525, 0.148836, -0.0, 0.156258, -0.215166, 0.963995, 0.4, 0.922299, -0.317496, -0.220365, -0.0, 0.0, 0.0, 0.0, 1.0],
                [0.35348, 0.923525, 0.148836, 0.0, 0.156258, -0.215166, 0.963995, 0.4, 0.922299, -0.317496, -0.220365, -0.0, 0.0, 0.0, 0.0, 1.0],
                [0.35348, 0.923525, 0.148836, -0.0, 0.156257, -0.215166, 0.963995, 0.4, 0.922299, -0.317496, -0.220365, 0.0, 0.0, 0.0, 0.0, 1.0],
                [0.06754, 0.994402, 0.081254, -0.0, 0.113506, -0.088569, 0.989581, 0.4, 0.991239, -0.057614, -0.118853, -0.0, 0.0, 0.0, 0.0, 1.0],
                [0.06754, 0.994402, 0.081254, 0.0, 0.113507, -0.088569, 0.989581, 0.399999, 0.991239, -0.057614, -0.118853, -0.0, 0.0, 0.0, 0.0, 1.0],
                [0.059315, 0.995116, 0.078902, -0.0, 0.11175, -0.085164, 0.99008, 0.4, 0.991964, -0.049909, -0.116256, 0.0, 0.0, 0.0, 0.0, 1.0],
                [0.045639, 0.996143, 0.074943, 0.0, 0.108766, -0.07953, 0.990881, 0.4, 0.993019, -0.037072, -0.111976, -0.0, 0.0, 0.0, 0.0, 1.0],
                [0.044566, 0.996215, 0.074629, 0.0, 0.108529, -0.079089, 0.990942, 0.4, 0.993094, -0.036063, -0.111642, -0.0, 0.0, 0.0, 0.0, 1.0],
                [0.044566, 0.996215, 0.074629, -0.0, 0.108529, -0.079089, 0.990942, 0.4, 0.993094, -0.036063, -0.111642, 0.0, 0.0, 0.0, 0.0, 1.0],
                [0.044566, 0.996215, 0.074629, 0.0, 0.108529, -0.079089, 0.990942, 0.4, 0.993094, -0.036063, -0.111642, -0.0, 0.0, 0.0, 0.0, 1.0],
                [0.24544, 0.9658, 0.083599, -0.0, 0.107358, -0.112786, 0.987802, 0.4, 0.963449, -0.233471, -0.131368, 0.0, 0.0, 0.0, 0.0, 1.0],
                [0.289262, 0.947821, 0.134025, -0.0, 0.090878, -0.166569, 0.981833, 0.4, 0.952926, -0.271827, -0.134318, -0.0, 0.0, 0.0, 0.0, 1.0]
            ]
        },
        {
            "name": "Arm_R",
            "time": [0.0, 0.0667, 0.1333, 0.2667, 0.4667, 0.6, 0.7333, 1.0, 1.1333, 1.3, 1.4, 1.4333, 1.4667, 1.6, 2.0],
            "transform": [
                [0.347898, -0.890313, 0.293785, -0.0, 0.745969, 0.073061, -0.661961, 0.39386, 0.567888, 0.44945, 0.689563, 0.0, 0.0, 0.0, 0.0, 1.0],
                [0.546165, -0.700782, 0.458921, 0.0, 0.668772, 0.03488, -0.742649, 0.39386, 0.504428, 0.712523, 0.487713, -0.0, 0.0, 0.0, 0.0, 1.0],
                [0.597807, -0.676879, 0.42949, 0.0, 0.727217, 0.232465, -0.645845, 0.393861, 0.337317, 0.698423, 0.631207, 0.0, 0.0, 0.0, 0.0, 1.0],
                [0.858475, -0.462841, 0.220905, -0.0, 0.376864, 0.861461, 0.340379, 0.393861, -0.347842, -0.208956, 0.913971, 0.0, 0.0, 0.0, 0.0, 1.0],
                [0.769719, 0.074609, -0.634008, -0.0, 0.174906, 0.930497, 0.321844, 0.393861, 0.613955, -0.358622, 0.703172, 0.0, 0.0, 0.0, 0.0, 1.0],
                [0.769719, 0.074609, -0.634008, 0.0, 0.174906, 0.930497, 0.321844, 0.393861, 0.613955, -0.358622, 0.703172, 0.0, 0.0, 0.0, 0.0, 1.0],
                [0.682371, 0.326156, -0.654211, -0.0, 0.100695, 0.844476, 0.526042, 0.39386, 0.724037, -0.424832, 0.543404, 0.0, 0.0, 0.0, 0.0, 1.0],
                [0.323594, 0.940864, -0.100308, -0.0, -0.091661, 0.136684, 0.986365, 0.393861, 0.941746, -0.309987, 0.130471, -0.0, 0.0, 0.0, 0.0, 1.0],
                [0.255323, 0.962727, 0.089255, 0.0, -0.194467, -0.039293, 0.980122, 0.393861, 0.947097, -0.267605, 0.177186, 0.0, 0.0, 0.0, 0.0, 1.0],
                [0.668086, 0.7436, -0.02683, 0.0, -0.72907, 0.661386, 0.176142, 0.39386, 0.148724, -0.098117, 0.983999, 0.0, 0.0, 0.0, 0.0, 1.0],
                [-0.045836, -0.161781, 0.985762, -0.0, 0.563798, 0.81042, 0.159219, 0.393861, -0.82464, 0.563069, 0.054065, -0.0, 0.0, 0.0, 0.0, 1.0],
                [-0.404486, -0.199906, 0.892428, 0.0, 0.752079, 0.48251, 0.448956, 0.39386, -0.520355, 0.852773, -0.044823, 0.0, 0.0, 0.0, 0.0, 1.0],
                [-0.258846, -0.57352, 0.777222, 0.0, 0.823414, 0.289636, 0.487955, 0.393861, -0.504964, 0.766281, 0.397273, -0.0, 0.0, 0.0, 0.0, 1.0],
                [-0.258846, -0.57352, 0.777222, -0.0, 0.823414, 0.289636, 0.487955, 0.39386, -0.504964, 0.766281, 0.397273, -0.0, 0.0, 0.0, 0.0, 1.0],
                [0.517698, -0.842423, 0.149372, 0.0, 0.598554, 0.481369, 0.640325, 0.393861, -0.611328, -0.242088, 0.75344, -0.0, 0.0, 0.0, 0.0, 1.0]
            ]
        },
        {
            "name": "Hand_R",
            "time": [0.0, 0.0667, 0.1333, 0.2667, 0.4667, 0.6, 0.7333, 1.0, 1.1333, 1.3, 1.4667, 1.6, 2.0],
            "transform": [
                [-0.971678, 0.233381, -0.037081, -0.0, 0.213453, 0.934149, 0.286013, 0.3, 0.101389, 0.269998, -0.957508, -0.0, 0.0, 0.0, 0.0, 1.0],
                [-0.971678, 0.233381, -0.037081, 0.0, 0.213453, 0.934149, 0.286013, 0.3, 0.101389, 0.269998, -0.957508, -0.0, 0.0, 0.0, 0.0, 1.0],
                [-0.997062, 0.064212, 0.04177, -0.0, 0.074471, 0.940277, 0.332165, 0.3, -0.017946, 0.3343, -0.942296, 0.0, 0.0, 0.0, 0.0, 1.0],
                [-0.299941, -0.944148, 0.136455, -0.0, -0.504918, 0.278485, 0.817009, 0.3, -0.809378, 0.176156, -0.560246, -0.0, 0.0, 0.0, 0.0, 1.0],
                [-0.391717, -0.795802, -0.461798, 0.0, -0.772036, 0.011254, 0.63548, 0.3, -0.500518, 0.605453, -0.618796, -0.0, 0.0, 0.0, 0.0, 1.0],
                [-0.391717, -0.795802, -0.461798, -0.0, -0.772036, 0.011254, 0.63548, 0.3, -0.500518, 0.605453, -0.618796, -0.0, 0.0, 0.0, 0.0, 1.0],
                [-0.370979, -0.817373, -0.440769, 0.0, -0.780841, 0.017647, 0.624481, 0.3, -0.502655, 0.575839, -0.644785, -0.0, 0.0, 0.0, 0.0, 1.0],
                [-0.269688, -0.961679, -0.049423, -0.0, -0.83856, 0.209311, 0.502997, 0.3, -0.473377, 0.177096, -0.862874, 0.0, 0.0, 0.0, 0.0, 1.0],
                [-0.259427, -0.962214, 0.082712, 0.0, -0.851648, 0.268318, 0.450223, 0.3, -0.455404, 0.046358, -0.889077, 0.0, 0.0, 0.0, 0.0, 1.0],
                [-0.395066, -0.889099, 0.23114, -0.0, -0.790197, 0.457213, 0.4081, 0.3, -0.468521, -0.02142, -0.883193, -0.0, 0.0, 0.0, 0.0, 1.0],
                [-0.768893, -0.350895, 0.534487, 0.0, -0.297997, 0.936274, 0.185983, 0.3, -0.565686, -0.016274, -0.82446, -0.0, 0.0, 0.0, 0.0, 1.0],
                [-0.768893, -0.350895, 0.534487, 0.0, -0.297997, 0.936274, 0.185983, 0.3, -0.565687, -0.016274, -0.82446, -0.0, 0.0, 0.0, 0.0, 1.0],
                [-0.768893, -0.350895, 0.534487, -0.0, -0.297997, 0.936274, 0.185983, 0.3, -0.565687, -0.016274, -0.82446, 0.0, 0.0, 0.0, 0.0, 1.0]
            ]
        },
        {
            "name": "Tool_R",
            "time": [0.0, 0.0667, 0.1333, 0.2667, 0.4667, 0.6, 0.7333, 1.0, 1.1333, 1.3, 1.4667, 1.6, 2.0],
            "transform": [
                [-0.965939, -0.084141, 0.244711, 0.0, 0.035601, -0.979878, -0.196395, 0.272858, 0.256312, -0.180994, 0.949498, -0.0, 0.0, 0.0, 0.0, 1.0],
                [-0.965939, -0.084141, 0.244711, 0.0, 0.035601, -0.979878, -0.196395, 0.272858, 0.256312, -0.180994, 0.949498, 0.0, 0.0, 0.0, 0.0, 1.0],
                [-0.965939, -0.084141, 0.244711, -0.0, 0.035601, -0.979878, -0.196395, 0.272858, 0.256312, -0.180994, 0.949498, 0.0, 0.0, 0.0, 0.0, 1.0],
                [-0.965939, -0.084141, 0.244711, 0.0, 0.035601, -0.979878, -0.196395, 0.272858, 0.256312, -0.180994, 0.949498, 0.0, 0.0, 0.0, 0.0, 1.0],
                [-0.965939, -0.084141, 0.244711, -0.0, 0.035601, -0.979878, -0.196396, 0.272858, 0.256312, -0.180994, 0.949498, -0.0, 0.0, 0.0, 0.0, 1.0],
                [-0.965939, -0.084141, 0.244711, -0.0, 0.035601, -0.979878, -0.196395, 0.272858, 0.256312, -0.180994, 0.949498, 0.0, 0.0, 0.0, 0.0, 1.0],
                [-0.95463, -0.21366, 0.20744, 0.0, 0.173097, -0.964943, -0.197291, 0.272858, 0.24232, -0.152432, 0.958147, -0.0, 0.0, 0.0, 0.0, 1.0],
                [0.14926, -0.98342, -0.102989, 0.0, 0.986948, 0.141803, 0.076324, 0.272858, -0.060454, -0.113037, 0.991751, 0.0, 0.0, 0.0, 0.0, 1.0],
                [0.445987, -0.894208, -0.038579, -0.0, 0.884207, 0.433495, 0.173958, 0.272858, -0.138831, -0.111695, 0.983998, -0.0, 0.0, 0.0, 0.0, 1.0],
                [0.802598, -0.247502, 0.542752, -0.0, 0.595701, 0.284884, -0.750987, 0.272858, 0.03125, 0.926059, 0.376085, -0.0, 0.0, 0.0, 0.0, 1.0],
                [-0.978264, 0.206823, -0.014976, 0.0, -0.015562, -0.145239, -0.989275, 0.272858, -0.206779, -0.967538, 0.145301, -0.0, 0.0, 0.0, 0.0, 1.0],
                [-0.978264, 0.206823, -0.014976, -0.0, -0.015562, -0.145239, -0.989275, 0.272858, -0.206779, -0.967538, 0.145301, -0.0, 0.0, 0.0, 0.0, 1.0],
                [-0.978264, 0.206823, -0.014976, 0.0, -0.015562, -0.145239, -0.989275, 0.272858, -0.206779, -0.967539, 0.145301, 0.0, 0.0, 0.0, 0.0, 1.0]
            ]
        },
        {
            "name": "Elbow_R",
            "time": [0.0, 0.0667, 0.1333, 0.2667, 0.4667, 0.6, 0.7333, 1.0, 1.1333, 1.3, 1.4667, 1.6, 2.0],
            "transform": [
                [-1.0, 0.0, 0.0, -0.0, 0.0, 0.0, -1.0, 0.42341, -0.0, -1.0, -0.0, -0.0, 0.0, 0.0, 0.0, 1.0],
                [-1.0, 0.0, -0.0, 0.0, 0.0, 0.0, -1.0, 0.42341, -0.0, -1.0, 0.0, -0.0, 0.0, 0.0, 0.0, 1.0],
                [-1.0, 0.0, 0.0, 0.0, 0.0, -0.0, -1.0, 0.42341, -0.0, -1.0, 0.0, 0.0, 0.0, 0.0, 0.0, 1.0],
                [-1.0, 0.0, -0.0, -0.0, -0.0, -0.0, -1.0, 0.42341, -0.0, -1.0, -0.0, -0.0, 0.0, 0.0, 0.0, 1.0],
                [-1.0, 0.0, -0.0, 0.0, 0.0, 0.0, -1.0, 0.42341, -0.0, -1.0, -0.0, -0.0, 0.0, 0.0, 0.0, 1.0],
                [-1.0, 0.0, -0.0, -0.0, 0.0, 0.0, -1.0, 0.42341, -0.0, -1.0, -0.0, -0.0, 0.0, 0.0, 0.0, 1.0],
                [-1.0, 0.0, -0.0, 0.0, 0.0, 0.0, -1.0, 0.42341, -0.0, -1.0, -0.0, -0.0, 0.0, 0.0, 0.0, 1.0],
                [-1.0, 0.0, -0.0, 0.0, 0.0, 0.0, -1.0, 0.42341, -0.0, -1.0, 0.0, -0.0, 0.0, 0.0, 0.0, 1.0],
                [-1.0, 0.0, -0.0, 0.0, 0.0, 0.0, -1.0, 0.42341, -0.0, -1.0, -0.0, 0.0, 0.0, 0.0, 0.0, 1.0],
                [-1.0, 0.0, -0.0, -0.0, 0.0, 0.0, -1.0, 0.42341, -0.0, -1.0, 0.0, 0.0, 0.0, 0.0, 0.0, 1.0],
                [-1.0, 0.0, -0.0, 0.0, 0.0, -0.0, -1.0, 0.42341, -0.0, -1.0, 0.0, -0.0, 0.0, 0.0, 0.0, 1.0],
                [-1.0, 0.0, -0.0, -0.0, 0.0, 0.0, -1.0, 0.42341, -0.0, -1.0, -0.0, -0.0, 0.0, 0.0, 0.0, 1.0],
                [-1.0, 0.0, -0.0, -0.0, 0.0, 0.0, -1.0, 0.42341, -0.0, -1.0, -0.0, 0.0, 0.0, 0.0, 0.0, 1.0]
            ]
        },
        {
            "name": "Shoulder_L",
            "time": [0.0, 0.0667, 0.1333, 0.2667, 0.4667, 0.6, 0.7333, 1.0, 1.1333, 1.3, 1.4667, 1.6, 2.0],
            "transform": [
                [0.30108, -0.640691, -0.706304, 0.0, -0.525102, -0.729654, 0.438033, 0.4, -0.796002, 0.238999, -0.556112, -0.0, 0.0, 0.0, 0.0, 1.0],
                [0.226914, -0.727126, -0.647919, -0.0, -0.47846, -0.662684, 0.57613, 0.4, -0.848285, 0.179271, -0.498272, -0.0, 0.0, 0.0, 0.0, 1.0],
                [0.181556, -0.756328, -0.628495, 0.0, -0.497902, -0.621841, 0.60449, 0.4, -0.848016, 0.20318, -0.489475, -0.0, 0.0, 0.0, 0.0, 1.0],
                [-0.049248, -0.789011, -0.612402, -0.0, -0.596393, -0.468607, 0.651708, 0.4, -0.801181, 0.397328, -0.447482, 0.0, 0.0, 0.0, 0.0, 1.0],
                [0.169646, -0.916103, -0.363284, -0.0, -0.58436, -0.39034, 0.711448, 0.4, -0.793564, 0.091594, -0.601553, -0.0, 0.0, 0.0, 0.0, 1.0],
                [0.169646, -0.916103, -0.363284, 0.0, -0.58436, -0.39034, 0.711448, 0.399999, -0.793564, 0.091595, -0.601554, -0.0, 0.0, 0.0, 0.0, 1.0],
                [0.121998, -0.955545, -0.268422, -0.0, -0.596113, -0.286774, 0.74994, 0.4, -0.793578, 0.068519, -0.604599, 0.0, 0.0, 0.0, 0.0, 1.0],
                [-0.144961, -0.986642, 0.074324, 0.0, -0.583805, 0.145939, 0.79867, 0.4, -0.798848, 0.072385, -0.597162, -0.0, 0.0, 0.0, 0.0, 1.0],
                [-0.185918, -0.971535, 0.146814, 0.0, -0.570559, 0.228394, 0.788859, 0.4, -0.799936, 0.062897, -0.59678, -0.0, 0.0, 0.0, 0.0, 1.0],
                [-0.134038, -0.969886, 0.203357, -0.0, -0.568964, 0.243335, 0.785537, 0.4, -0.811365, -0.010411, -0.584446, 0.0, 0.0, 0.0, 0.0, 1.0],
                [0.488281, -0.84533, -0.216792, 0.0, -0.335123, -0.411001, 0.847803, 0.4, -0.805775, -0.341314, -0.483974, -0.0, 0.0, 0.0, 0.0, 1.0],
                [0.630014, -0.723836, -0.281325, -0.0, -0.169961, -0.481995, 0.859531, 0.4, -0.757756, -0.493703, -0.426688, 0.0, 0.0, 0.0, 0.0, 1.0],
                [0.253017, -0.885226, 0.390329, -0.0, -0.948498, -0.147481, 0.280358, 0.4, -0.190614, -0.441162, -0.876951, -0.0, 0.0, 0.0, 0.0, 1.0]
            ]
        },
        {
            "name": "Arm_L",
            "time": [0.0, 0.0667, 0.1333, 0.2667, 0.4667, 0.6, 0.7333, 1.0, 1.1333, 1.3, 1.4667, 1.6, 2.0],
            "transform": [
                [0.540611, 0.631211, -0.556159, -0.0, -0.627191, -0.1382, -0.766507, 0.39386, -0.560689, 0.763199, 0.321178, -0.0, 0.0, 0.0, 0.0, 1.0],
                [0.488534, 0.536945, -0.687768, 0.0, -0.663079, -0.283887, -0.692629, 0.39386, -0.567152, 0.794417, 0.217348, -0.0, 0.0, 0.0, 0.0, 1.0],
                [0.453004, 0.589613, -0.668688, -0.0, -0.675344, -0.262686, -0.689135, 0.39386, -0.581978, 0.763775, 0.279193, 0.0, 0.0, 0.0, 0.0, 1.0],
                [0.302171, 0.910949, -0.280828, 0.0, -0.690453, 0.006035, -0.723352, 0.39386, -0.657242, 0.412474, 0.630791, -0.0, 0.0, 0.0, 0.0, 1.0],
                [0.524553, 0.782448, 0.335588, -0.0, -0.476982, 0.596587, -0.645424, 0.39386, -0.705218, 0.17849, 0.686155, 0.0, 0.0, 0.0, 0.0, 1.0],
                [0.524553, 0.782448, 0.335588, -0.0, -0.476982, 0.596587, -0.645424, 0.39386, -0.705218, 0.17849, 0.686155, 0.0, 0.0, 0.0, 0.0, 1.0],
                [0.569757, 0.729909, 0.377638, -0.0, -0.46958, 0.666264, -0.579299, 0.39386, -0.674442, 0.152728, 0.722359, 0.0, 0.0, 0.0, 0.0, 1.0],
                [0.846476, 0.461572, 0.265386, -0.0, -0.21551, 0.752819, -0.621948, 0.39386, -0.486861, 0.469271, 0.736716, 0.0, 0.0, 0.0, 0.0, 1.0],
                [0.875082, 0.414958, 0.249081, 0.0, -0.176529, 0.752868, -0.634057, 0.39386, -0.450632, 0.510882, 0.732073, -0.0, 0.0, 0.0, 0.0, 1.0],
                [0.872684, 0.421439, 0.246598, 0.0, -0.191939, 0.760455, -0.620377, 0.393861, -0.448978, 0.494062, 0.744528, 0.0, 0.0, 0.0, 0.0, 1.0],
                [0.9621, 0.248584, -0.112116, -0.0, -0.27263, 0.867655, -0.415749, 0.39386, -0.00607, 0.430558, 0.902543, -0.0, 0.0, 0.0, 0.0, 1.0],
                [0.973729, 0.226633, 0.022109, -0.0, -0.163188, 0.762244, -0.626382, 0.39386, -0.158812, 0.606318, 0.779203, 0.0, 0.0, 0.0, 0.0, 1.0],
                [0.614656, 0.693668, 0.37553, 0.0, -0.53126, 0.71596, -0.45295, 0.39386, -0.583062, 0.078904, 0.808587, -0.0, 0.0, 0.0, 0.0, 1.0]
            ]
        },
        {
            "name": "Hand_L",
            "time": [0.0, 0.0667, 0.1333, 0.2667, 0.4667, 0.6, 0.7333, 1.0, 1.1333, 1.3, 1.4667, 1.6, 2.0],
            "transform": [
                [0.972888, 0.225395, -0.05183, -0.0, -0.230478, 0.926247, -0.298239, 0.3, -0.019214, 0.302098, 0.953083, -0.0, 0.0, 0.0, 0.0, 1.0],
                [0.972888, 0.225395, -0.05183, -0.0, -0.230478, 0.926247, -0.298239, 0.3, -0.019214, 0.302098, 0.953083, 0.0, 0.0, 0.0, 0.0, 1.0],
                [0.972888, 0.225395, -0.05183, -0.0, -0.230478, 0.926247, -0.298239, 0.3, -0.019214, 0.302098, 0.953083, 0.0, 0.0, 0.0, 0.0, 1.0],
                [0.972888, 0.225395, -0.05183, 0.0, -0.230478, 0.926247, -0.298239, 0.3, -0.019214, 0.302098, 0.953083, 0.0, 0.0, 0.0, 0.0, 1.0],
                [0.682794, 0.654244, -0.325203, 0.0, -0.728668, 0.642244, -0.237836, 0.3, 0.053257, 0.399358, 0.915247, -0.0, 0.0, 0.0, 0.0, 1.0],
                [0.682794, 0.654244, -0.325203, 0.0, -0.728668, 0.642244, -0.237836, 0.3, 0.053257, 0.399358, 0.915247, 0.0, 0.0, 0.0, 0.0, 1.0],
                [0.670624, 0.66333, -0.332048, 0.0, -0.739804, 0.630867, -0.233875, 0.3, 0.054342, 0.402492, 0.913809, -0.0, 0.0, 0.0, 0.0, 1.0],
                [0.650035, 0.677965, -0.343245, -0.0, -0.757837, 0.611662, -0.227054, 0.3, 0.056015, 0.407717, 0.911389, 0.0, 0.0, 0.0, 0.0, 1.0],
                [0.648401, 0.679089, -0.344114, 0.0, -0.759226, 0.61014, -0.226507, 0.3, 0.056139, 0.408128, 0.911197, -0.0, 0.0, 0.0, 0.0, 1.0],
                [0.648401, 0.679089, -0.344114, 0.0, -0.759226, 0.61014, -0.226507, 0.3, 0.056139, 0.408128, 0.911197, -0.0, 0.0, 0.0, 0.0, 1.0],
                [0.648401, 0.679089, -0.344114, 0.0, -0.759226, 0.61014, -0.226507, 0.3, 0.056139, 0.408128, 0.911197, 0.0, 0.0, 0.0, 0.0, 1.0],
                [0.648401, 0.679089, -0.344114, -0.0, -0.759226, 0.61014, -0.226507, 0.3, 0.056139, 0.408128, 0.911197, 0.0, 0.0, 0.0, 0.0, 1.0],
                [0.980854, 0.05356, 0.187234, 0.0, -0.060219, 0.997733, 0.030056, 0.3, -0.1852, -0.040755, 0.981856, 0.0, 0.0, 0.0, 0.0, 1.0]
            ]
        },
        {
            "name": "Tool_L",
            "time": [0.0, 0.0667, 0.1333, 0.2667, 0.4667, 0.6, 0.7333, 1.0, 1.1333, 1.3, 1.4667, 1.6, 2.0],
            "transform": [
                [1.0, -0.0, 0.0, 0.0, -0.0, -0.999836, 0.018122, 0.272858, 0.0, -0.018122, -0.999836, -0.0, 0.0, 0.0, 0.0, 1.0],
                [1.0, -0.0, 0.0, 0.0, -0.0, -0.999836, 0.018122, 0.272858, 0.0, -0.018122, -0.999836, 0.0, 0.0, 0.0, 0.0, 1.0],
                [1.0, -0.0, 0.0, 0.0, -0.0, -0.999836, 0.018122, 0.272858, 0.0, -0.018122, -0.999836, 0.0, 0.0, 0.0, 0.0, 1.0],
                [1.0, -0.0, 0.0, 0.0, -0.0, -0.999836, 0.018122, 0.272858, 0.0, -0.018122, -0.999836, 0.0, 0.0, 0.0, 0.0, 1.0],
                [1.0, -0.0, 0.0, -0.0, 0.0, -0.999836, 0.018122, 0.272858, 0.0, -0.018122, -0.999836, -0.0, 0.0, 0.0, 0.0, 1.0],
                [1.0, -0.0, 0.0, -0.0, -0.0, -0.999836, 0.018122, 0.272858, 0.0, -0.018122, -0.999836, 0.0, 0.0, 0.0, 0.0, 1.0],
                [1.0, -0.0, 0.0, 0.0, 0.0, -0.999836, 0.018122, 0.272858, 0.0, -0.018122, -0.999836, 0.0, 0.0, 0.0, 0.0, 1.0],
                [1.0, -0.0, 0.0, 0.0, -0.0, -0.999836, 0.018122, 0.272858, 0.0, -0.018122, -0.999836, 0.0, 0.0, 0.0, 0.0, 1.0],
                [1.0, 0.0, 0.0, 0.0, -0.0, -0.999836, 0.018122, 0.272858, 0.0, -0.018122, -0.999836, 0.0, 0.0, 0.0, 0.0, 1.0],
                [1.0, -0.0, 0.0, -0.0, 0.0, -0.999836, 0.018122, 0.272858, 0.0, -0.018122, -0.999836, -0.0, 0.0, 0.0, 0.0, 1.0],
                [1.0, -0.0, 0.0, 0.0, -0.0, -0.999835, 0.018122, 0.272858, 0.0, -0.018122, -0.999836, 0.0, 0.0, 0.0, 0.0, 1.0],
                [1.0, -0.0, 0.0, 0.0, 0.0, -0.999835, 0.018122, 0.272858, 0.0, -0.018122, -0.999836, -0.0, 0.0, 0.0, 0.0, 1.0],
                [1.0, -0.0, 0.0, 0.0, -0.0, -0.999835, 0.018122, 0.272858, 0.0, -0.018122, -0.999836, 0.0, 0.0, 0.0, 0.0, 1.0]
            ]
        },
        {
            "name": "Elbow_L",
            "time": [0.0, 0.0667, 0.1333, 0.2667, 0.4667, 0.6, 0.7333, 1.0, 1.1333, 1.3, 1.4667, 1.6, 2.0],
            "transform": [
                [-1.0, 0.0, -0.0, -0.0, 0.0, -0.0, -1.0, 0.35261, -0.0, -1.0, 0.0, -0.0, 0.0, 0.0, 0.0, 1.0],
