{
    "animation": [
        {
            "name": "Root",
            "time": [0.0, 0.1667, 0.2667, 0.4, 0.4667, 0.8667, 1.0333, 1.1667, 1.4333, 1.6333],
            "transform": [
                [0.626413, -0.004619, -0.779477, -5e-06, -0.779474, -0.01033, -0.626349, 0.196278, -0.005159, 0.999936, -0.010071, 0.73842, 0.0, 0.0, 0.0, 1.0],
                [-0.491749, -0.011306, -0.870664, -5e-06, -0.870722, 0.000461, 0.491776, 1.070191, -0.005159, 0.999936, -0.010071, 0.665002, 0.0, 0.0, 0.0, 1.0],
                [-0.742975, -0.010574, -0.669235, -5e-06, -0.669299, 0.00403, 0.742982, 1.267203, -0.005159, 0.999936, -0.010071, 0.648451, 0.0, 0.0, 0.0, 1.0],
                [-0.977917, -0.002941, 0.208974, -5e-06, 0.208931, 0.010927, 0.977869, 1.920613, -0.005159, 0.999936, -0.010071, 0.593557, 0.0, 0.0, 0.0, 1.0],
                [-0.96112, -0.002178, 0.276123, -5e-06, 0.276083, 0.011104, 0.961069, 2.974511, -0.005159, 0.999936, -0.010071, 0.58854, 0.0, 0.0, 0.0, 1.0],
                [-0.960315, -0.002145, 0.278909, -5e-06, 0.278869, 0.01111, 0.960265, 3.152781, -0.005159, 0.999936, -0.010071, 0.588324, 0.0, 0.0, 0.0, 1.0],
                [-0.960315, -0.002145, 0.278909, -5e-06, 0.278869, 0.01111, 0.960265, 2.971124, -0.005159, 0.999936, -0.010071, 0.712182, 0.0, 0.0, 0.0, 1.0],
                [-0.952071, -0.001832, 0.305871, -5e-06, 0.305833, 0.011164, 0.95202, 2.973842, -0.005159, 0.999936, -0.010069, 0.711587, 0.0, 0.0, 0.0, 1.0],
                [0.984125, 0.007002, 0.177337, -5e-06, 0.177396, -0.008984, -0.984099, 3.321538, -0.005298, 0.999935, -0.010083, 0.673495, 0.0, 0.0, 0.0, 1.0],
                [0.999986, 0.005151, -0.000806, -5e-06, -0.000754, -0.010075, -0.999949, 3.300258, -0.005159, 0.999936, -0.010071, 0.689151, 0.0, 0.0, 0.0, 1.0]
            ]
        },
        {
            "name": "Thigh_R",
            "time": [0.0, 0.1667, 0.2667, 0.4, 0.4667, 0.8667, 1.0333, 1.1667, 1.4333, 1.6333],
            "transform": [
                [0.986488, 0.162901, -0.017456, 0.124994, 0.156929, -0.908925, 0.386296, -0.002831, 0.047062, -0.383815, -0.92221, -1.2e-05, 0.0, 0.0, 0.0, 1.0],
                [0.994532, -0.04399, 0.094717, 0.124994, -0.088788, -0.833656, 0.545098, -0.002831, 0.054982, -0.550526, -0.833005, -1.2e-05, 0.0, 0.0, 0.0, 1.0],
                [0.988232, -0.087956, 0.125138, 0.124994, -0.144468, -0.805502, 0.57471, -0.00283, 0.05025, -0.586025, -0.808733, -1.2e-05, 0.0, 0.0, 0.0, 1.0],
                [0.946667, -0.220194, 0.235235, 0.124994, -0.321715, -0.686485, 0.652101, -0.002831, 0.017897, -0.693, -0.720714, -1.2e-05, 0.0, 0.0, 0.0, 1.0],
                [0.941659, -0.23179, 0.24403, 0.124994, -0.336355, -0.673847, 0.657871, -0.002831, 0.011951, -0.70157, -0.712499, -1.2e-05, 0.0, 0.0, 0.0, 1.0],
                [0.941157, -0.231483, 0.246247, 0.124994, -0.337696, -0.673346, 0.657696, -0.002831, 0.013564, -0.702151, -0.711898, -1.2e-05, 0.0, 0.0, 0.0, 1.0],
                [0.980321, -0.092417, 0.174441, 0.124994, -0.128317, -0.969822, 0.207307, -0.002831, 0.150018, -0.225611, -0.962598, -1.2e-05, 0.0, 0.0, 0.0, 1.0],
                [0.97987, -0.075047, 0.184993, 0.124994, -0.113959, -0.971109, 0.209659, -0.002831, 0.163915, -0.22652, -0.960115, -1.2e-05, 0.0, 0.0, 0.0, 1.0],
                [0.923504, 0.034271, 0.382054, 0.124994, -0.09347, -0.945871, 0.310784, -0.002831, 0.372025, -0.322721, -0.870315, -1.2e-05, 0.0, 0.0, 0.0, 1.0],
                [0.909595, 0.074097, 0.408835, 0.124994, -0.033582, -0.967638, 0.25009, -0.00283, 0.414136, -0.241209, -0.877673, -1.2e-05, 0.0, 0.0, 0.0, 1.0]
            ]
        },
        {
            "name": "Leg_R",
            "time": [0.0, 0.1667, 0.2667, 0.4, 0.4667, 0.8667, 1.0333, 1.1667, 1.4333, 1.6333],
            "transform": [
                [1.0, -0.0, 1e-06, 0.0, -1e-06, 0.700672, 0.713484, 0.37472, -1e-06, -0.713485, 0.700671, 0.0, 0.0, 0.0, 0.0, 1.0],
                [0.983239, 0.171954, 0.060607, -0.0, -0.151825, 0.588156, 0.794369, 0.37472, 0.100948, -0.790257, 0.604404, 0.0, 0.0, 0.0, 0.0, 1.0],
                [0.974831, 0.209134, 0.077253, -0.0, -0.183782, 0.557643, 0.80948, 0.37472, 0.12621, -0.803305, 0.582042, 0.0, 0.0, 0.0, 0.0, 1.0],
                [0.93536, 0.325232, 0.13902, 0.0, -0.281174, 0.445274, 0.850101, 0.37472, 0.214578, -0.83424, 0.507937, 0.0, 0.0, 0.0, 0.0, 1.0],
                [0.930944, 0.334833, 0.145708, 0.0, -0.289688, 0.434258, 0.852936, 0.37472, 0.222317, -0.836247, 0.501266, 0.0, 0.0, 0.0, 0.0, 1.0],
                [0.930719, 0.335607, 0.145365, -0.0, -0.289675, 0.433793, 0.853177, 0.37472, 0.223274, -0.836178, 0.500955, -0.0, 0.0, 0.0, 0.0, 1.0],
                [0.984202, 0.170525, -0.047626, 0.0, -0.126885, 0.866946, 0.481981, 0.37472, 0.123479, -0.468324, 0.874885, -0.0, 0.0, 0.0, 0.0, 1.0],
                [0.98319, 0.174836, -0.052627, 0.0, -0.128132, 0.866029, 0.483297, 0.37472, 0.130075, -0.46843, 0.873872, 0.0, 0.0, 0.0, 0.0, 1.0],
                [0.930651, 0.364433, -0.032836, -0.0, -0.288663, 0.786369, 0.546167, 0.37472, 0.224863, -0.498813, 0.837032, -0.0, 0.0, 0.0, 0.0, 1.0],
                [0.932379, 0.355998, -0.062736, -0.0, -0.284525, 0.829792, 0.480095, 0.37472, 0.222971, -0.429781, 0.874969, 0.0, 0.0, 0.0, 0.0, 1.0]
            ]
        },
        {
            "name": "Knee_R",
            "time": [0.0, 0.1667, 0.2667, 0.4, 0.4667, 0.8667, 1.0333, 1.1667, 1.4333, 1.6333],
            "transform": [
                [1.0, 0.0, -0.0, 0.0, -0.0, 0.0, -1.0, 0.466807, -0.0, 1.0, 0.0, 0.001628, 0.0, 0.0, 0.0, 1.0],
                [1.0, 0.0, -0.0, -0.0, -0.0, 0.0, -1.0, 0.466807, -0.0, 1.0, 0.0, 0.001628, 0.0, 0.0, 0.0, 1.0],
                [1.0, 0.0, -1e-06, -0.0, -0.0, 0.0, -1.0, 0.466807, -0.0, 1.0, 0.0, 0.001628, 0.0, 0.0, 0.0, 1.0],
                [1.0, 0.0, -0.0, 0.0, -0.0, 0.0, -1.0, 0.466807, -0.0, 1.0, 0.0, 0.001628, 0.0, 0.0, 0.0, 1.0],
                [1.0, 0.0, -0.0, 0.0, -1e-06, 0.0, -1.0, 0.466806, -0.0, 1.0, 0.0, 0.001628, 0.0, 0.0, 0.0, 1.0],
                [1.0, 0.0, -0.0, -0.0, -1e-06, 0.0, -1.0, 0.466806, -0.0, 1.0, 0.0, 0.001628, 0.0, 0.0, 0.0, 1.0],
                [1.0, 0.0, -0.0, 0.0, -0.0, 0.0, -1.0, 0.466807, -0.0, 1.0, 0.0, 0.001628, 0.0, 0.0, 0.0, 1.0],
                [1.0, 0.0, -0.0, 0.0, -0.0, 0.0, -1.0, 0.466806, -0.0, 1.0, 0.0, 0.001628, 0.0, 0.0, 0.0, 1.0],
                [1.0, 0.0, -0.0, 0.0, -0.0, 0.0, -1.0, 0.466807, -0.0, 1.0, 0.0, 0.001628, 0.0, 0.0, 0.0, 1.0],
                [1.0, 0.0, -0.0, 0.0, -0.0, 0.0, -1.0, 0.466807, -0.0, 1.0, 0.0, 0.001628, 0.0, 0.0, 0.0, 1.0]
            ]
        },
        {
            "name": "Thigh_L",
            "time": [0.0, 0.1667, 0.2667, 0.4, 0.4667, 0.8667, 1.0333, 1.1667, 1.4333, 1.6333],
            "transform": [
                [0.707098, -0.280146, -0.649254, -0.125006, -0.050044, -0.935696, 0.349239, -0.002831, -0.705342, -0.214455, -0.675649, -1.2e-05, 0.0, 0.0, 0.0, 1.0],
                [0.806596, -0.007551, -0.591055, -0.125006, -0.037872, -0.998524, -0.038926, -0.002831, -0.589889, 0.053782, -0.805691, -1.2e-05, 0.0, 0.0, 0.0, 1.0],
                [0.826253, 0.050819, -0.561002, -0.125006, -0.026643, -0.991282, -0.129037, -0.002831, -0.562669, 0.121564, -0.817696, -1.2e-05, 0.0, 0.0, 0.0, 1.0],
                [0.878486, 0.219769, -0.42422, -0.125006, 0.030267, -0.911739, -0.409653, -0.002831, -0.476808, 0.347034, -0.807603, -1.2e-05, 0.0, 0.0, 0.0, 1.0],
                [0.880902, 0.233358, -0.41177, -0.125006, 0.03613, -0.900618, -0.433106, -0.002831, -0.471917, 0.366647, -0.801788, -1.2e-05, 0.0, 0.0, 0.0, 1.0],
                [0.882279, 0.233371, -0.408806, -0.125006, 0.037007, -0.900155, -0.433994, -0.002831, -0.46927, 0.367775, -0.802825, -1.2e-05, 0.0, 0.0, 0.0, 1.0],
                [0.887322, 0.156924, -0.43363, -0.125006, 0.094001, -0.982127, -0.163066, -0.002831, -0.451469, 0.10393, -0.886214, -1.2e-05, 0.0, 0.0, 0.0, 1.0],
                [0.892095, 0.148003, -0.426921, -0.125006, 0.084847, -0.982896, -0.163451, -0.002831, -0.44381, 0.109591, -0.889395, -1.2e-05, 0.0, 0.0, 0.0, 1.0],
                [0.982413, -0.13338, -0.130671, -0.125006, -0.169852, -0.929041, -0.328683, -0.002831, -0.077559, 0.345098, -0.935357, -1.2e-05, 0.0, 0.0, 0.0, 1.0],
                [0.97749, -0.193372, -0.084389, -0.125006, -0.210156, -0.92778, -0.308315, -0.002831, -0.018675, 0.31911, -0.947534, -1.2e-05, 0.0, 0.0, 0.0, 1.0]
            ]
        },
        {
            "name": "Leg_L",
            "time": [0.0, 0.1667, 0.2667, 0.4, 0.4667, 0.8667, 1.0333, 1.1667, 1.4333, 1.6333],
            "transform": [
                [1.0, -0.0, 2e-06, 0.0, -0.0, 0.93493, 0.354831, 0.37472, -2e-06, -0.354831, 0.934931, 0.0, 0.0, 0.0, 0.0, 1.0],
                [1.0, -0.0, 2e-06, -0.0, -0.0, 0.93493, 0.354831, 0.37472, -2e-06, -0.354831, 0.934931, 0.0, 0.0, 0.0, 0.0, 1.0],
                [1.0, -0.0, 2e-06, -0.0, -0.0, 0.93493, 0.354831, 0.37472, -2e-06, -0.354831, 0.934931, 0.0, 0.0, 0.0, 0.0, 1.0],
                [1.0, -0.0, 2e-06, 0.0, -0.0, 0.93493, 0.354831, 0.37472, -2e-06, -0.354831, 0.934931, 0.0, 0.0, 0.0, 0.0, 1.0],
                [1.0, -0.0, 2e-06, -0.0, -0.0, 0.93493, 0.354831, 0.37472, -2e-06, -0.354831, 0.934931, -0.0, 0.0, 0.0, 0.0, 1.0],
                [1.0, -0.0, 2e-06, -0.0, -0.0, 0.93493, 0.354831, 0.37472, -2e-06, -0.354831, 0.934931, -0.0, 0.0, 0.0, 0.0, 1.0],
                [1.0, -0.0, 2e-06, -0.0, -0.0, 0.93493, 0.354831, 0.37472, -2e-06, -0.354831, 0.934931, 0.0, 0.0, 0.0, 0.0, 1.0],
                [1.0, 0.000486, 0.000708, -0.0, -0.000704, 0.935526, 0.353257, 0.37472, -0.000491, -0.353257, 0.935526, -0.0, 0.0, 0.0, 0.0, 1.0],
                [0.997223, 0.046528, 0.058156, -0.0, -0.057922, 0.975365, 0.212855, 0.37472, -0.04682, -0.215633, 0.975352, -0.0, 0.0, 0.0, 0.0, 1.0],
                [0.996264, 0.054742, 0.066797, 0.0, -0.066521, 0.979664, 0.189294, 0.37472, -0.055077, -0.19303, 0.979646, 0.0, 0.0, 0.0, 0.0, 1.0]
            ]
        },
        {
            "name": "Knee_L",
            "time": [0.0, 0.1667, 0.2667, 0.4, 0.4667, 0.8667, 1.0333, 1.1667, 1.4333, 1.6333],
            "transform": [
                [1.0, 0.0, -0.0, 0.0, -0.0, 0.0, -1.0, 0.390262, -0.0, 1.0, 0.0, 0.0, 0.0, 0.0, 0.0, 1.0],
                [1.0, 0.0, -0.0, 0.0, -0.0, 0.0, -1.0, 0.390262, -0.0, 1.0, 0.0, 0.0, 0.0, 0.0, 0.0, 1.0],
                [1.0, 0.0, -0.0, 0.0, -0.0, 0.0, -1.0, 0.390262, -0.0, 1.0, 0.0, 0.0, 0.0, 0.0, 0.0, 1.0],
                [1.0, 0.0, -0.0, 0.0, -0.0, 0.0, -1.0, 0.390262, -0.0, 1.0, 0.0, 0.0, 0.0, 0.0, 0.0, 1.0],
                [1.0, 0.0, -0.0, -0.0, -0.0, 0.0, -1.0, 0.390262, -0.0, 1.0, 0.0, -0.0, 0.0, 0.0, 0.0, 1.0],
                [1.0, 0.0, -0.0, -0.0, -0.0, 0.0, -1.0, 0.390262, -0.0, 1.0, 0.0, -0.0, 0.0, 0.0, 0.0, 1.0],
                [1.0, 0.0, -0.0, -0.0, -0.0, 0.0, -1.0, 0.390262, -0.0, 1.0, 0.0, 0.0, 0.0, 0.0, 0.0, 1.0],
                [1.0, 0.0, -0.0, 0.0, -0.0, 0.0, -1.0, 0.390262, -0.0, 1.0, 0.0, 0.0, 0.0, 0.0, 0.0, 1.0],
                [1.0, 0.0, -0.0, 0.0, -0.0, 0.0, -1.0, 0.390262, -0.0, 1.0, 0.0, 0.0, 0.0, 0.0, 0.0, 1.0],
                [1.0, 0.0, -0.0, 0.0, -0.0, 0.0, -1.0, 0.390262, -0.0, 1.0, 0.0, 0.0, 0.0, 0.0, 0.0, 1.0]
            ]
        },
        {
            "name": "Torso",
            "time": [0.0, 0.1667, 0.2667, 0.4, 0.4667, 0.8667, 1.0333, 1.1667, 1.4333, 1.6333],
            "transform": [
                [0.999904, -0.013858, -8.6e-05, 0.0, 0.013858, 0.999827, 0.012445, 0.05, -8.6e-05, -0.012445, 0.999923, 0.0, 0.0, 0.0, 0.0, 1.0],
                [0.845315, 0.015113, -0.534055, 0.0, 0.057612, 0.991193, 0.119238, 0.05, 0.531153, -0.131562, 0.836999, -0.0, 0.0, 0.0, 0.0, 1.0],
                [0.830996, 0.020207, -0.555912, 0.0, 0.070366, 0.987494, 0.141081, 0.05, 0.55181, -0.156355, 0.819182, -0.0, 0.0, 0.0, 0.0, 1.0],
                [0.9289, -0.02747, -0.36931, -0.0, 0.11452, 0.969673, 0.215918, 0.05, 0.352179, -0.24286, 0.903875, 0.0, 0.0, 0.0, 0.0, 1.0],
                [0.935011, -0.032693, -0.353108, 0.0, 0.11811, 0.9676, 0.223162, 0.05, 0.334371, -0.250364, 0.908578, 0.0, 0.0, 0.0, 0.0, 1.0],
                [0.936015, -0.033162, -0.350393, -0.0, 0.117908, 0.96757, 0.223396, 0.05, 0.331621, -0.250417, 0.909571, 0.0, 0.0, 0.0, 0.0, 1.0],
                [0.939462, 0.0197, -0.342086, 0.0, 0.004862, 0.997479, 0.070797, 0.05, 0.342619, -0.068174, 0.936998, 0.0, 0.0, 0.0, 0.0, 1.0],
                [0.939238, 0.015445, -0.342919, -0.0, 0.001259, 0.998825, 0.048437, 0.05, 0.343265, -0.045926, 0.938115, -0.0, 0.0, 0.0, 0.0, 1.0],
                [0.92609, -0.030789, -0.376045, 0.0, -0.00271, 0.996097, -0.088229, 0.05, 0.377294, 0.082727, 0.922391, 0.0, 0.0, 0.0, 0.0, 1.0],
                [0.926199, -0.030711, -0.375782, 0.0, -0.024162, 0.989794, -0.140443, 0.05, 0.37626, 0.139158, 0.916004, 0.0, 0.0, 0.0, 0.0, 1.0]
            ]
        },
        {
            "name": "Chest",
            "time": [0.0, 0.1667, 0.2667, 0.4, 0.4667, 0.8667, 1.0333, 1.1667, 1.4333, 1.6333],
            "transform": [
                [1.0, -0.0, 0.0, 0.0, 0.0, 1.0, 0.0, 0.3, -0.0, 0.0, 1.0, 0.0, 0.0, 0.0, 0.0, 1.0],
                [0.997868, -0.065182, -0.003336, -0.0, 0.065049, 0.989063, 0.132377, 0.3, -0.005329, -0.132311, 0.991194, -0.0, 0.0, 0.0, 0.0, 1.0],
                [0.996798, -0.079784, -0.005286, -0.0, 0.079585, 0.983576, 0.162003, 0.3, -0.007726, -0.161905, 0.986776, 0.0, 0.0, 0.0, 0.0, 1.0],
                [0.991733, -0.127459, -0.014852, -0.0, 0.126945, 0.957592, 0.258657, 0.3, -0.018746, -0.258404, 0.965855, -0.0, 0.0, 0.0, 0.0, 1.0],
                [0.991156, -0.131735, -0.01599, 0.0, 0.131193, 0.954634, 0.267326, 0.3, -0.019952, -0.267059, 0.963474, -0.0, 0.0, 0.0, 0.0, 1.0],
                [0.991131, -0.131922, -0.016007, 0.0, 0.13137, 0.954504, 0.267699, 0.3, -0.020037, -0.267428, 0.96337, 0.0, 0.0, 0.0, 0.0, 1.0],
                [0.999167, -0.039569, 0.01, -0.0, 0.037795, 0.989541, 0.139214, 0.3, -0.015404, -0.13872, 0.990212, -0.0, 0.0, 0.0, 0.0, 1.0],
                [0.999105, -0.041187, 0.009677, 0.0, 0.039405, 0.989144, 0.14157, 0.3, -0.015403, -0.141062, 0.989881, -0.0, 0.0, 0.0, 0.0, 1.0],
                [0.989626, -0.142419, -0.018905, 0.0, 0.141774, 0.946785, 0.288961, 0.3, -0.023255, -0.288644, 0.957154, 0.0, 0.0, 0.0, 0.0, 1.0],
                [0.989626, -0.142419, -0.018905, -0.0, 0.141774, 0.946785, 0.288961, 0.3, -0.023255, -0.288644, 0.957154, 0.0, 0.0, 0.0, 0.0, 1.0]
            ]
        },
        {
            "name": "Head",
            "time": [0.0, 0.1667, 0.2667, 0.4, 0.4667, 0.8667, 1.0333, 1.1667, 1.4333, 1.6333],
            "transform": [
                [0.638393, 0.029381, 0.76915, 0.0, 0.007801, 0.998973, -0.044635, 0.4, -0.769671, 0.034495, 0.637508, -0.0, 0.0, 0.0, 0.0, 1.0],
                [0.78126, 0.09, 0.617683, 0.0, -0.059098, 0.995771, -0.07034, 0.4, -0.621402, 0.01845, 0.783275, 0.0, 0.0, 0.0, 0.0, 1.0],
                [0.808535, 0.104073, 0.579172, 0.0, -0.074878, 0.994431, -0.074161, 0.4, -0.583665, 0.016594, 0.811825, -0.0, 0.0, 0.0, 0.0, 1.0],
                [0.883841, 0.150751, 0.442831, -0.0, -0.127855, 0.988454, -0.081312, 0.4, -0.449976, 0.015249, 0.892911, -0.0, 0.0, 0.0, 0.0, 1.0],
                [0.889798, 0.152928, 0.429969, -0.0, -0.130688, 0.98811, -0.08099, 0.4, -0.437243, 0.015873, 0.899203, -0.0, 0.0, 0.0, 0.0, 1.0],
                [0.889743, 0.155155, 0.429284, 0.0, -0.132904, 0.987768, -0.081548, 0.4, -0.436685, 0.015503, 0.899481, 0.0, 0.0, 0.0, 0.0, 1.0],
                [0.884125, 0.182203, 0.430262, 0.0, -0.139873, 0.981815, -0.128352, 0.4, -0.445824, 0.053298, 0.893533, -1e-06, 0.0, 0.0, 0.0, 1.0],
                [0.884424, 0.181936, 0.42976, 0.0, -0.139965, 0.981895, -0.127639, 0.4, -0.445201, 0.052735, 0.893876, -0.0, 0.0, 0.0, 0.0, 1.0],
                [0.902803, 0.165522, 0.396924, 0.0, -0.144823, 0.98607, -0.081801, 0.4, -0.404935, 0.016367, 0.914199, 0.0, 0.0, 0.0, 0.0, 1.0],
                [0.902803, 0.165522, 0.396924, -0.0, -0.144823, 0.98607, -0.081801, 0.4, -0.404935, 0.016367, 0.914199, 0.0, 0.0, 0.0, 0.0, 1.0]
            ]
        },
        {
            "name": "Shoulder_R",
            "time": [0.0, 0.1667, 0.2667, 0.4, 0.4667, 0.8667, 1.0333, 1.1667, 1.4333, 1.6333],
            "transform": [
                [0.512274, 0.84152, 0.171521, 0.0, -0.075193, -0.155001, 0.985048, 0.4, 0.855524, -0.517512, -0.016126, -0.0, 0.0, 0.0, 0.0, 1.0],
                [0.034392, 0.926931, 0.373651, 0.0, -0.046634, -0.371976, 0.92707, 0.4, 0.99832, -0.049308, 0.030433, 0.0, 0.0, 0.0, 0.0, 1.0],
                [0.010886, 0.924072, 0.382063, 0.0, -0.042522, -0.381312, 0.923468, 0.4, 0.999036, -0.026299, 0.035143, -0.0, 0.0, 0.0, 0.0, 1.0],
                [0.206331, 0.909027, 0.362073, -0.0, -0.055401, -0.358589, 0.93185, 0.4, 0.976912, -0.212329, -0.023627, -0.0, 0.0, 0.0, 0.0, 1.0],
                [0.197996, 0.908956, 0.366873, -0.0, -0.05396, -0.363608, 0.929988, 0.4, 0.978716, -0.203931, -0.022946, -0.0, 0.0, 0.0, 0.0, 1.0],
                [0.194832, 0.908904, 0.36869, 0.0, -0.053401, -0.365506, 0.929276, 0.4, 0.979382, -0.200741, -0.022676, 0.0, 0.0, 0.0, 0.0, 1.0],
                [0.194832, 0.908904, 0.36869, 0.0, -0.053401, -0.365506, 0.929276, 0.4, 0.979382, -0.200741, -0.022676, -1e-06, 0.0, 0.0, 0.0, 1.0],
                [0.194414, 0.908897, 0.36893, 0.0, -0.053326, -0.365757, 0.929181, 0.4, 0.979469, -0.200319, -0.02264, -0.0, 0.0, 0.0, 0.0, 1.0],
                [0.167617, 0.907905, 0.384204, 0.0, -0.048332, -0.381681, 0.923029, 0.4, 0.984666, -0.173285, -0.020096, 0.0, 0.0, 0.0, 0.0, 1.0],
                [0.167617, 0.907905, 0.384204, -0.0, -0.048332, -0.381681, 0.92303, 0.4, 0.984667, -0.173285, -0.020096, 0.0, 0.0, 0.0, 0.0, 1.0]
            ]
        },
        {
            "name": "Arm_R",
            "time": [0.0, 0.1667, 0.2667, 0.4, 0.4667, 0.8667, 1.0333, 1.1667, 1.4333, 1.6333],
            "transform": [
                [0.034147, -0.633113, -0.773306, -0.0, 0.708829, 0.560813, -0.427843, 0.39386, 0.704553, -0.533532, 0.467919, -0.0, 0.0, 0.0, 0.0, 1.0],
                [0.041865, -0.950013, -0.309389, -0.0, 0.268432, 0.30897, -0.912404, 0.393861, 0.962389, -0.044852, 0.267949, -0.0, 0.0, 0.0, 0.0, 1.0],
                [0.049691, -0.957652, -0.283607, 0.0, 0.24495, 0.286971, -0.926092, 0.393861, 0.968261, -0.023451, 0.248837, 0.0, 0.0, 0.0, 0.0, 1.0],
                [-0.312535, 0.286672, -0.905617, 0.0, 0.711617, 0.702181, -0.02331, 0.39386, 0.629224, -0.651738, -0.423456, -0.0, 0.0, 0.0, 0.0, 1.0],
                [-0.365557, 0.365093, -0.856198, 0.0, 0.698515, 0.715562, 0.006891, 0.393861, 0.615178, -0.595549, -0.516602, 0.0, 0.0, 0.0, 0.0, 1.0],
                [-0.380081, 0.362557, -0.850935, 0.0, 0.689749, 0.724049, 0.00041, 0.39386, 0.616267, -0.586775, -0.525271, -0.0, 0.0, 0.0, 0.0, 1.0],
                [-0.228458, -0.956989, 0.178829, 0.0, 0.941159, -0.264089, -0.210896, 0.393861, 0.249052, 0.120125, 0.961011, -0.0, 0.0, 0.0, 0.0, 1.0],
                [-0.223754, -0.958442, 0.176987, 0.0, 0.939767, -0.260304, -0.22154, 0.39386, 0.258404, 0.116756, 0.958956, 0.0, 0.0, 0.0, 0.0, 1.0],
                [-0.066505, -0.990066, -0.123882, -0.0, 0.559214, 0.06584, -0.826404, 0.39386, 0.826351, -0.124237, 0.54928, -0.0, 0.0, 0.0, 0.0, 1.0],
                [-0.133139, -0.968282, -0.211434, -0.0, 0.539896, 0.108044, -0.834768, 0.39386, 0.831135, -0.225293, 0.508387, 0.0, 0.0, 0.0, 0.0, 1.0]
            ]
        },
        {
            "name": "Hand_R",
            "time": [0.0, 0.1667, 0.2667, 0.4, 0.4667, 0.8667, 1.0333, 1.1667, 1.4333, 1.6333],
            "transform": [
                [0.999991, 0.003767, 0.00217, 0.0, -0.003126, 0.969951, -0.243283, 0.3, -0.003021, 0.243273, 0.969953, -0.0, 0.0, 0.0, 0.0, 1.0],
                [0.758875, 0.083429, -0.64587, -0.0, -0.227202, 0.963363, -0.142515, 0.3, 0.610317, 0.254894, 0.750028, 0.0, 0.0, 0.0, 0.0, 1.0],
                [0.624208, 0.09086, -0.775957, 0.0, -0.273236, 0.95588, -0.107874, 0.3, 0.731919, 0.279355, 0.621494, -0.0, 0.0, 0.0, 0.0, 1.0],
                [0.068059, -0.153947, -0.985733, 0.0, -0.558172, 0.813049, -0.165516, 0.3, 0.82693, 0.561473, -0.030594, 0.0, 0.0, 0.0, 0.0, 1.0],
                [0.035598, -0.162467, -0.986072, 0.0, -0.572617, 0.805351, -0.153363, 0.3, 0.81905, 0.5701, -0.064362, 0.0, 0.0, 0.0, 0.0, 1.0],
                [0.019128, -0.167129, -0.985749, 0.0, -0.56994, 0.808231, -0.148091, 0.3, 0.821464, 0.564651, -0.079794, 0.0, 0.0, 0.0, 0.0, 1.0],
                [-0.062187, -0.158179, -0.98545, -0.0, -0.290933, 0.947355, -0.133704, 0.3, 0.95472, 0.278385, -0.104933, 0.0, 0.0, 0.0, 0.0, 1.0],
                [-0.106387, -0.144114, -0.983826, 0.0, -0.278682, 0.954106, -0.109625, 0.3, 0.954473, 0.262512, -0.141666, -0.0, 0.0, 0.0, 0.0, 1.0],
                [-0.249163, -0.396702, 0.883485, -0.0, -0.034112, 0.915285, 0.401361, 0.3, -0.967861, 0.069867, -0.241588, -0.0, 0.0, 0.0, 0.0, 1.0],
                [-0.249163, -0.396702, 0.883485, -0.0, -0.034112, 0.915285, 0.401361, 0.3, -0.967861, 0.069867, -0.241588, 0.0, 0.0, 0.0, 0.0, 1.0]
            ]
        },
        {
            "name": "Tool_R",
            "time": [0.0, 0.1667, 0.2667, 0.4, 0.4667, 0.8667, 1.0333, 1.1667, 1.4333, 1.6333],
            "transform": [
                [-0.085491, 0.746956, 0.659354, 0.0, 0.045579, 0.664015, -0.746328, 0.272858, -0.995296, -0.033752, -0.090813, 0.0, 0.0, 0.0, 0.0, 1.0],
                [-0.366443, -0.852609, 0.372529, 0.0, -0.091881, 0.431582, 0.897382, 0.272858, -0.925893, 0.294611, -0.236489, 0.0, 0.0, 0.0, 0.0, 1.0],
                [-0.369179, -0.880115, 0.298505, 0.0, -0.108347, 0.359763, 0.926732, 0.272858, -0.923021, 0.309788, -0.228175, -0.0, 0.0, 0.0, 0.0, 1.0],
                [0.01965, 0.155626, 0.987621, 0.0, 0.082443, 0.984195, -0.156726, 0.272858, -0.996402, 0.084502, 0.00651, 0.0, 0.0, 0.0, 0.0, 1.0],
                [-0.011656, 0.299427, 0.954048, -0.0, 0.010495, 0.954097, -0.299314, 0.272858, -0.999877, 0.006524, -0.014264, -0.0, 0.0, 0.0, 0.0, 1.0],
                [-0.037013, 0.308096, 0.950635, 0.0, 0.0112, 0.951355, -0.307894, 0.272858, -0.999252, -0.000749, -0.038663, -0.0, 0.0, 0.0, 0.0, 1.0],
                [0.096223, -0.96185, -0.256097, 0.0, 0.096625, -0.247049, 0.964174, 0.272858, -0.990659, -0.117521, 0.069167, 0.0, 0.0, 0.0, 0.0, 1.0],
                [0.060942, -0.927749, -0.368196, 0.0, 0.16049, -0.354974, 0.920998, 0.272858, -0.985155, -0.115219, 0.127262, 0.0, 0.0, 0.0, 0.0, 1.0],
                [0.090675, -0.341958, 0.935331, 0.0, -0.234043, -0.920212, -0.313742, 0.272858, 0.967989, -0.190459, -0.163473, -0.0, 0.0, 0.0, 0.0, 1.0],
                [0.090675, -0.341958, 0.935331, 0.0, -0.234043, -0.920212, -0.313742, 0.272858, 0.967989, -0.190459, -0.163473, 0.0, 0.0, 0.0, 0.0, 1.0]
            ]
        },
        {
            "name": "Elbow_R",
            "time": [0.0, 0.1667, 0.2667, 0.4, 0.4667, 0.8667, 1.0333, 1.1667, 1.4333, 1.6333],
            "transform": [
                [-1.0, 0.0, -0.0, 0.000299, 0.0, 0.0, -1.0, 0.331034, -0.0, -1.0, -0.0, 8.7e-05, 0.0, 0.0, 0.0, 1.0],
                [-1.0, 0.0, -0.0, 0.000299, 0.0, 0.0, -1.0, 0.331034, -0.0, -1.0, -0.0, 8.7e-05, 0.0, 0.0, 0.0, 1.0],
                [-1.0, 0.0, -0.0, 0.000299, 0.0, 0.0, -1.0, 0.331034, -0.0, -1.0, -0.0, 8.7e-05, 0.0, 0.0, 0.0, 1.0],
                [-1.0, 0.0, -0.0, 0.000299, -0.0, -0.0, -1.0, 0.331034, -0.0, -1.0, -0.0, 8.8e-05, 0.0, 0.0, 0.0, 1.0],
                [-1.0, 0.0, -0.0, 0.000299, 0.0, 0.0, -1.0, 0.331034, -0.0, -1.0, -0.0, 8.8e-05, 0.0, 0.0, 0.0, 1.0],
                [-1.0, 0.0, -0.0, 0.000299, 0.0, -0.0, -1.0, 0.331034, -0.0, -1.0, -0.0, 8.7e-05, 0.0, 0.0, 0.0, 1.0],
                [-1.0, 0.0, -0.0, 0.000299, 0.0, 0.0, -1.0, 0.331034, -0.0, -1.0, -0.0, 8.8e-05, 0.0, 0.0, 0.0, 1.0],
                [-1.0, 0.0, -0.0, 0.000299, 0.0, 0.0, -1.0, 0.331035, -0.0, -1.0, -0.0, 8.7e-05, 0.0, 0.0, 0.0, 1.0],
                [-1.0, 0.0, -0.0, 0.000298, 0.0, -0.0, -1.0, 0.331034, -0.0, -1.0, -0.0, 8.7e-05, 0.0, 0.0, 0.0, 1.0],
                [-1.0, 0.0, -0.0, 0.000299, 0.0, 0.0, -1.0, 0.331034, -0.0, -1.0, -0.0, 8.7e-05, 0.0, 0.0, 0.0, 1.0]
            ]
        },
        {
            "name": "Shoulder_L",
            "time": [0.0, 0.1667, 0.2667, 0.4, 0.4667, 0.8667, 1.0333, 1.1667, 1.4333, 1.6333],
            "transform": [
                [0.532773, -0.791817, -0.298629, 0.0, 0.167171, -0.247454, 0.954369, 0.4, -0.829583, -0.558384, 0.000533, -0.0, 0.0, 0.0, 0.0, 1.0],
                [0.723189, -0.340181, -0.60106, 0.0, 0.621385, -0.059382, 0.781252, 0.4, -0.30146, -0.938483, 0.168439, 0.0, 0.0, 0.0, 0.0, 1.0],
                [0.718936, -0.314239, -0.619988, 0.0, 0.639954, -0.048867, 0.766858, 0.4, -0.271274, -0.948085, 0.165966, -0.0, 0.0, 0.0, 0.0, 1.0],
                [0.553111, -0.695954, -0.457948, -0.0, 0.157259, -0.452587, 0.877744, 0.4, -0.818131, -0.557506, -0.140886, -0.0, 0.0, 0.0, 0.0, 1.0],
                [0.549842, -0.704795, -0.448261, -0.0, 0.119297, -0.464901, 0.877288, 0.4, -0.826706, -0.535846, -0.171542, -0.0, 0.0, 0.0, 0.0, 1.0],
                [0.549707, -0.705257, -0.447699, 0.0, 0.117615, -0.465255, 0.877328, 0.4, -0.827037, -0.534929, -0.172805, 0.0, 0.0, 0.0, 0.0, 1.0],
                [0.579023, -0.803081, -0.140684, 0.0, 0.306915, 0.054838, 0.950155, 0.4, -0.755338, -0.59334, 0.27823, -1e-06, 0.0, 0.0, 0.0, 1.0],
                [0.576822, -0.804802, -0.139893, 0.0, 0.302615, 0.051461, 0.951722, 0.4, -0.758749, -0.591308, 0.273229, -0.0, 0.0, 0.0, 0.0, 1.0],
                [0.418435, -0.900207, -0.12058, 0.0, -0.007122, -0.136009, 0.990682, 0.4, -0.908219, -0.413677, -0.063322, 0.0, 0.0, 0.0, 0.0, 1.0],
                [0.418435, -0.900207, -0.12058, -0.0, -0.007122, -0.136009, 0.990682, 0.4, -0.908219, -0.413677, -0.063322, 0.0, 0.0, 0.0, 0.0, 1.0]
            ]
        },
        {
            "name": "Arm_L",
            "time": [0.0, 0.1667, 0.2667, 0.4, 0.4667, 0.8667, 1.0333, 1.1667, 1.4333, 1.6333],
            "transform": [
                [-0.506061, 0.595338, 0.62408, -0.0, -0.822777, -0.116165, -0.556367, 0.39386, -0.258731, -0.795034, 0.548616, -0.0, 0.0, 0.0, 0.0, 1.0],
                [-0.282913, 0.713423, 0.641083, 0.0, -0.867398, 0.094967, -0.48847, 0.39386, -0.409368, -0.694268, 0.591954, -0.0, 0.0, 0.0, 0.0, 1.0],
                [-0.271618, 0.717537, 0.641377, 0.0, -0.86799, 0.105223, -0.485305, 0.39386, -0.415712, -0.688527, 0.594234, 0.0, 0.0, 0.0, 0.0, 1.0],
                [-0.486796, 0.6087, 0.62651, -0.0, -0.829459, -0.097206, -0.550044, 0.39386, -0.273911, -0.787423, 0.552211, 0.0, 0.0, 0.0, 0.0, 1.0],
                [-0.499595, 0.597481, 0.627233, -0.0, -0.826995, -0.113443, -0.550645, 0.39386, -0.257845, -0.793818, 0.550789, 0.0, 0.0, 0.0, 0.0, 1.0],
                [-0.50606, 0.595338, 0.62408, 0.0, -0.822777, -0.116165, -0.556367, 0.39386, -0.258731, -0.795034, 0.548616, 0.0, 0.0, 0.0, 0.0, 1.0],
                [-0.013113, 0.99948, 0.029437, 0.0, 0.368252, 0.032197, -0.929168, 0.393861, -0.929633, -0.001344, -0.368483, -0.0, 0.0, 0.0, 0.0, 1.0],
                [-0.022119, 0.999305, 0.029991, 0.0, 0.348253, 0.03582, -0.936716, 0.39386, -0.93714, -0.010274, -0.348803, 0.0, 0.0, 0.0, 0.0, 1.0],
                [-0.093472, 0.688088, 0.719582, 0.0, -0.876119, -0.400169, 0.268849, 0.39386, 0.472946, -0.60531, 0.640252, 0.0, 0.0, 0.0, 0.0, 1.0],
                [0.063262, 0.589844, 0.805035, -0.0, -0.812374, -0.438114, 0.384843, 0.39386, 0.579695, -0.678336, 0.451458, 0.0, 0.0, 0.0, 0.0, 1.0]
            ]
        },
        {
            "name": "Hand_L",
            "time": [0.0, 0.1667, 0.2667, 0.4, 0.4667, 0.8667, 1.0333, 1.1667, 1.4333, 1.6333],
            "transform": [
                [0.999997, 0.000597, -0.002287, 0.0, -0.001293, 0.948198, -0.317677, 0.3, 0.001978, 0.31768, 0.948196, -0.0, 0.0, 0.0, 0.0, 1.0],
                [0.94814, 0.313397, 0.053038, 0.0, -0.272128, 0.886589, -0.374041, 0.3, -0.164246, 0.34021, 0.925894, -0.0, 0.0, 0.0, 0.0, 1.0],
                [0.922141, 0.38173, 0.062751, -0.0, -0.329702, 0.860354, -0.388699, 0.3, -0.202366, 0.337746, 0.919225, 0.0, 0.0, 0.0, 0.0, 1.0],
                [0.802205, 0.590831, 0.085939, 0.0, -0.501498, 0.744913, -0.440006, 0.3, -0.323986, 0.309877, 0.893873, -0.0, 0.0, 0.0, 0.0, 1.0],
                [0.788906, 0.608223, 0.087708, -0.0, -0.515675, 0.732867, -0.443831, 0.3, -0.334226, 0.304912, 0.891808, 0.0, 0.0, 0.0, 0.0, 1.0],
                [0.788393, 0.608933, 0.087392, 0.0, -0.515998, 0.731933, -0.444995, 0.3, -0.334937, 0.305737, 0.891259, -0.0, 0.0, 0.0, 0.0, 1.0],
                [0.99072, 0.053601, 0.124905, 0.0, 0.036552, 0.780037, -0.624665, 0.3, -0.130913, 0.623434, 0.770839, -0.0, 0.0, 0.0, 0.0, 1.0],
                [0.989708, 0.05836, 0.130665, 0.0, 0.035389, 0.784896, -0.618616, 0.3, -0.13866, 0.616873, 0.774752, -0.0, 0.0, 0.0, 0.0, 1.0],
                [0.799749, 0.265523, 0.538423, 0.0, -0.134808, 0.953397, -0.269929, 0.3, -0.585003, 0.143292, 0.798272, -0.0, 0.0, 0.0, 0.0, 1.0],
                [0.799749, 0.265523, 0.538423, 0.0, -0.134808, 0.953397, -0.269929, 0.3, -0.585003, 0.143292, 0.798272, -0.0, 0.0, 0.0, 0.0, 1.0]
            ]
        },
        {
            "name": "Tool_L",
            "time": [0.0, 0.1667, 0.2667, 0.4, 0.4667, 0.8667, 1.0333, 1.1667, 1.4333, 1.6333],
            "transform": [
                [1.0, -0.0, 0.0, -0.0, -0.0, -0.999836, 0.018122, 0.272858, 0.0, -0.018122, -0.999836, -0.0, 0.0, 0.0, 0.0, 1.0],
                [1.0, -0.0, 0.0, 0.0, -0.0, -0.999836, 0.018122, 0.272858, 0.0, -0.018122, -0.999836, -0.0, 0.0, 0.0, 0.0, 1.0],
                [1.0, -0.0, 0.0, 0.0, -0.0, -0.999836, 0.018122, 0.272858, 0.0, -0.018122, -0.999836, -0.0, 0.0, 0.0, 0.0, 1.0],
                [1.0, -0.0, 0.0, -0.0, -0.0, -0.999836, 0.018122, 0.272858, 0.0, -0.018122, -0.999836, 0.0, 0.0, 0.0, 0.0, 1.0],
                [1.0, -0.0, 0.0, 0.0, -0.0, -0.999836, 0.018122, 0.272858, 0.0, -0.018122, -0.999836, -0.0, 0.0, 0.0, 0.0, 1.0],
                [1.0, -0.0, 0.0, 0.0, -0.0, -0.999836, 0.018122, 0.272858, 0.0, -0.018122, -0.999836, 0.0, 0.0, 0.0, 0.0, 1.0],
                [1.0, -0.0, 0.0, -0.0, -0.0, -0.999836, 0.018122, 0.272858, 0.0, -0.018122, -0.999836, 0.0, 0.0, 0.0, 0.0, 1.0],
                [1.0, -0.0, 0.0, 0.0, -0.0, -0.999836, 0.018122, 0.272858, 0.0, -0.018122, -0.999836, -0.0, 0.0, 0.0, 0.0, 1.0],
                [1.0, -0.0, 0.0, -0.0, -0.0, -0.999835, 0.018122, 0.272858, 0.0, -0.018122, -0.999836, 0.0, 0.0, 0.0, 0.0, 1.0],
                [1.0, -0.0, 0.0, 0.0, -0.0, -0.999836, 0.018122, 0.272858, 0.0, -0.018122, -0.999836, 0.0, 0.0, 0.0, 0.0, 1.0]
            ]
        },
        {
            "name": "Elbow_L",
            "time": [0.0, 0.1667, 0.2667, 0.4, 0.4667, 0.8667, 1.0333, 1.1667, 1.4333, 1.6333],
            "transform": [
                [-1.0, 0.0, -0.0, 0.000305, 0.0, 0.0, -1.0, 0.379749, -0.0, -1.0, -0.0, 0.000378, 0.0, 0.0, 0.0, 1.0],
                [-1.0, 0.0, -0.0, 0.000305, -0.0, -0.0, -1.0, 0.379749, -0.0, -1.0, 0.0, 0.000378, 0.0, 0.0, 0.0, 1.0],
                [-1.0, 0.0, -0.0, 0.000305, 0.0, -0.0, -1.0, 0.379749, -0.0, -1.0, 0.0, 0.000378, 0.0, 0.0, 0.0, 1.0],
                [-1.0, 0.0, -0.0, 0.000305, 0.0, -0.0, -1.0, 0.379749, -0.0, -1.0, 0.0, 0.000378, 0.0, 0.0, 0.0, 1.0],
                [-1.0, 0.0, -0.0, 0.000305, 0.0, -0.0, -1.0, 0.379749, -0.0, -1.0, 0.0, 0.000378, 0.0, 0.0, 0.0, 1.0],
                [-1.0, 0.0, -0.0, 0.000305, 0.0, -0.0, -1.0, 0.379749, -0.0, -1.0, 0.0, 0.000378, 0.0, 0.0, 0.0, 1.0],
                [-1.0, 0.0, -0.0, 0.000305, 0.0, -0.0, -1.0, 0.379749, -0.0, -1.0, -0.0, 0.000378, 0.0, 0.0, 0.0, 1.0],
                [-1.0, 0.0, -0.0, 0.000305, 0.0, -0.0, -1.0, 0.379749, -0.0, -1.0, -0.0, 0.000378, 0.0, 0.0, 0.0, 1.0],
                [-1.0, 0.0, -0.0, 0.000305, 0.0, -0.0, -1.0, 0.379749, -0.0, -1.0, 0.0, 0.000378, 0.0, 0.0, 0.0, 1.0],
                [-1.0, 0.0, -0.0, 0.000305, 0.0, -0.0, -1.0, 0.379749, -0.0, -1.0, 0.0, 0.000378, 0.0, 0.0, 0.0, 1.0]
            ]
        }
    ]
}